# load avg(tp, lat, bwr, bww, cpu, tps, brps, bwps), sd(...), ci(...)
1 1 415.441660863 60.997829317 965497.391129 756475.012173 2.99981132075 270.386792453 0.0 2163.62264151 1 0.0 0.0 0.0 0.0 0.0 0.0 0.0 0.0 1 0.0 0.0 0.0 0.0 0.0 0.0 0.0 0.0 
2 2 751.561195563 69.2981631545 1739351.13748 1358640.30977 3.34047169811 346.349056604 0.0 2772.60377358 2 0.0 0.0 0.0 0.0 0.0 0.0 0.0 0.0 2 0.0 0.0 0.0 0.0 0.0 0.0 0.0 0.0 
3 3 1092.34938432 73.4670655891 2474476.45996 1935091.66482 3.92357142857 432.035714286 0.0 3456.71428571 3 0.0 0.0 0.0 0.0 0.0 0.0 0.0 0.0 3 0.0 0.0 0.0 0.0 0.0 0.0 0.0 0.0 
4 4 1387.07443018 78.4122738585 3140471.18248 2447424.14738 4.13741071429 505.4925 0.0 4044.15419643 4 0.0 0.0 0.0 0.0 0.0 0.0 0.0 0.0 4 0.0 0.0 0.0 0.0 0.0 0.0 0.0 0.0 
5 5 1753.41874118 78.6171064277 4060670.46544 3160113.57996 4.3141509434 605.154961565 0.0 4844.25995807 5 0.0 0.0 0.0 0.0 0.0 0.0 0.0 0.0 5 0.0 0.0 0.0 0.0 0.0 0.0 0.0 0.0 
7 7 2750.14742088 66.5945411215 6296001.19634 4910789.92138 5.31735849057 729.403301887 0.0 7051.50216981 7 0.0 0.0 0.0 0.0 0.0 0.0 0.0 0.0 7 0.0 0.0 0.0 0.0 0.0 0.0 0.0 0.0 
9 9 3501.02735627 66.7986118082 7999387.07938 6239868.53526 6.07490566038 726.849056604 0.0 8604.0754717 9 0.0 0.0 0.0 0.0 0.0 0.0 0.0 0.0 9 0.0 0.0 0.0 0.0 0.0 0.0 0.0 0.0 
11 11 10190.1645424 43.4916104521 23282860.9457 18138038.1459 14.2276415094 1943.78301887 0.0 24110.6415094 11 0.0 0.0 0.0 0.0 0.0 0.0 0.0 0.0 11 0.0 0.0 0.0 0.0 0.0 0.0 0.0 0.0 
14 14 10088.8453824 48.1051657026 23108370.2504 18011019.812 14.1232075472 1920.0259434 0.0 23897.1918868 14 0.0 0.0 0.0 0.0 0.0 0.0 0.0 0.0 14 0.0 0.0 0.0 0.0 0.0 0.0 0.0 0.0 
17 17 10143.1008898 49.8669200332 23255068.736 18120036.5953 14.2433962264 1922.29745283 0.0 24044.0859434 17 0.0 0.0 0.0 0.0 0.0 0.0 0.0 0.0 17 0.0 0.0 0.0 0.0 0.0 0.0 0.0 0.0 
18 18 10128.3227075 49.9709781658 22670401.8146 17654827.5046 14.6782142857 1905.70116071 0.0 23813.1888393 18 0.0 0.0 0.0 0.0 0.0 0.0 0.0 0.0 18 0.0 0.0 0.0 0.0 0.0 0.0 0.0 0.0 
19 19 16079.5980093 41.0182729206 36051430.2199 28074823.3443 22.7782142857 3028.66803571 0.0 37638.8769643 19 0.0 0.0 0.0 0.0 0.0 0.0 0.0 0.0 19 0.0 0.0 0.0 0.0 0.0 0.0 0.0 0.0 
20 20 16568.2772892 44.1623073159 37854267.0971 29532077.2229 23.3858490566 3146.51886792 0.0 39068.1509434 20 0.0 0.0 0.0 0.0 0.0 0.0 0.0 0.0 20 0.0 0.0 0.0 0.0 0.0 0.0 0.0 0.0 
21 21 16560.0407981 45.5077300427 38074797.4836 29661037.7406 23.6067924528 3140.87735849 0.0 38980.9056604 21 0.0 0.0 0.0 0.0 0.0 0.0 0.0 0.0 21 0.0 0.0 0.0 0.0 0.0 0.0 0.0 0.0 
26 26 16847.8488118 48.2848973943 38477460.7384 30032396.5212 22.9558490566 3195.38198113 0.0 39618.9022642 26 0.0 0.0 0.0 0.0 0.0 0.0 0.0 0.0 26 0.0 0.0 0.0 0.0 0.0 0.0 0.0 0.0 
32 32 18115.994769 55.2941878955 40694094.8603 31715642.874 25.12625 3387.48294643 0.0 42314.4342857 32 0.0 0.0 0.0 0.0 0.0 0.0 0.0 0.0 32 0.0 0.0 0.0 0.0 0.0 0.0 0.0 0.0 
39 39 17808.5580132 66.8155525729 41080634.5867 32010665.1022 24.8228301887 3355.33018868 0.0 42004.4528302 39 0.0 0.0 0.0 0.0 0.0 0.0 0.0 0.0 39 0.0 0.0 0.0 0.0 0.0 0.0 0.0 0.0 
47 47 18065.34568 73.6663280805 41847132.3735 32709873.8425 24.3579245283 3394.90056604 0.0 42582.4741509 47 0.0 0.0 0.0 0.0 0.0 0.0 0.0 0.0 47 0.0 0.0 0.0 0.0 0.0 0.0 0.0 0.0 
57 57 18219.6076067 86.6673220853 42023167.4838 32679182.6304 24.6690566038 3419.76981132 0.0 42837.6081132 57 0.0 0.0 0.0 0.0 0.0 0.0 0.0 0.0 57 0.0 0.0 0.0 0.0 0.0 0.0 0.0 0.0 
69 69 18234.8965671 101.721793974 42115608.6995 32786863.2101 25.0983962264 3421.38679245 0.0 42798.1886792 69 0.0 0.0 0.0 0.0 0.0 0.0 0.0 0.0 69 0.0 0.0 0.0 0.0 0.0 0.0 0.0 0.0 
83 83 18245.1765747 118.413986498 42405850.1556 32997434.5955 24.8814423077 3445.72641509 0.0 43267.3207547 83 0.0 0.0 0.0 0.0 0.0 0.0 0.0 0.0 83 0.0 0.0 0.0 0.0 0.0 0.0 0.0 0.0 
100 100 18266.0735106 140.265854326 41820060.4317 32669535.7041 25.4025471698 3420.81132075 0.0 42907.9245283 100 0.0 0.0 0.0 0.0 0.0 0.0 0.0 0.0 100 0.0 0.0 0.0 0.0 0.0 0.0 0.0 0.0 
