15755219 0 1000
16371179 1 1000
16847333 2 1000
17005700 3 1000
17183442 4 1000
17253038 5 1000
17376433 6 1000
17398288 7 1000
17452687 8 1000
17532278 9 1000
17564607 10 1000
17611500 11 1000
17673702 12 1000
17748147 13 1000
17810583 14 1000
17866308 15 1000
17946287 16 1000
17981363 17 1000
18013703 18 1000
18045760 19 1000
18079577 20 1000
18119179 21 1000
18170860 22 1000
18216845 23 1000
18263042 24 1000
18290441 25 1000
18319362 26 1000
18355933 27 1000
18392389 28 1000
18444271 29 1000
18478451 30 1000
18495345 31 1000
18529087 32 1000
18578796 33 1000
18627367 34 1000
18711147 35 1000
18753698 36 1000
18819483 37 1000
18855413 38 1000
18913233 39 1000
18948965 40 1000
19028273 41 1000
19089902 42 1000
19166606 43 1000
19195239 44 1000
19266042 45 1000
19301899 46 1000
19414265 47 1000
19470547 48 1000
19546945 49 1000
19593898 50 1000
19663212 51 1000
19696041 52 1000
19711713 53 1000
19743146 54 1000
19783187 55 1000
19807315 56 1000
19833345 57 1000
19871890 58 1000
19929956 59 1000
19968982 60 1000
20011721 61 1000
20029092 62 1000
20070624 63 1000
20127736 64 1000
20154443 65 1000
20182735 66 1000
20201147 67 1000
20237221 68 1000
20263216 69 1000
20274987 70 1000
20291716 71 1000
20305311 72 1000
20317908 73 1000
20335545 74 1000
20375246 75 1000
20403125 76 1000
20424808 77 1000
20451086 78 1000
20475345 79 1000
20507546 80 1000
20519657 81 1000
20544189 82 1000
20584865 83 1000
20603797 84 1000
20628554 85 1000
20644345 86 1000
20663589 87 1000
20678504 88 1000
20708204 89 1000
20731393 90 1000
20749950 91 1000
20765183 92 1000
20784154 93 1000
20802137 94 1000
20817509 95 1000
20849022 96 1000
20857626 97 1000
20874451 98 1000
20918686 99 1000
20946152 100 1000
20955585 101 1000
20983199 102 1000
21006674 103 1000
21037812 104 1000
21057286 105 1000
21076754 106 1000
21099348 107 1000
21117926 108 1000
21143497 109 1000
21158546 110 1000
21168847 111 1000
21189907 112 1000
21205475 113 1000
21229197 114 1000
21250279 115 1000
21266689 116 1000
21290894 117 1000
21323051 118 1000
21339765 119 1000
21356853 120 1000
21381532 121 1000
21396102 122 1000
21406166 123 1000
21425510 124 1000
21437012 125 1000
21456630 126 1000
21465596 127 1000
21496731 128 1000
21509980 129 1000
21527105 130 1000
21556605 131 1000
21571379 132 1000
21589506 133 1000
21613141 134 1000
21629703 135 1000
21654370 136 1000
21664354 137 1000
21675162 138 1000
21686682 139 1000
21711155 140 1000
21726221 141 1000
21744250 142 1000
21761102 143 1000
21780580 144 1000
21793140 145 1000
21804527 146 1000
21841793 147 1000
21862858 148 1000
21918451 149 1000
21943694 150 1000
21961771 151 1000
22001457 152 1000
22034313 153 1000
22062122 154 1000
22092945 155 1000
22124372 156 1000
22154717 157 1000
22195891 158 1000
22230564 159 1000
22245258 160 1000
22261104 161 1000
22278665 162 1000
22299182 163 1000
22311130 164 1000
22329757 165 1000
22349705 166 1000
22383542 167 1000
22425575 168 1000
22457853 169 1000
22478818 170 1000
22537865 171 1000
22558360 172 1000
22597253 173 1000
22629345 174 1000
22648419 175 1000
22675592 176 1000
22696450 177 1000
22710566 178 1000
22732821 179 1000
22756827 180 1000
22785961 181 1000
22830966 182 1000
22837276 183 1000
22865293 184 1000
22879172 185 1000
22910689 186 1000
22934907 187 1000
22956431 188 1000
22981299 189 1000
22992233 190 1000
23009079 191 1000
23025603 192 1000
23037251 193 1000
23051618 194 1000
23073372 195 1000
23107518 196 1000
23139108 197 1000
23159482 198 1000
23187103 199 1000
23217777 200 1000
23248281 201 1000
23267452 202 1000
23284645 203 1000
23303613 204 1000
23329661 205 1000
23357227 206 1000
23367120 207 1000
23382716 208 1000
23405148 209 1000
23418250 210 1000
23436771 211 1000
23451177 212 1000
23469546 213 1000
23495698 214 1000
23527064 215 1000
23546254 216 1000
23561339 217 1000
23584914 218 1000
23602825 219 1000
23620857 220 1000
23639493 221 1000
23653703 222 1000
23670708 223 1000
23686573 224 1000
23704442 225 1000
23721043 226 1000
23735124 227 1000
23749821 228 1000
23763544 229 1000
23776673 230 1000
23783254 231 1000
23794513 232 1000
23803234 233 1000
23816571 234 1000
23850158 235 1000
23871206 236 1000
23879568 237 1000
23912305 238 1000
23935736 239 1000
23949855 240 1000
23972471 241 1000
23990030 242 1000
24011661 243 1000
24032191 244 1000
24063010 245 1000
24077183 246 1000
24088227 247 1000
24106331 248 1000
24121722 249 1000
24152497 250 1000
24182730 251 1000
24195725 252 1000
24216128 253 1000
24230570 254 1000
24259162 255 1000
24289110 256 1000
24313190 257 1000
24350057 258 1000
24378292 259 1000
24389504 260 1000
24407010 261 1000
24415797 262 1000
24422558 263 1000
24441762 264 1000
24456637 265 1000
24470767 266 1000
24483270 267 1000
24499445 268 1000
24514692 269 1000
24527092 270 1000
24552308 271 1000
24558232 272 1000
24569242 273 1000
24582428 274 1000
24606419 275 1000
24623973 276 1000
24649704 277 1000
24660689 278 1000
24677253 279 1000
24695644 280 1000
24706619 281 1000
24719242 282 1000
24753205 283 1000
24775820 284 1000
24794839 285 1000
24835455 286 1000
24853372 287 1000
24874263 288 1000
24890888 289 1000
24902008 290 1000
24924071 291 1000
24940447 292 1000
24975463 293 1000
25003638 294 1000
25030660 295 1000
25048401 296 1000
25066176 297 1000
25092616 298 1000
25109485 299 1000
25132900 300 1000
25138527 301 1000
25162859 302 1000
25183027 303 1000
25198189 304 1000
25227689 305 1000
25251345 306 1000
25267765 307 1000
25286353 308 1000
25308268 309 1000
25328262 310 1000
25347874 311 1000
25363248 312 1000
25383508 313 1000
25389150 314 1000
25403882 315 1000
25422970 316 1000
25441767 317 1000
25466614 318 1000
25485542 319 1000
25502748 320 1000
25515512 321 1000
25538210 322 1000
25557744 323 1000
25577139 324 1000
25587072 325 1000
25614288 326 1000
25634953 327 1000
25666186 328 1000
25682613 329 1000
25689375 330 1000
25701165 331 1000
25727806 332 1000
25738958 333 1000
25755522 334 1000
25772839 335 1000
25782201 336 1000
25811988 337 1000
25836025 338 1000
25851070 339 1000
25864298 340 1000
25889752 341 1000
25910693 342 1000
25921685 343 1000
25929826 344 1000
25946474 345 1000
25968201 346 1000
25986545 347 1000
25998298 348 1000
26018469 349 1000
26034072 350 1000
26053939 351 1000
26059913 352 1000
26078444 353 1000
26096703 354 1000
26108987 355 1000
26122317 356 1000
26139120 357 1000
26155957 358 1000
26165531 359 1000
26180382 360 1000
26197154 361 1000
26204164 362 1000
26211626 363 1000
26228872 364 1000
26241597 365 1000
26259516 366 1000
26271142 367 1000
26281680 368 1000
26306216 369 1000
26321674 370 1000
26343881 371 1000
26367523 372 1000
26404631 373 1000
26439711 374 1000
26454892 375 1000
26473017 376 1000
26497810 377 1000
26514160 378 1000
26528400 379 1000
26549223 380 1000
26564884 381 1000
26582055 382 1000
26604616 383 1000
26616724 384 1000
26633756 385 1000
26655651 386 1000
26672593 387 1000
26693843 388 1000
26711023 389 1000
26726254 390 1000
26738136 391 1000
26759631 392 1000
26781945 393 1000
26796019 394 1000
26821202 395 1000
26841430 396 1000
26857289 397 1000
26872077 398 1000
26886536 399 1000
26895179 400 1000
26906712 401 1000
26928795 402 1000
26949516 403 1000
26964234 404 1000
26992336 405 1000
27002546 406 1000
27021021 407 1000
27036752 408 1000
27050610 409 1000
27069967 410 1000
27079438 411 1000
27097932 412 1000
27113252 413 1000
27131713 414 1000
27148476 415 1000
27168014 416 1000
27197685 417 1000
27216943 418 1000
27232954 419 1000
27255132 420 1000
27279827 421 1000
27290775 422 1000
27320248 423 1000
27347052 424 1000
27359617 425 1000
27374618 426 1000
27383071 427 1000
27399148 428 1000
27413417 429 1000
27425872 430 1000
27440303 431 1000
27454290 432 1000
27475017 433 1000
27493618 434 1000
27501716 435 1000
27514449 436 1000
27533298 437 1000
27549478 438 1000
27566544 439 1000
27576955 440 1000
27593779 441 1000
27606403 442 1000
27629542 443 1000
27652192 444 1000
27676533 445 1000
27694508 446 1000
27716920 447 1000
27726883 448 1000
27742615 449 1000
27759174 450 1000
27770789 451 1000
27781007 452 1000
27795803 453 1000
27808283 454 1000
27820327 455 1000
27838478 456 1000
27857100 457 1000
27874645 458 1000
27895700 459 1000
27900944 460 1000
27909613 461 1000
27921705 462 1000
27932256 463 1000
27948579 464 1000
27959578 465 1000
27970304 466 1000
27988787 467 1000
28006879 468 1000
28035455 469 1000
28048935 470 1000
28080902 471 1000
28099789 472 1000
28124471 473 1000
28142591 474 1000
28170542 475 1000
28192618 476 1000
28210481 477 1000
28242197 478 1000
28267848 479 1000
28278994 480 1000
28298630 481 1000
28315814 482 1000
28336506 483 1000
28361106 484 1000
28374774 485 1000
28402752 486 1000
28424398 487 1000
28457244 488 1000
28506472 489 1000
28539052 490 1000
28566576 491 1000
28602555 492 1000
28621670 493 1000
28640540 494 1000
28663840 495 1000
28685464 496 1000
28717727 497 1000
28763167 498 1000
28787006 499 1000
28810261 500 1000
28819939 501 1000
28837867 502 1000
28873373 503 1000
28908644 504 1000
28942482 505 1000
28975448 506 1000
29001946 507 1000
29034764 508 1000
29046597 509 1000
29060580 510 1000
29098733 511 1000
29121530 512 1000
29137749 513 1000
29154509 514 1000
29190663 515 1000
29218056 516 1000
29241350 517 1000
29252633 518 1000
29271245 519 1000
29285353 520 1000
29310729 521 1000
29352633 522 1000
29367771 523 1000
29390195 524 1000
29416254 525 1000
29463371 526 1000
29498236 527 1000
29511237 528 1000
29527534 529 1000
29567716 530 1000
29601044 531 1000
29617778 532 1000
29638154 533 1000
29647988 534 1000
29673177 535 1000
29694319 536 1000
29726406 537 1000
29750444 538 1000
29773542 539 1000
29804335 540 1000
29824175 541 1000
29837966 542 1000
29863373 543 1000
29884694 544 1000
29905065 545 1000
29919541 546 1000
29930244 547 1000
29947427 548 1000
29972244 549 1000
30008437 550 1000
30027988 551 1000
30054862 552 1000
30088272 553 1000
30104020 554 1000
30127162 555 1000
30140673 556 1000
30156224 557 1000
30174866 558 1000
30198951 559 1000
30222011 560 1000
30229122 561 1000
30249699 562 1000
30268309 563 1000
30280675 564 1000
30296165 565 1000
30310050 566 1000
30329751 567 1000
30347329 568 1000
30360168 569 1000
30379324 570 1000
30391115 571 1000
30406998 572 1000
30423080 573 1000
30432108 574 1000
30446676 575 1000
30470940 576 1000
30485473 577 1000
30499994 578 1000
30511703 579 1000
30542777 580 1000
30564017 581 1000
30571019 582 1000
30580408 583 1000
30603511 584 1000
30624931 585 1000
30644898 586 1000
30658578 587 1000
30669428 588 1000
30681536 589 1000
30692187 590 1000
30705807 591 1000
30725593 592 1000
30735740 593 1000
30748488 594 1000
30766857 595 1000
30778111 596 1000
30793363 597 1000
30819220 598 1000
30834582 599 1000
30858630 600 1000
30884031 601 1000
30908972 602 1000
30942332 603 1000
30952976 604 1000
30971235 605 1000
30999033 606 1000
31032090 607 1000
31053098 608 1000
31067643 609 1000
31085383 610 1000
31124782 611 1000
31149882 612 1000
31175234 613 1000
31200052 614 1000
31225461 615 1000
31239786 616 1000
31256570 617 1000
31283154 618 1000
31301307 619 1000
31319358 620 1000
31339646 621 1000
31361066 622 1000
31385377 623 1000
31410084 624 1000
31432627 625 1000
31454467 626 1000
31475318 627 1000
31494778 628 1000
31537945 629 1000
31550490 630 1000
31565166 631 1000
31593700 632 1000
31620797 633 1000
31640318 634 1000
31659738 635 1000
31696345 636 1000
31710914 637 1000
31742545 638 1000
31773015 639 1000
31788892 640 1000
31823873 641 1000
31846160 642 1000
31870913 643 1000
31908152 644 1000
31923357 645 1000
31951038 646 1000
31968502 647 1000
31987587 648 1000
32021232 649 1000
32030759 650 1000
32065923 651 1000
32083721 652 1000
32109745 653 1000
32122658 654 1000
32131962 655 1000
32169589 656 1000
32185011 657 1000
32201702 658 1000
32218010 659 1000
32253659 660 1000
32291878 661 1000
32321411 662 1000
32353462 663 1000
32371768 664 1000
32395842 665 1000
32432899 666 1000
32450717 667 1000
32473400 668 1000
32488481 669 1000
32515076 670 1000
32541573 671 1000
32573104 672 1000
32605492 673 1000
32624755 674 1000
32655601 675 1000
32697963 676 1000
32739932 677 1000
32764189 678 1000
32788379 679 1000
32812735 680 1000
32847004 681 1000
32867244 682 1000
32891975 683 1000
32916480 684 1000
32935447 685 1000
32964212 686 1000
32974849 687 1000
33013694 688 1000
33031839 689 1000
33053404 690 1000
33103009 691 1000
33139499 692 1000
33147610 693 1000
33170856 694 1000
33197845 695 1000
33220416 696 1000
33246150 697 1000
33291036 698 1000
33311919 699 1000
33365818 700 1000
33421905 701 1000
33465459 702 1000
33512028 703 1000
33535912 704 1000
33555693 705 1000
33571623 706 1000
33583654 707 1000
33602941 708 1000
33626512 709 1000
33645820 710 1000
33678693 711 1000
33739129 712 1000
33759048 713 1000
33792818 714 1000
33821183 715 1000
33850378 716 1000
33873223 717 1000
33889257 718 1000
33917161 719 1000
33969714 720 1000
34025605 721 1000
34044451 722 1000
34087116 723 1000
34117708 724 1000
34134927 725 1000
34187184 726 1000
34201785 727 1000
34226097 728 1000
34265777 729 1000
34307699 730 1000
34332865 731 1000
34374202 732 1000
34395748 733 1000
34429108 734 1000
34454527 735 1000
34486962 736 1000
34525659 737 1000
34550313 738 1000
34586809 739 1000
34614917 740 1000
34652094 741 1000
34694249 742 1000
34722966 743 1000
34736073 744 1000
34786856 745 1000
34819835 746 1000
34841778 747 1000
34897517 748 1000
34946630 749 1000
34992305 750 1000
35021567 751 1000
35050564 752 1000
35080344 753 1000
35098275 754 1000
35127225 755 1000
35148341 756 1000
35175950 757 1000
35201494 758 1000
35251190 759 1000
35272559 760 1000
35308361 761 1000
35342785 762 1000
35382531 763 1000
35418280 764 1000
35462583 765 1000
35517438 766 1000
35554862 767 1000
35609046 768 1000
35631234 769 1000
35670278 770 1000
35718733 771 1000
35755490 772 1000
35777627 773 1000
35799512 774 1000
35822418 775 1000
35852780 776 1000
35894533 777 1000
35924278 778 1000
35970924 779 1000
36009694 780 1000
36039621 781 1000
36067716 782 1000
36112345 783 1000
36140406 784 1000
36171289 785 1000
36188086 786 1000
36232688 787 1000
36283454 788 1000
36335536 789 1000
36365039 790 1000
36390616 791 1000
36423778 792 1000
36463181 793 1000
36525700 794 1000
36564584 795 1000
36602292 796 1000
36651689 797 1000
36714611 798 1000
36732291 799 1000
36761393 800 1000
36807856 801 1000
36872048 802 1000
36924185 803 1000
37029730 804 1000
37056985 805 1000
37092556 806 1000
37141416 807 1000
37175924 808 1000
37207144 809 1000
37251726 810 1000
37292147 811 1000
37324619 812 1000
37352779 813 1000
37410896 814 1000
37456022 815 1000
37488363 816 1000
37543652 817 1000
37574711 818 1000
37607709 819 1000
37634716 820 1000
37651318 821 1000
37696425 822 1000
37721293 823 1000
37751254 824 1000
37777081 825 1000
37805332 826 1000
37823615 827 1000
37851134 828 1000
37894767 829 1000
37936953 830 1000
37974057 831 1000
37999733 832 1000
38045560 833 1000
38096953 834 1000
38128406 835 1000
38153016 836 1000
38216338 837 1000
38294752 838 1000
38330719 839 1000
38383305 840 1000
38431322 841 1000
38458333 842 1000
38521329 843 1000
38575507 844 1000
38609681 845 1000
38645408 846 1000
38668446 847 1000
38733034 848 1000
38774200 849 1000
38824520 850 1000
38864011 851 1000
38914676 852 1000
38975723 853 1000
39019097 854 1000
39058330 855 1000
39111849 856 1000
39169709 857 1000
39195620 858 1000
39229481 859 1000
39287255 860 1000
39346649 861 1000
39394444 862 1000
39416145 863 1000
39459754 864 1000
39512814 865 1000
39564138 866 1000
39629282 867 1000
39693289 868 1000
39771484 869 1000
39832010 870 1000
39891320 871 1000
39924675 872 1000
39998598 873 1000
40042123 874 1000
40091734 875 1000
40170028 876 1000
40241611 877 1000
40286554 878 1000
40340100 879 1000
40386974 880 1000
40449698 881 1000
40498042 882 1000
40518727 883 1000
40568368 884 1000
40600904 885 1000
40637693 886 1000
40726353 887 1000
40777177 888 1000
40890561 889 1000
40957782 890 1000
41042720 891 1000
41085375 892 1000
41207894 893 1000
41242891 894 1000
41325042 895 1000
41392603 896 1000
41445228 897 1000
41546569 898 1000
41687588 899 1000
41788517 900 1000
41831784 901 1000
41955098 902 1000
42028725 903 1000
42154898 904 1000
42255822 905 1000
42349590 906 1000
42384128 907 1000
42425090 908 1000
42515243 909 1000
42655418 910 1000
42689728 911 1000
42814363 912 1000
42959557 913 1000
43113355 914 1000
43223857 915 1000
43350798 916 1000
43626718 917 1000
43765648 918 1000
43987180 919 1000
44090076 920 1000
44172922 921 1000
44302813 922 1000
44405864 923 1000
44560668 924 1000
44762363 925 1000
44867812 926 1000
44965338 927 1000
45055048 928 1000
45153528 929 1000
45224750 930 1000
45345768 931 1000
45455365 932 1000
45617626 933 1000
45765783 934 1000
45968003 935 1000
46222577 936 1000
46451422 937 1000
46662319 938 1000
46940127 939 1000
47324012 940 1000
47819676 941 1000
48204216 942 1000
48390517 943 1000
48734249 944 1000
49004893 945 1000
49180076 946 1000
49399133 947 1000
49603632 948 1000
49818629 949 1000
50030845 950 1000
50410438 951 1000
50587832 952 1000
50815122 953 1000
51121489 954 1000
51325995 955 1000
51607671 956 1000
52048320 957 1000
52304308 958 1000
52827119 959 1000
53056101 960 1000
53722725 961 1000
54390776 962 1000
55078283 963 1000
56451637 964 1000
57400302 965 1000
58950863 966 1000
59617240 967 1000
60306235 968 1000
61541592 969 1000
61828504 970 1000
63994889 971 1000
64864906 972 1000
68235335 973 1000
70663522 974 1000
73197565 975 1000
79813430 976 1000
80787835 977 1000
82909275 978 1000
85152342 979 1000
89524612 980 1000
91712158 981 1000
92118090 982 1000
92177214 983 1000
92886391 984 1000
97384155 985 1000
100200631 986 1000
101626796 987 1000
104295501 988 1000
106381737 989 1000
110642905 990 1000
112435860 991 1000
114325633 992 1000
115560480 993 1000
117719425 994 1000
130242029 995 1000
139537835 996 1000
139648937 997 1000
139807033 998 1000
145428468 999 1000
