# load avg(tp, lat, bwr, bww, cpu, tps, brps, bwps), sd(...), ci(...)
3 3 1045.78067247 75.2979814865 1365124.92463 1067707.18138 3.39491720779 201.636577381 0.0 1613.33050595 3 0.0 0.0 0.0 0.0 0.0 0.0 0.0 0.0 3 0.0 0.0 0.0 0.0 0.0 0.0 0.0 0.0 
4 4 1352.29749533 80.1495712826 1771793.08899 1381045.87154 3.57855844156 229.811934524 0.0 1838.35267857 4 0.0 0.0 0.0 0.0 0.0 0.0 0.0 0.0 4 0.0 0.0 0.0 0.0 0.0 0.0 0.0 0.0 
5 5 1735.18425288 77.7806876197 2256131.94814 1756987.56402 3.82677272727 267.40514881 0.0 2138.90806548 5 0.0 0.0 0.0 0.0 0.0 0.0 0.0 0.0 5 0.0 0.0 0.0 0.0 0.0 0.0 0.0 0.0 
7 7 2392.14920866 78.0945053588 3112033.79909 2422920.84557 4.40386363636 331.43702381 0.0 2651.92455357 7 0.0 0.0 0.0 0.0 0.0 0.0 0.0 0.0 7 0.0 0.0 0.0 0.0 0.0 0.0 0.0 0.0 
9 9 3183.25590463 73.7107819236 4131077.03587 3214118.30238 4.86268181818 403.401861472 0.0 3296.90799567 9 0.0 0.0 0.0 0.0 0.0 0.0 0.0 0.0 9 0.0 0.0 0.0 0.0 0.0 0.0 0.0 0.0 
12 12 4116.9931011 75.2570649157 5348524.88811 4158190.49582 5.56740909091 422.07452381 0.0 4029.95380952 12 0.0 0.0 0.0 0.0 0.0 0.0 0.0 0.0 12 0.0 0.0 0.0 0.0 0.0 0.0 0.0 0.0 
16 16 5649.82720659 73.3538414884 7275000.95703 5659515.42306 6.55995454545 442.627470238 0.0 5264.86681548 16 0.0 0.0 0.0 0.0 0.0 0.0 0.0 0.0 16 0.0 0.0 0.0 0.0 0.0 0.0 0.0 0.0 
22 22 15562.0777619 53.2585914437 20025356.4386 15603832.9907 14.7366818182 1136.66348214 0.0 13953.9745536 22 0.0 0.0 0.0 0.0 0.0 0.0 0.0 0.0 22 0.0 0.0 0.0 0.0 0.0 0.0 0.0 0.0 
30 30 16108.4141068 55.6744204448 20861734.3923 16247240.2452 15.2800454545 1161.34217262 0.0 14397.778869 30 0.0 0.0 0.0 0.0 0.0 0.0 0.0 0.0 30 0.0 0.0 0.0 0.0 0.0 0.0 0.0 0.0 
42 42 25949.5017379 57.0142785459 33484904.1131 26028751.9615 23.3640909091 1869.02424242 0.0 23109.4545455 42 0.0 0.0 0.0 0.0 0.0 0.0 0.0 0.0 42 0.0 0.0 0.0 0.0 0.0 0.0 0.0 0.0 
58 58 30330.65556 63.0852461579 38771288.0285 30183814.3937 26.7501464646 2151.38515152 0.0 26751.375697 58 0.0 0.0 0.0 0.0 0.0 0.0 0.0 0.0 58 0.0 0.0 0.0 0.0 0.0 0.0 0.0 0.0 
81 81 32222.7416014 71.6110809316 42418206.2517 32986809.8277 27.4762745098 2301.54777778 0.0 28790.0511111 81 0.0 0.0 0.0 0.0 0.0 0.0 0.0 0.0 81 0.0 0.0 0.0 0.0 0.0 0.0 0.0 0.0 
90 90 32013.8021544 79.9131871899 41661877.4889 32427626.2809 27.8089705882 2289.79836413 0.0 28613.3148335 90 0.0 0.0 0.0 0.0 0.0 0.0 0.0 0.0 90 0.0 0.0 0.0 0.0 0.0 0.0 0.0 0.0 
120 120 32283.0320139 100.700164328 42223364.1991 32890774.4132 27.8413679245 2309.60556604 0.0 28867.1219811 120 0.0 0.0 0.0 0.0 0.0 0.0 0.0 0.0 120 0.0 0.0 0.0 0.0 0.0 0.0 0.0 0.0 
150 150 32797.1712176 120.1222906 43078004.0208 33489424.5978 28.1332843137 2341.27698404 0.0 29291.4391321 150 0.0 0.0 0.0 0.0 0.0 0.0 0.0 0.0 150 0.0 0.0 0.0 0.0 0.0 0.0 0.0 0.0 
180 180 33238.6818567 138.383067845 43412897.6801 33763603.4377 28.024754902 2370.76212418 0.0 29713.5737908 180 0.0 0.0 0.0 0.0 0.0 0.0 0.0 0.0 180 0.0 0.0 0.0 0.0 0.0 0.0 0.0 0.0 
