15723276 0 1000
16706732 1 1000
17299504 2 1000
17867580 3 1000
18353116 4 1000
18696499 5 1000
19067928 6 1000
19303590 7 1000
19629493 8 1000
19771801 9 1000
19977548 10 1000
20140882 11 1000
20237659 12 1000
20437230 13 1000
20594783 14 1000
20728644 15 1000
20853156 16 1000
20984216 17 1000
21091206 18 1000
21215145 19 1000
21270390 20 1000
21364537 21 1000
21451292 22 1000
21527686 23 1000
21662831 24 1000
21783633 25 1000
21908002 26 1000
22013496 27 1000
22125010 28 1000
22187835 29 1000
22237990 30 1000
22340343 31 1000
22447721 32 1000
22586650 33 1000
22654942 34 1000
22726189 35 1000
22792283 36 1000
22908764 37 1000
23047192 38 1000
23178125 39 1000
23298538 40 1000
23369784 41 1000
23450563 42 1000
23514502 43 1000
23599815 44 1000
23686717 45 1000
23758095 46 1000
23833142 47 1000
23926106 48 1000
24079652 49 1000
24168773 50 1000
24290239 51 1000
24424200 52 1000
24505902 53 1000
24613817 54 1000
24766875 55 1000
24867026 56 1000
24945174 57 1000
25011223 58 1000
25073997 59 1000
25148680 60 1000
25232183 61 1000
25291414 62 1000
25391777 63 1000
25447944 64 1000
25529523 65 1000
25639240 66 1000
25722094 67 1000
25768940 68 1000
25827777 69 1000
25869610 70 1000
25934055 71 1000
26054727 72 1000
26108326 73 1000
26203887 74 1000
26309590 75 1000
26411942 76 1000
26509138 77 1000
26584407 78 1000
26645537 79 1000
26744581 80 1000
26817505 81 1000
26900689 82 1000
26950847 83 1000
27000229 84 1000
27069332 85 1000
27129488 86 1000
27189777 87 1000
27235866 88 1000
27325094 89 1000
27394132 90 1000
27449751 91 1000
27521451 92 1000
27582013 93 1000
27660456 94 1000
27716774 95 1000
27789265 96 1000
27860261 97 1000
27924763 98 1000
27991870 99 1000
28067738 100 1000
28134832 101 1000
28193056 102 1000
28262652 103 1000
28373287 104 1000
28469158 105 1000
28556676 106 1000
28650216 107 1000
28702497 108 1000
28751361 109 1000
28815129 110 1000
28873066 111 1000
28924139 112 1000
28985273 113 1000
29058532 114 1000
29102248 115 1000
29177256 116 1000
29226924 117 1000
29285779 118 1000
29356929 119 1000
29467414 120 1000
29516100 121 1000
29578206 122 1000
29642361 123 1000
29698464 124 1000
29754100 125 1000
29819976 126 1000
29876566 127 1000
29939827 128 1000
29986266 129 1000
30020792 130 1000
30069042 131 1000
30131951 132 1000
30169557 133 1000
30207797 134 1000
30252278 135 1000
30307418 136 1000
30358604 137 1000
30411827 138 1000
30443718 139 1000
30482174 140 1000
30518635 141 1000
30561889 142 1000
30603979 143 1000
30650543 144 1000
30696351 145 1000
30733042 146 1000
30777221 147 1000
30817511 148 1000
30855680 149 1000
30904958 150 1000
30947382 151 1000
30986037 152 1000
31017054 153 1000
31059989 154 1000
31097216 155 1000
31127957 156 1000
31166535 157 1000
31193261 158 1000
31237320 159 1000
31274375 160 1000
31313523 161 1000
31355482 162 1000
31403939 163 1000
31445116 164 1000
31479568 165 1000
31505440 166 1000
31530023 167 1000
31559456 168 1000
31605544 169 1000
31644561 170 1000
31682694 171 1000
31726912 172 1000
31751384 173 1000
31783013 174 1000
31815761 175 1000
31840412 176 1000
31879712 177 1000
31929577 178 1000
31983078 179 1000
32022769 180 1000
32045524 181 1000
32093770 182 1000
32148035 183 1000
32177556 184 1000
32210272 185 1000
32227587 186 1000
32247874 187 1000
32286909 188 1000
32313427 189 1000
32339794 190 1000
32381088 191 1000
32414348 192 1000
32441051 193 1000
32468314 194 1000
32505189 195 1000
32551058 196 1000
32570080 197 1000
32608133 198 1000
32646618 199 1000
32660066 200 1000
32697005 201 1000
32730425 202 1000
32750543 203 1000
32798317 204 1000
32848625 205 1000
32874401 206 1000
32894000 207 1000
32930417 208 1000
32961630 209 1000
32972991 210 1000
33012364 211 1000
33043128 212 1000
33079240 213 1000
33107643 214 1000
33134717 215 1000
33168626 216 1000
33203663 217 1000
33230319 218 1000
33258349 219 1000
33282445 220 1000
33310132 221 1000
33353881 222 1000
33377493 223 1000
33394140 224 1000
33414572 225 1000
33436405 226 1000
33453591 227 1000
33484669 228 1000
33517654 229 1000
33539162 230 1000
33573406 231 1000
33593524 232 1000
33614874 233 1000
33632701 234 1000
33653989 235 1000
33677301 236 1000
33713534 237 1000
33741807 238 1000
33769388 239 1000
33792207 240 1000
33815048 241 1000
33847796 242 1000
33902438 243 1000
33932350 244 1000
33964447 245 1000
33991832 246 1000
34024775 247 1000
34050188 248 1000
34085266 249 1000
34126191 250 1000
34142252 251 1000
34188129 252 1000
34221441 253 1000
34247959 254 1000
34283210 255 1000
34307333 256 1000
34350754 257 1000
34376907 258 1000
34408104 259 1000
34439166 260 1000
34475776 261 1000
34516721 262 1000
34546842 263 1000
34580064 264 1000
34607341 265 1000
34629756 266 1000
34654641 267 1000
34687331 268 1000
34712379 269 1000
34734126 270 1000
34753591 271 1000
34774397 272 1000
34811222 273 1000
34845042 274 1000
34880247 275 1000
34913723 276 1000
34942016 277 1000
34974042 278 1000
34993103 279 1000
35028724 280 1000
35054306 281 1000
35082027 282 1000
35097205 283 1000
35119549 284 1000
35148174 285 1000
35166439 286 1000
35183093 287 1000
35193407 288 1000
35219739 289 1000
35247732 290 1000
35277821 291 1000
35298040 292 1000
35334064 293 1000
35361471 294 1000
35394263 295 1000
35423621 296 1000
35450229 297 1000
35485870 298 1000
35512224 299 1000
35542890 300 1000
35559036 301 1000
35587887 302 1000
35606823 303 1000
35631887 304 1000
35650002 305 1000
35680299 306 1000
35704412 307 1000
35726311 308 1000
35758074 309 1000
35784405 310 1000
35809592 311 1000
35845272 312 1000
35875074 313 1000
35897939 314 1000
35918265 315 1000
35939663 316 1000
35965911 317 1000
35995551 318 1000
36022316 319 1000
36041095 320 1000
36062250 321 1000
36091836 322 1000
36117749 323 1000
36133665 324 1000
36169990 325 1000
36185291 326 1000
36205206 327 1000
36219511 328 1000
36236897 329 1000
36267086 330 1000
36294199 331 1000
36314365 332 1000
36336845 333 1000
36363865 334 1000
36390728 335 1000
36409909 336 1000
36433559 337 1000
36455310 338 1000
36487183 339 1000
36506039 340 1000
36532583 341 1000
36551983 342 1000
36582763 343 1000
36604463 344 1000
36629182 345 1000
36650964 346 1000
36691658 347 1000
36720802 348 1000
36755002 349 1000
36776829 350 1000
36801543 351 1000
36818910 352 1000
36843010 353 1000
36864970 354 1000
36892189 355 1000
36931473 356 1000
36948716 357 1000
36973824 358 1000
36993278 359 1000
37004664 360 1000
37015859 361 1000
37039352 362 1000
37065706 363 1000
37089611 364 1000
37123134 365 1000
37137549 366 1000
37157937 367 1000
37171565 368 1000
37184646 369 1000
37200559 370 1000
37216206 371 1000
37232693 372 1000
37251800 373 1000
37267461 374 1000
37292796 375 1000
37315855 376 1000
37339235 377 1000
37357397 378 1000
37378393 379 1000
37410059 380 1000
37447524 381 1000
37475752 382 1000
37498862 383 1000
37513944 384 1000
37538960 385 1000
37558779 386 1000
37570927 387 1000
37601283 388 1000
37613336 389 1000
37625813 390 1000
37641473 391 1000
37653884 392 1000
37668808 393 1000
37685163 394 1000
37699781 395 1000
37712544 396 1000
37726954 397 1000
37741643 398 1000
37765542 399 1000
37789788 400 1000
37807867 401 1000
37834307 402 1000
37848371 403 1000
37864063 404 1000
37879442 405 1000
37894902 406 1000
37908449 407 1000
37927240 408 1000
37944270 409 1000
37965651 410 1000
37975924 411 1000
37985806 412 1000
38001767 413 1000
38015151 414 1000
38039567 415 1000
38055780 416 1000
38067731 417 1000
38089270 418 1000
38106102 419 1000
38127554 420 1000
38139832 421 1000
38160686 422 1000
38172311 423 1000
38188646 424 1000
38207537 425 1000
38221259 426 1000
38233192 427 1000
38247096 428 1000
38262877 429 1000
38278390 430 1000
38300366 431 1000
38318874 432 1000
38333228 433 1000
38347333 434 1000
38361472 435 1000
38375667 436 1000
38386487 437 1000
38400773 438 1000
38419369 439 1000
38434284 440 1000
38449862 441 1000
38462619 442 1000
38473300 443 1000
38491489 444 1000
38509495 445 1000
38523538 446 1000
38532365 447 1000
38543007 448 1000
38559240 449 1000
38572773 450 1000
38581682 451 1000
38595347 452 1000
38609512 453 1000
38622389 454 1000
38634795 455 1000
38647344 456 1000
38660929 457 1000
38671857 458 1000
38685196 459 1000
38695671 460 1000
38704031 461 1000
38716066 462 1000
38728893 463 1000
38739491 464 1000
38750155 465 1000
38759119 466 1000
38772361 467 1000
38787036 468 1000
38801565 469 1000
38811379 470 1000
38823365 471 1000
38835426 472 1000
38855320 473 1000
38875216 474 1000
38903560 475 1000
38917157 476 1000
38939902 477 1000
38949917 478 1000
38976158 479 1000
38994544 480 1000
39009698 481 1000
39035797 482 1000
39056299 483 1000
39075694 484 1000
39103360 485 1000
39125723 486 1000
39159457 487 1000
39180604 488 1000
39213545 489 1000
39237427 490 1000
39270370 491 1000
39287541 492 1000
39308386 493 1000
39328549 494 1000
39344698 495 1000
39372997 496 1000
39401946 497 1000
39415514 498 1000
39446103 499 1000
39483362 500 1000
39502219 501 1000
39537526 502 1000
39576319 503 1000
39611090 504 1000
39638130 505 1000
39676430 506 1000
39721063 507 1000
39755356 508 1000
39795955 509 1000
39822096 510 1000
39858188 511 1000
39882092 512 1000
39904576 513 1000
39939889 514 1000
39974474 515 1000
39999385 516 1000
40018526 517 1000
40044152 518 1000
40068269 519 1000
40098965 520 1000
40132044 521 1000
40162227 522 1000
40210919 523 1000
40243306 524 1000
40292487 525 1000
40323857 526 1000
40368939 527 1000
40396595 528 1000
40439829 529 1000
40472754 530 1000
40514714 531 1000
40551519 532 1000
40597574 533 1000
40642216 534 1000
40671467 535 1000
40705427 536 1000
40754064 537 1000
40787929 538 1000
40816379 539 1000
40852805 540 1000
40906605 541 1000
40932983 542 1000
40956606 543 1000
40996414 544 1000
41040823 545 1000
41086001 546 1000
41130134 547 1000
41166385 548 1000
41209933 549 1000
41255849 550 1000
41301126 551 1000
41340407 552 1000
41376542 553 1000
41405375 554 1000
41450817 555 1000
41476067 556 1000
41515308 557 1000
41533386 558 1000
41573240 559 1000
41639183 560 1000
41666109 561 1000
41697893 562 1000
41750527 563 1000
41785867 564 1000
41825256 565 1000
41864091 566 1000
41902064 567 1000
41952381 568 1000
41979621 569 1000
42026611 570 1000
42078685 571 1000
42124553 572 1000
42155351 573 1000
42196963 574 1000
42215764 575 1000
42261498 576 1000
42293609 577 1000
42344272 578 1000
42385152 579 1000
42426993 580 1000
42468090 581 1000
42519334 582 1000
42568037 583 1000
42594978 584 1000
42647319 585 1000
42684469 586 1000
42724323 587 1000
42762484 588 1000
42821657 589 1000
42880353 590 1000
42913921 591 1000
42949912 592 1000
42989663 593 1000
43033194 594 1000
43085783 595 1000
43133630 596 1000
43180570 597 1000
43243792 598 1000
43281112 599 1000
43315472 600 1000
43365101 601 1000
43416209 602 1000
43445354 603 1000
43516467 604 1000
43572940 605 1000
43620935 606 1000
43662393 607 1000
43708981 608 1000
43755068 609 1000
43779407 610 1000
43807716 611 1000
43837839 612 1000
43872859 613 1000
43916055 614 1000
43950398 615 1000
44008679 616 1000
44054212 617 1000
44089680 618 1000
44145551 619 1000
44210613 620 1000
44292919 621 1000
44360070 622 1000
44412911 623 1000
44467916 624 1000
44539610 625 1000
44630604 626 1000
44686021 627 1000
44775048 628 1000
44830691 629 1000
44921849 630 1000
44999864 631 1000
45082133 632 1000
45170618 633 1000
45273763 634 1000
45368671 635 1000
45446976 636 1000
45578654 637 1000
45671726 638 1000
45751701 639 1000
45834244 640 1000
45893911 641 1000
45931429 642 1000
45963424 643 1000
46006679 644 1000
46081642 645 1000
46129706 646 1000
46195431 647 1000
46247488 648 1000
46285858 649 1000
46361891 650 1000
46434594 651 1000
46510361 652 1000
46601501 653 1000
46670750 654 1000
46720438 655 1000
46755685 656 1000
46793479 657 1000
46873972 658 1000
46960711 659 1000
47045068 660 1000
47141747 661 1000
47298306 662 1000
47458492 663 1000
47622552 664 1000
47802698 665 1000
47935751 666 1000
48056215 667 1000
48135573 668 1000
48248650 669 1000
48336680 670 1000
48431537 671 1000
48493518 672 1000
48583757 673 1000
48674640 674 1000
48802003 675 1000
48907606 676 1000
49042545 677 1000
49150446 678 1000
49272875 679 1000
49489193 680 1000
49604211 681 1000
49744973 682 1000
49914963 683 1000
50059836 684 1000
50232658 685 1000
50420245 686 1000
50607685 687 1000
50738068 688 1000
50903056 689 1000
51058198 690 1000
51172867 691 1000
51357215 692 1000
51497259 693 1000
51607917 694 1000
51838602 695 1000
52016046 696 1000
52324351 697 1000
52410564 698 1000
52636163 699 1000
52804844 700 1000
52937225 701 1000
53141414 702 1000
53351404 703 1000
53425584 704 1000
53504324 705 1000
53624642 706 1000
53770288 707 1000
53975393 708 1000
54199216 709 1000
54416956 710 1000
54595003 711 1000
54744674 712 1000
54873590 713 1000
55052331 714 1000
55255562 715 1000
55414590 716 1000
55612302 717 1000
55883942 718 1000
56226452 719 1000
56482534 720 1000
56650376 721 1000
56806662 722 1000
56944054 723 1000
57075834 724 1000
57350179 725 1000
57539588 726 1000
57686241 727 1000
57905690 728 1000
58113164 729 1000
58230939 730 1000
58347180 731 1000
58534672 732 1000
58778356 733 1000
58943514 734 1000
59000630 735 1000
59089655 736 1000
59208333 737 1000
59331076 738 1000
59402648 739 1000
59496349 740 1000
59848756 741 1000
60261758 742 1000
60383030 743 1000
60463973 744 1000
60555316 745 1000
60767441 746 1000
60899817 747 1000
61066070 748 1000
61238875 749 1000
61498201 750 1000
61822670 751 1000
62033030 752 1000
62115647 753 1000
62218335 754 1000
62497771 755 1000
62692202 756 1000
62905296 757 1000
63074231 758 1000
63270864 759 1000
63348085 760 1000
63534610 761 1000
63715485 762 1000
63838338 763 1000
63909934 764 1000
64091516 765 1000
64227840 766 1000
64332531 767 1000
64436134 768 1000
64532725 769 1000
64611387 770 1000
64760554 771 1000
64884637 772 1000
65066488 773 1000
65234695 774 1000
65800331 775 1000
66074141 776 1000
66422431 777 1000
66774115 778 1000
67008695 779 1000
67489650 780 1000
68119696 781 1000
68419252 782 1000
68549085 783 1000
68692566 784 1000
68892552 785 1000
69122979 786 1000
69293489 787 1000
69357498 788 1000
69465936 789 1000
69532669 790 1000
69708922 791 1000
69891064 792 1000
70074566 793 1000
70379742 794 1000
70616481 795 1000
70951195 796 1000
71108612 797 1000
71310524 798 1000
71591922 799 1000
71802056 800 1000
72244771 801 1000
72533014 802 1000
72690047 803 1000
72814831 804 1000
72900696 805 1000
72983462 806 1000
73104995 807 1000
73170513 808 1000
73237952 809 1000
73303370 810 1000
73356772 811 1000
73400059 812 1000
73466575 813 1000
73526441 814 1000
73575185 815 1000
73612165 816 1000
73636195 817 1000
73668779 818 1000
73691993 819 1000
73726447 820 1000
73744152 821 1000
73775803 822 1000
73803800 823 1000
73824131 824 1000
73846682 825 1000
73858367 826 1000
73882799 827 1000
73900372 828 1000
73916351 829 1000
73933242 830 1000
73947245 831 1000
73969236 832 1000
73982576 833 1000
74003415 834 1000
74016075 835 1000
74032215 836 1000
74051210 837 1000
74068153 838 1000
74085510 839 1000
74104850 840 1000
74124191 841 1000
74133352 842 1000
74154284 843 1000
74167444 844 1000
74178972 845 1000
74198661 846 1000
74211638 847 1000
74224880 848 1000
74238642 849 1000
74253935 850 1000
74267929 851 1000
74284150 852 1000
74294332 853 1000
74310302 854 1000
74330934 855 1000
74341689 856 1000
74358043 857 1000
74368645 858 1000
74377576 859 1000
74390375 860 1000
74405224 861 1000
74421317 862 1000
74436336 863 1000
74447897 864 1000
74458181 865 1000
74470377 866 1000
74486865 867 1000
74498354 868 1000
74509666 869 1000
74521301 870 1000
74536377 871 1000
74550305 872 1000
74565206 873 1000
74582208 874 1000
74596762 875 1000
74610727 876 1000
74629796 877 1000
74656339 878 1000
74677548 879 1000
74690723 880 1000
74703332 881 1000
74724556 882 1000
74744046 883 1000
74764574 884 1000
74782871 885 1000
74799044 886 1000
74815556 887 1000
74836021 888 1000
74849128 889 1000
74868944 890 1000
74892966 891 1000
74906452 892 1000
74925635 893 1000
74945502 894 1000
74961395 895 1000
74979549 896 1000
75007409 897 1000
75030283 898 1000
75049832 899 1000
75083157 900 1000
75105244 901 1000
75137461 902 1000
75165125 903 1000
75206444 904 1000
75238903 905 1000
75267167 906 1000
75282741 907 1000
75311338 908 1000
75340624 909 1000
75381257 910 1000
75405000 911 1000
75424424 912 1000
75448465 913 1000
75484181 914 1000
75514978 915 1000
75545695 916 1000
75569632 917 1000
75585829 918 1000
75616315 919 1000
75640390 920 1000
75678528 921 1000
75707985 922 1000
75743310 923 1000
75785811 924 1000
75824777 925 1000
75865937 926 1000
75905301 927 1000
75950445 928 1000
75995795 929 1000
76046376 930 1000
76080138 931 1000
76122743 932 1000
76174188 933 1000
76208776 934 1000
76263648 935 1000
76317473 936 1000
76370565 937 1000
76498542 938 1000
76605653 939 1000
76713158 940 1000
76911557 941 1000
77005174 942 1000
77098203 943 1000
77183829 944 1000
77356728 945 1000
77593998 946 1000
77727666 947 1000
78131914 948 1000
78358585 949 1000
78528380 950 1000
78700690 951 1000
78836270 952 1000
79093111 953 1000
79294823 954 1000
79409285 955 1000
79467186 956 1000
79551959 957 1000
79621414 958 1000
79715669 959 1000
79795572 960 1000
79924934 961 1000
80074961 962 1000
80183384 963 1000
80422911 964 1000
80748075 965 1000
81315928 966 1000
81560679 967 1000
82042385 968 1000
83483868 969 1000
83774670 970 1000
84723278 971 1000
85109406 972 1000
86364624 973 1000
87145986 974 1000
87725894 975 1000
89736471 976 1000
91070329 977 1000
91596970 978 1000
93524085 979 1000
98832813 980 1000
101783113 981 1000
103853136 982 1000
105573109 983 1000
110800018 984 1000
111316295 985 1000
112442257 986 1000
113073699 987 1000
113572264 988 1000
114752031 989 1000
117863933 990 1000
123293697 991 1000
124079343 992 1000
126844400 993 1000
128196720 994 1000
132801368 995 1000
133604766 996 1000
137841453 997 1000
138201801 998 1000
139545089 999 1000
