# load avg(tp, lat, bwr, bww, cpu, tps, brps, bwps), sd(...), ci(...)
4 4 1465.41249773 73.1227473199 3803610.30978 2952920.21878 4.79017857143 588.798245614 0.0 4709.54385965 4 0.0 0.0 0.0 0.0 0.0 0.0 0.0 0.0 4 0.0 0.0 0.0 0.0 0.0 0.0 0.0 0.0 
5 5 1884.70582054 70.217554247 4865895.812 3798363.18769 5.46570175439 682.568333333 0.0 5688.03894737 5 0.0 0.0 0.0 0.0 0.0 0.0 0.0 0.0 5 0.0 0.0 0.0 0.0 0.0 0.0 0.0 0.0 
6 6 2326.0444803 66.9049266131 5988460.01058 4661533.20597 6.12201754386 709.368421053 0.0 6772.77192982 6 0.0 0.0 0.0 0.0 0.0 0.0 0.0 0.0 6 0.0 0.0 0.0 0.0 0.0 0.0 0.0 0.0 
7 7 2670.42015702 67.627561022 6911817.48232 5381274.20446 6.42742637845 703.837894737 0.0 7571.42263158 7 0.0 0.0 0.0 0.0 0.0 0.0 0.0 0.0 7 0.0 0.0 0.0 0.0 0.0 0.0 0.0 0.0 
9 9 8969.64254459 39.5559936687 23119074.8419 17984488.5712 16.8459821429 1947.90315789 0.0 24050.0948246 9 0.0 0.0 0.0 0.0 0.0 0.0 0.0 0.0 9 0.0 0.0 0.0 0.0 0.0 0.0 0.0 0.0 
11 11 8899.15847874 45.3504729134 23039304.1168 17929619.1066 16.8614285714 1939.79824561 0.0 23887.0175439 11 0.0 0.0 0.0 0.0 0.0 0.0 0.0 0.0 11 0.0 0.0 0.0 0.0 0.0 0.0 0.0 0.0 
14 14 8885.9009311 48.5087808756 22837312.0435 17782318.9777 16.5132142857 1920.9122807 0.0 23823.8596491 14 0.0 0.0 0.0 0.0 0.0 0.0 0.0 0.0 14 0.0 0.0 0.0 0.0 0.0 0.0 0.0 0.0 
15 15 8912.97686094 48.9515675137 22934015.723 17810944.8236 16.443125 1917.71052632 0.0 23874.9473684 15 0.0 0.0 0.0 0.0 0.0 0.0 0.0 0.0 15 0.0 0.0 0.0 0.0 0.0 0.0 0.0 0.0 
16 16 8826.93005371 51.1306064607 22968665.6079 17839926.4247 16.634375 1899.8245614 0.0 23669.1929825 16 0.0 0.0 0.0 0.0 0.0 0.0 0.0 0.0 16 0.0 0.0 0.0 0.0 0.0 0.0 0.0 0.0 
17 17 14586.4014043 41.9017820001 37587692.1271 29182838.5004 26.3138392857 3135.92982456 0.0 38763.0877193 17 0.0 0.0 0.0 0.0 0.0 0.0 0.0 0.0 17 0.0 0.0 0.0 0.0 0.0 0.0 0.0 0.0 
18 18 14475.3687699 45.6581976199 37328368.6765 28969047.4258 26.67125 3119.78070175 0.0 38525.3333333 18 0.0 0.0 0.0 0.0 0.0 0.0 0.0 0.0 18 0.0 0.0 0.0 0.0 0.0 0.0 0.0 0.0 
23 23 14621.7011311 49.4463802719 37448312.823 29167717.8369 26.5903571429 3161.58754386 0.0 38945.4883333 23 0.0 0.0 0.0 0.0 0.0 0.0 0.0 0.0 23 0.0 0.0 0.0 0.0 0.0 0.0 0.0 0.0 
29 29 15591.2221554 58.3468676695 40410141.3114 31386178.3921 28.1626785714 3344.83544643 0.0 41591.3542857 29 0.0 0.0 0.0 0.0 0.0 0.0 0.0 0.0 29 0.0 0.0 0.0 0.0 0.0 0.0 0.0 0.0 
37 37 15987.4147095 67.6732873007 41455142.0282 32191028.1048 28.1883035714 3392.40122807 0.0 42358.9885088 37 0.0 0.0 0.0 0.0 0.0 0.0 0.0 0.0 37 0.0 0.0 0.0 0.0 0.0 0.0 0.0 0.0 
50 50 15947.6780568 87.0280589136 41253991.3179 32121265.0176 28.3120535714 3383.74149123 0.0 42302.1692105 50 0.0 0.0 0.0 0.0 0.0 0.0 0.0 0.0 50 0.0 0.0 0.0 0.0 0.0 0.0 0.0 0.0 
70 70 16365.555208 112.041565619 42631340.2079 33126240.4033 28.2966363636 3470.36071429 0.0 43432.3715179 70 0.0 0.0 0.0 0.0 0.0 0.0 0.0 0.0 70 0.0 0.0 0.0 0.0 0.0 0.0 0.0 0.0 
90 90 16376.2644706 139.776412477 42471619.7218 33000491.0752 28.336 3472.90178571 0.0 43515.0714286 90 0.0 0.0 0.0 0.0 0.0 0.0 0.0 0.0 90 0.0 0.0 0.0 0.0 0.0 0.0 0.0 0.0 
100 100 16398.4248594 158.893198915 43249818.6624 33770844.722 28.3977884615 3509.15951923 0.0 44012.8438462 100 0.0 0.0 0.0 0.0 0.0 0.0 0.0 0.0 100 0.0 0.0 0.0 0.0 0.0 0.0 0.0 0.0 
110 110 16634.5743963 172.295290521 43406854.5181 33806052.059 28.3502830189 3561.8490566 0.0 44487.0943396 110 0.0 0.0 0.0 0.0 0.0 0.0 0.0 0.0 110 0.0 0.0 0.0 0.0 0.0 0.0 0.0 0.0 
120 120 16409.114892 187.958468488 42547958.581 33056094.4281 29.0589090909 3509.06690909 0.0 43835.0617273 120 0.0 0.0 0.0 0.0 0.0 0.0 0.0 0.0 120 0.0 0.0 0.0 0.0 0.0 0.0 0.0 0.0 
