13651846 0 1000
16401755 1 1000
16768732 2 1000
16984745 3 1000
17145286 4 1000
17293712 5 1000
17453721 6 1000
17615541 7 1000
17753236 8 1000
17881723 9 1000
18075261 10 1000
18210595 11 1000
18343058 12 1000
18477758 13 1000
18601615 14 1000
18750212 15 1000
18876294 16 1000
18977644 17 1000
19101303 18 1000
19234323 19 1000
19359111 20 1000
19451174 21 1000
19538575 22 1000
19622568 23 1000
19707225 24 1000
19791192 25 1000
19869339 26 1000
19944705 27 1000
20024062 28 1000
20112385 29 1000
20182740 30 1000
20270165 31 1000
20354574 32 1000
20446526 33 1000
20521698 34 1000
20601903 35 1000
20644904 36 1000
20713160 37 1000
20769304 38 1000
20856481 39 1000
20920828 40 1000
20989073 41 1000
21045526 42 1000
21109646 43 1000
21160795 44 1000
21213331 45 1000
21279287 46 1000
21326753 47 1000
21371598 48 1000
21443037 49 1000
21508973 50 1000
21561829 51 1000
21630102 52 1000
21702146 53 1000
21769290 54 1000
21820695 55 1000
21878657 56 1000
21927251 57 1000
21981390 58 1000
22045989 59 1000
22114761 60 1000
22172056 61 1000
22228922 62 1000
22284960 63 1000
22325990 64 1000
22381589 65 1000
22457991 66 1000
22517435 67 1000
22568802 68 1000
22640984 69 1000
22714694 70 1000
22795378 71 1000
22883868 72 1000
22949894 73 1000
23023332 74 1000
23093587 75 1000
23148936 76 1000
23216745 77 1000
23287651 78 1000
23360509 79 1000
23422186 80 1000
23502803 81 1000
23573966 82 1000
23659932 83 1000
23753047 84 1000
23817764 85 1000
23894896 86 1000
23975772 87 1000
24063192 88 1000
24140858 89 1000
24227545 90 1000
24279971 91 1000
24362160 92 1000
24427115 93 1000
24490869 94 1000
24548264 95 1000
24640135 96 1000
24710446 97 1000
24789199 98 1000
24844662 99 1000
24936020 100 1000
24996255 101 1000
25056893 102 1000
25127783 103 1000
25200006 104 1000
25271986 105 1000
25339924 106 1000
25417228 107 1000
25490709 108 1000
25549358 109 1000
25616473 110 1000
25692684 111 1000
25763896 112 1000
25825719 113 1000
25903392 114 1000
25973443 115 1000
26044871 116 1000
26109419 117 1000
26165789 118 1000
26225239 119 1000
26264344 120 1000
26328908 121 1000
26387335 122 1000
26450542 123 1000
26509687 124 1000
26556537 125 1000
26617707 126 1000
26697671 127 1000
26748445 128 1000
26785903 129 1000
26834906 130 1000
26904011 131 1000
26960478 132 1000
27033007 133 1000
27093551 134 1000
27148096 135 1000
27217172 136 1000
27272280 137 1000
27322506 138 1000
27384261 139 1000
27444955 140 1000
27489134 141 1000
27534449 142 1000
27587696 143 1000
27637115 144 1000
27686978 145 1000
27747925 146 1000
27819341 147 1000
27858802 148 1000
27902263 149 1000
27949582 150 1000
27991453 151 1000
28041558 152 1000
28089992 153 1000
28139144 154 1000
28182893 155 1000
28233535 156 1000
28281276 157 1000
28318109 158 1000
28352280 159 1000
28392510 160 1000
28446644 161 1000
28501740 162 1000
28546679 163 1000
28604397 164 1000
28649853 165 1000
28711132 166 1000
28778524 167 1000
28826794 168 1000
28887417 169 1000
28939716 170 1000
28987824 171 1000
29058110 172 1000
29107272 173 1000
29169133 174 1000
29212759 175 1000
29259999 176 1000
29301396 177 1000
29357512 178 1000
29402965 179 1000
29452316 180 1000
29506902 181 1000
29560226 182 1000
29617047 183 1000
29672899 184 1000
29718742 185 1000
29780536 186 1000
29831037 187 1000
29901013 188 1000
29955559 189 1000
29998069 190 1000
30061053 191 1000
30111672 192 1000
30155014 193 1000
30206792 194 1000
30251559 195 1000
30292530 196 1000
30333226 197 1000
30382880 198 1000
30429254 199 1000
30464908 200 1000
30498915 201 1000
30548322 202 1000
30599326 203 1000
30653397 204 1000
30693764 205 1000
30737445 206 1000
30783979 207 1000
30834255 208 1000
30878826 209 1000
30935814 210 1000
30978168 211 1000
31015870 212 1000
31056892 213 1000
31093403 214 1000
31131529 215 1000
31169625 216 1000
31213645 217 1000
31258999 218 1000
31303701 219 1000
31346540 220 1000
31391800 221 1000
31436575 222 1000
31473197 223 1000
31514871 224 1000
31552722 225 1000
31591577 226 1000
31632527 227 1000
31674005 228 1000
31726090 229 1000
31770426 230 1000
31813519 231 1000
31855220 232 1000
31887453 233 1000
31923367 234 1000
31969583 235 1000
32012020 236 1000
32046289 237 1000
32082889 238 1000
32125289 239 1000
32173891 240 1000
32209570 241 1000
32250912 242 1000
32288137 243 1000
32325357 244 1000
32350040 245 1000
32385366 246 1000
32423347 247 1000
32456967 248 1000
32493870 249 1000
32524295 250 1000
32572568 251 1000
32621363 252 1000
32662152 253 1000
32706058 254 1000
32744161 255 1000
32781198 256 1000
32811392 257 1000
32851330 258 1000
32878793 259 1000
32915815 260 1000
32959326 261 1000
32989571 262 1000
33018878 263 1000
33056385 264 1000
33094546 265 1000
33130801 266 1000
33172745 267 1000
33211951 268 1000
33254145 269 1000
33301887 270 1000
33336066 271 1000
33372692 272 1000
33405185 273 1000
33438507 274 1000
33485340 275 1000
33525266 276 1000
33560563 277 1000
33598375 278 1000
33637327 279 1000
33675855 280 1000
33719410 281 1000
33748207 282 1000
33792294 283 1000
33829075 284 1000
33870195 285 1000
33910388 286 1000
33955944 287 1000
33993113 288 1000
34029740 289 1000
34071795 290 1000
34105592 291 1000
34137047 292 1000
34176136 293 1000
34211977 294 1000
34243627 295 1000
34277519 296 1000
34322221 297 1000
34358694 298 1000
34396170 299 1000
34427730 300 1000
34460759 301 1000
34490911 302 1000
34524218 303 1000
34552380 304 1000
34585311 305 1000
34622946 306 1000
34653494 307 1000
34685318 308 1000
34712708 309 1000
34742347 310 1000
34775245 311 1000
34804823 312 1000
34831832 313 1000
34861898 314 1000
34893147 315 1000
34912814 316 1000
34937697 317 1000
34961333 318 1000
34985987 319 1000
35008379 320 1000
35026450 321 1000
35047710 322 1000
35072611 323 1000
35101524 324 1000
35126016 325 1000
35146775 326 1000
35177758 327 1000
35202125 328 1000
35229569 329 1000
35251278 330 1000
35278794 331 1000
35296652 332 1000
35316936 333 1000
35335535 334 1000
35358352 335 1000
35381331 336 1000
35404392 337 1000
35427158 338 1000
35448878 339 1000
35477305 340 1000
35507808 341 1000
35532307 342 1000
35555208 343 1000
35580459 344 1000
35604278 345 1000
35628724 346 1000
35650996 347 1000
35675316 348 1000
35698651 349 1000
35717785 350 1000
35739202 351 1000
35766113 352 1000
35789606 353 1000
35809892 354 1000
35835842 355 1000
35861757 356 1000
35885742 357 1000
35906072 358 1000
35928401 359 1000
35950983 360 1000
35971850 361 1000
35994037 362 1000
36017921 363 1000
36040183 364 1000
36069726 365 1000
36091712 366 1000
36118465 367 1000
36143679 368 1000
36171773 369 1000
36197591 370 1000
36220176 371 1000
36239247 372 1000
36258765 373 1000
36280348 374 1000
36303281 375 1000
36329279 376 1000
36351197 377 1000
36374589 378 1000
36406281 379 1000
36427994 380 1000
36446218 381 1000
36466614 382 1000
36491687 383 1000
36516405 384 1000
36542063 385 1000
36568733 386 1000
36590375 387 1000
36617025 388 1000
36642171 389 1000
36661932 390 1000
36686955 391 1000
36710727 392 1000
36728184 393 1000
36749103 394 1000
36767325 395 1000
36783250 396 1000
36803204 397 1000
36825215 398 1000
36843219 399 1000
36863271 400 1000
36884537 401 1000
36904756 402 1000
36924207 403 1000
36949060 404 1000
36970487 405 1000
36987829 406 1000
37003889 407 1000
37025125 408 1000
37047450 409 1000
37067889 410 1000
37088831 411 1000
37104266 412 1000
37129274 413 1000
37143299 414 1000
37163282 415 1000
37178232 416 1000
37195397 417 1000
37211856 418 1000
37229916 419 1000
37247284 420 1000
37264125 421 1000
37281573 422 1000
37296784 423 1000
37315779 424 1000
37331714 425 1000
37349939 426 1000
37364935 427 1000
37380277 428 1000
37401648 429 1000
37423548 430 1000
37443697 431 1000
37462623 432 1000
37483905 433 1000
37509280 434 1000
37525765 435 1000
37547760 436 1000
37563867 437 1000
37586631 438 1000
37603546 439 1000
37625113 440 1000
37648494 441 1000
37669572 442 1000
37689520 443 1000
37709751 444 1000
37729798 445 1000
37752555 446 1000
37774079 447 1000
37798598 448 1000
37820197 449 1000
37837149 450 1000
37857476 451 1000
37882683 452 1000
37907141 453 1000
37925547 454 1000
37946381 455 1000
37966651 456 1000
37989641 457 1000
38013715 458 1000
38031635 459 1000
38055468 460 1000
38074527 461 1000
38096598 462 1000
38116666 463 1000
38136097 464 1000
38159721 465 1000
38179779 466 1000
38202761 467 1000
38219824 468 1000
38244104 469 1000
38268320 470 1000
38289583 471 1000
38310791 472 1000
38331399 473 1000
38350978 474 1000
38371740 475 1000
38391099 476 1000
38408335 477 1000
38428122 478 1000
38449507 479 1000
38479107 480 1000
38500104 481 1000
38518792 482 1000
38540041 483 1000
38560204 484 1000
38584946 485 1000
38611154 486 1000
38630284 487 1000
38648002 488 1000
38670825 489 1000
38694259 490 1000
38713818 491 1000
38739843 492 1000
38759849 493 1000
38782099 494 1000
38804918 495 1000
38820477 496 1000
38850499 497 1000
38872228 498 1000
38895220 499 1000
38926866 500 1000
38951891 501 1000
38979474 502 1000
39011602 503 1000
39035709 504 1000
39060330 505 1000
39083171 506 1000
39104008 507 1000
39133237 508 1000
39155514 509 1000
39182972 510 1000
39210458 511 1000
39239893 512 1000
39268225 513 1000
39297668 514 1000
39327517 515 1000
39355324 516 1000
39379757 517 1000
39405177 518 1000
39430286 519 1000
39460490 520 1000
39487272 521 1000
39517890 522 1000
39548996 523 1000
39577103 524 1000
39604255 525 1000
39635431 526 1000
39663040 527 1000
39690673 528 1000
39723426 529 1000
39760450 530 1000
39787325 531 1000
39819000 532 1000
39852932 533 1000
39880884 534 1000
39912579 535 1000
39949143 536 1000
39985134 537 1000
40021533 538 1000
40058027 539 1000
40089225 540 1000
40120645 541 1000
40150494 542 1000
40188278 543 1000
40221086 544 1000
40251675 545 1000
40283541 546 1000
40308543 547 1000
40343305 548 1000
40379033 549 1000
40411039 550 1000
40446287 551 1000
40480042 552 1000
40503648 553 1000
40526986 554 1000
40557322 555 1000
40583919 556 1000
40613148 557 1000
40640026 558 1000
40675608 559 1000
40698783 560 1000
40723848 561 1000
40759504 562 1000
40788201 563 1000
40817537 564 1000
40853374 565 1000
40883373 566 1000
40909363 567 1000
40936123 568 1000
40963853 569 1000
40983182 570 1000
41001153 571 1000
41026751 572 1000
41047398 573 1000
41070572 574 1000
41088607 575 1000
41113735 576 1000
41133880 577 1000
41155843 578 1000
41180687 579 1000
41196025 580 1000
41220625 581 1000
41246856 582 1000
41263124 583 1000
41286466 584 1000
41314156 585 1000
41335615 586 1000
41359358 587 1000
41385635 588 1000
41410503 589 1000
41434995 590 1000
41463427 591 1000
41493354 592 1000
41526559 593 1000
41566648 594 1000
41610729 595 1000
41646553 596 1000
41685284 597 1000
41726440 598 1000
41768521 599 1000
41802742 600 1000
41842569 601 1000
41887426 602 1000
41918651 603 1000
41957456 604 1000
41997404 605 1000
42039416 606 1000
42086247 607 1000
42138312 608 1000
42180216 609 1000
42209354 610 1000
42252338 611 1000
42297670 612 1000
42349391 613 1000
42400967 614 1000
42461227 615 1000
42515627 616 1000
42561861 617 1000
42614584 618 1000
42658861 619 1000
42705756 620 1000
42755210 621 1000
42796585 622 1000
42847088 623 1000
42896268 624 1000
42949752 625 1000
42999517 626 1000
43060947 627 1000
43113588 628 1000
43164837 629 1000
43217922 630 1000
43270576 631 1000
43331360 632 1000
43384062 633 1000
43428903 634 1000
43483836 635 1000
43559360 636 1000
43626298 637 1000
43682883 638 1000
43750479 639 1000
43803865 640 1000
43862670 641 1000
43920094 642 1000
43988963 643 1000
44064663 644 1000
44130881 645 1000
44185509 646 1000
44244733 647 1000
44326104 648 1000
44408365 649 1000
44477124 650 1000
44581702 651 1000
44699194 652 1000
44799008 653 1000
44903739 654 1000
44997287 655 1000
45072245 656 1000
45162677 657 1000
45256923 658 1000
45337514 659 1000
45447270 660 1000
45542019 661 1000
45674393 662 1000
45771714 663 1000
45876857 664 1000
46019928 665 1000
46161226 666 1000
46261517 667 1000
46396847 668 1000
46528023 669 1000
46688172 670 1000
46834705 671 1000
46977702 672 1000
47101852 673 1000
47203543 674 1000
47314786 675 1000
47408332 676 1000
47561867 677 1000
47716688 678 1000
47836132 679 1000
47940576 680 1000
48105281 681 1000
48259115 682 1000
48431090 683 1000
48597818 684 1000
48761652 685 1000
48942544 686 1000
49111535 687 1000
49294670 688 1000
49489471 689 1000
49729657 690 1000
49862641 691 1000
49998405 692 1000
50128866 693 1000
50343372 694 1000
50607013 695 1000
50860869 696 1000
51138732 697 1000
51359444 698 1000
51603761 699 1000
51838813 700 1000
52013478 701 1000
52186898 702 1000
52369782 703 1000
52541234 704 1000
52684770 705 1000
52850391 706 1000
52991823 707 1000
53120340 708 1000
53273588 709 1000
53424602 710 1000
53550359 711 1000
53726097 712 1000
53881118 713 1000
54045661 714 1000
54264333 715 1000
54400081 716 1000
54560856 717 1000
54734811 718 1000
54875232 719 1000
55109909 720 1000
55267682 721 1000
55452238 722 1000
55614401 723 1000
55811658 724 1000
56031384 725 1000
56234682 726 1000
56512690 727 1000
56690126 728 1000
56861989 729 1000
57003999 730 1000
57170148 731 1000
57309093 732 1000
57478237 733 1000
57594142 734 1000
57759609 735 1000
57925588 736 1000
58051534 737 1000
58170711 738 1000
58301097 739 1000
58471559 740 1000
58646416 741 1000
58760873 742 1000
58902940 743 1000
59023386 744 1000
59150319 745 1000
59270199 746 1000
59420920 747 1000
59583447 748 1000
59738863 749 1000
59901756 750 1000
60020349 751 1000
60154251 752 1000
60335465 753 1000
60509449 754 1000
60642284 755 1000
60790396 756 1000
60922254 757 1000
61047437 758 1000
61143006 759 1000
61285282 760 1000
61396581 761 1000
61530488 762 1000
61656679 763 1000
61800378 764 1000
61903658 765 1000
61999854 766 1000
62119438 767 1000
62232786 768 1000
62346228 769 1000
62492806 770 1000
62656006 771 1000
62790146 772 1000
62905656 773 1000
63079831 774 1000
63220039 775 1000
63357217 776 1000
63469963 777 1000
63652082 778 1000
63848816 779 1000
64073775 780 1000
64263365 781 1000
64613928 782 1000
65009836 783 1000
65396447 784 1000
65779134 785 1000
66230875 786 1000
66652691 787 1000
67058733 788 1000
67457116 789 1000
67973452 790 1000
68347704 791 1000
68897502 792 1000
69254819 793 1000
69659373 794 1000
69897273 795 1000
70116963 796 1000
70375360 797 1000
70550618 798 1000
70685769 799 1000
70800227 800 1000
70868845 801 1000
70937872 802 1000
71022065 803 1000
71110205 804 1000
71178889 805 1000
71242513 806 1000
71321162 807 1000
71392459 808 1000
71459449 809 1000
71527055 810 1000
71604429 811 1000
71669820 812 1000
71726514 813 1000
71778079 814 1000
71835802 815 1000
71883002 816 1000
71938762 817 1000
71982413 818 1000
72035863 819 1000
72084327 820 1000
72126313 821 1000
72181021 822 1000
72237463 823 1000
72285607 824 1000
72327487 825 1000
72360743 826 1000
72404798 827 1000
72440004 828 1000
72475219 829 1000
72516443 830 1000
72552421 831 1000
72580356 832 1000
72608871 833 1000
72638705 834 1000
72676065 835 1000
72709713 836 1000
72736782 837 1000
72769376 838 1000
72801729 839 1000
72828803 840 1000
72861753 841 1000
72894193 842 1000
72915882 843 1000
72940799 844 1000
72966117 845 1000
72992439 846 1000
73025042 847 1000
73050232 848 1000
73079539 849 1000
73106184 850 1000
73137658 851 1000
73162270 852 1000
73183467 853 1000
73215111 854 1000
73240873 855 1000
73268033 856 1000
73304993 857 1000
73326459 858 1000
73349645 859 1000
73375480 860 1000
73397093 861 1000
73422237 862 1000
73443572 863 1000
73469467 864 1000
73494684 865 1000
73517538 866 1000
73540079 867 1000
73563760 868 1000
73582825 869 1000
73609521 870 1000
73631303 871 1000
73650721 872 1000
73675771 873 1000
73704554 874 1000
73734333 875 1000
73762527 876 1000
73786909 877 1000
73810837 878 1000
73841243 879 1000
73866948 880 1000
73886929 881 1000
73917284 882 1000
73943011 883 1000
73968496 884 1000
73997054 885 1000
74021619 886 1000
74048095 887 1000
74071376 888 1000
74097926 889 1000
74125112 890 1000
74157507 891 1000
74181928 892 1000
74209821 893 1000
74238568 894 1000
74272604 895 1000
74301551 896 1000
74329037 897 1000
74359950 898 1000
74392518 899 1000
74419074 900 1000
74447756 901 1000
74476832 902 1000
74504534 903 1000
74541447 904 1000
74570519 905 1000
74604082 906 1000
74644136 907 1000
74676653 908 1000
74709621 909 1000
74739505 910 1000
74783912 911 1000
74837579 912 1000
74880268 913 1000
74923068 914 1000
74981259 915 1000
75021792 916 1000
75077772 917 1000
75121289 918 1000
75164698 919 1000
75212056 920 1000
75259688 921 1000
75310435 922 1000
75374405 923 1000
75434192 924 1000
75479645 925 1000
75548766 926 1000
75611930 927 1000
75675690 928 1000
75750063 929 1000
75815537 930 1000
75881255 931 1000
75972025 932 1000
76046136 933 1000
76162591 934 1000
76251390 935 1000
76356626 936 1000
76508359 937 1000
76632903 938 1000
76825412 939 1000
77006306 940 1000
77353426 941 1000
77740641 942 1000
78142601 943 1000
78969169 944 1000
79645814 945 1000
80627633 946 1000
82331645 947 1000
84897944 948 1000
87391100 949 1000
89443569 950 1000
91804530 951 1000
95270642 952 1000
98050901 953 1000
101162398 954 1000
105875916 955 1000
107052584 956 1000
110407565 957 1000
112494428 958 1000
115175423 959 1000
117249442 960 1000
118459840 961 1000
121688026 962 1000
122619341 963 1000
123919264 964 1000
126773683 965 1000
136803973 966 1000
139953601 967 1000
141317900 968 1000
144339234 969 1000
147274540 970 1000
151760703 971 1000
154242848 972 1000
155868938 973 1000
159751774 974 1000
164209820 975 1000
171541236 976 1000
178896350 977 1000
180541092 978 1000
188100927 979 1000
192842206 980 1000
195398531 981 1000
197049116 982 1000
205206099 983 1000
215266337 984 1000
232902816 985 1000
246067416 986 1000
255454034 987 1000
267440109 988 1000
269679651 989 1000
272080114 990 1000
280141024 991 1000
287289171 992 1000
297013248 993 1000
307756685 994 1000
320430807 995 1000
338143307 996 1000
344832430 997 1000
362667095 998 1000
377336876 999 1000
