# load avg(tp, lat, bwr, bww, cpu, tps, brps, bwps), sd(...), ci(...)
3 3 1021.86968044 79.1668248344 553044.02289 406109.927769 2.05179245283 95.4425471698 0.0 763.887622642 3 0.0 0.0 0.0 0.0 0.0 0.0 0.0 0.0 3 0.0 0.0 0.0 0.0 0.0 0.0 0.0 0.0 
4 4 1428.78922701 74.83429339 708283.365838 501966.258458 2.25127358491 102.0455884 0.0 817.370754717 4 0.0 0.0 0.0 0.0 0.0 0.0 0.0 0.0 4 0.0 0.0 0.0 0.0 0.0 0.0 0.0 0.0 
5 5 1764.11671433 75.7142948867 919866.754864 666316.177252 2.40410377358 121.325351852 0.0 970.676925926 5 0.0 0.0 0.0 0.0 0.0 0.0 0.0 0.0 5 0.0 0.0 0.0 0.0 0.0 0.0 0.0 0.0 
7 7 2407.59236103 77.8553367047 1240981.67603 891883.633861 2.55563679245 141.279943396 0.0 1131.17549057 7 0.0 0.0 0.0 0.0 0.0 0.0 0.0 0.0 7 0.0 0.0 0.0 0.0 0.0 0.0 0.0 0.0 
9 9 3210.60057575 75.9669586198 1633208.86996 1167021.10159 2.6033490566 165.601083159 0.0 1325.29755416 9 0.0 0.0 0.0 0.0 0.0 0.0 0.0 0.0 9 0.0 0.0 0.0 0.0 0.0 0.0 0.0 0.0 
12 12 4185.62610361 77.419566545 2044889.29264 1439302.4379 2.84983490566 183.159923131 0.0 1465.39790356 12 0.0 0.0 0.0 0.0 0.0 0.0 0.0 0.0 12 0.0 0.0 0.0 0.0 0.0 0.0 0.0 0.0 
16 16 5626.61937825 75.0461192927 2733371.05073 1918559.8001 3.27316911251 226.190950384 0.0 1810.07463312 16 0.0 0.0 0.0 0.0 0.0 0.0 0.0 0.0 16 0.0 0.0 0.0 0.0 0.0 0.0 0.0 0.0 
22 22 7723.01462085 73.6555652142 3837444.95699 2715651.17352 3.84945754717 254.050981132 0.0 2422.78677358 22 0.0 0.0 0.0 0.0 0.0 0.0 0.0 0.0 22 0.0 0.0 0.0 0.0 0.0 0.0 0.0 0.0 
30 30 10698.7244942 72.8676096352 5213062.95576 3683637.44614 4.38233490566 263.758490566 0.0 3134.03773585 30 0.0 0.0 0.0 0.0 0.0 0.0 0.0 0.0 30 0.0 0.0 0.0 0.0 0.0 0.0 0.0 0.0 
42 42 30582.7315182 55.3515426998 14513926.5443 10111997.3016 9.58575471698 633.144009085 0.0 7788.35382739 42 0.0 0.0 0.0 0.0 0.0 0.0 0.0 0.0 42 0.0 0.0 0.0 0.0 0.0 0.0 0.0 0.0 
58 58 33611.5905568 53.1589097705 16379679.8253 11527289.9845 10.7946308055 739.155563135 0.0 9160.54551016 58 0.0 0.0 0.0 0.0 0.0 0.0 0.0 0.0 58 0.0 0.0 0.0 0.0 0.0 0.0 0.0 0.0 
81 81 53800.0633364 53.5823959163 26590472.6764 18732841.783 15.8279591837 1200.90426 0.0 14825.53854 81 0.0 0.0 0.0 0.0 0.0 0.0 0.0 0.0 81 0.0 0.0 0.0 0.0 0.0 0.0 0.0 0.0 
100 100 60626.2634588 54.3544137091 29919900.4852 21032673.0324 17.5125510204 1319.8129 0.0 16410.96412 100 0.0 0.0 0.0 0.0 0.0 0.0 0.0 0.0 100 0.0 0.0 0.0 0.0 0.0 0.0 0.0 0.0 
150 150 62402.625495 72.3333497627 31227362.3204 22024936.2157 18.2870663265 1383.84744898 0.0 17294.1941429 150 0.0 0.0 0.0 0.0 0.0 0.0 0.0 0.0 150 0.0 0.0 0.0 0.0 0.0 0.0 0.0 0.0 
200 200 64986.8194312 88.0641451105 32003804.5639 22495634.4038 18.9431887755 1391.38367347 0.0 17392.7826122 200 0.0 0.0 0.0 0.0 0.0 0.0 0.0 0.0 200 0.0 0.0 0.0 0.0 0.0 0.0 0.0 0.0 
250 250 64952.0900346 104.318240655 32122097.5997 22611600.8759 18.964875 1399.7173 0.0 17494.03216 250 0.0 0.0 0.0 0.0 0.0 0.0 0.0 0.0 250 0.0 0.0 0.0 0.0 0.0 0.0 0.0 0.0 
300 300 63510.2519072 126.234678854 31548563.3334 22272219.9014 19.0277925532 1406.81471321 0.0 17607.4526822 300 0.0 0.0 0.0 0.0 0.0 0.0 0.0 0.0 300 0.0 0.0 0.0 0.0 0.0 0.0 0.0 0.0 
