16180678 0 1000
16823541 1 1000
17116657 2 1000
17290887 3 1000
17398928 4 1000
17419932 5 1000
17454772 6 1000
17526795 7 1000
17580373 8 1000
17656066 9 1000
17694264 10 1000
17741719 11 1000
17776152 12 1000
17860186 13 1000
17937436 14 1000
17982431 15 1000
18032114 16 1000
18090737 17 1000
18182588 18 1000
18258108 19 1000
18316449 20 1000
18376882 21 1000
18460080 22 1000
18546487 23 1000
18671181 24 1000
18791569 25 1000
18869479 26 1000
18929459 27 1000
19064293 28 1000
19272762 29 1000
19407295 30 1000
19565647 31 1000
19605619 32 1000
19671008 33 1000
19742878 34 1000
19802185 35 1000
19852451 36 1000
19906767 37 1000
20007354 38 1000
20065519 39 1000
20132713 40 1000
20183420 41 1000
20223074 42 1000
20261400 43 1000
20329532 44 1000
20370606 45 1000
20428630 46 1000
20492277 47 1000
20537426 48 1000
20584038 49 1000
20621124 50 1000
20652079 51 1000
20710905 52 1000
20775923 53 1000
20826494 54 1000
20857253 55 1000
20893010 56 1000
20942873 57 1000
20979221 58 1000
21027085 59 1000
21070487 60 1000
21123762 61 1000
21186335 62 1000
21223729 63 1000
21276660 64 1000
21297099 65 1000
21311226 66 1000
21339827 67 1000
21366122 68 1000
21432538 69 1000
21473855 70 1000
21536820 71 1000
21560829 72 1000
21592662 73 1000
21636783 74 1000
21663099 75 1000
21713515 76 1000
21724418 77 1000
21752510 78 1000
21791251 79 1000
21832169 80 1000
21869994 81 1000
21894696 82 1000
21936538 83 1000
21979662 84 1000
22010643 85 1000
22061295 86 1000
22111349 87 1000
22147061 88 1000
22187620 89 1000
22226320 90 1000
22254761 91 1000
22287791 92 1000
22329015 93 1000
22364001 94 1000
22418334 95 1000
22431841 96 1000
22448065 97 1000
22500920 98 1000
22533294 99 1000
22558847 100 1000
22584420 101 1000
22619554 102 1000
22668813 103 1000
22703720 104 1000
22724027 105 1000
22769879 106 1000
22790238 107 1000
22817065 108 1000
22867352 109 1000
22884011 110 1000
22903005 111 1000
22938198 112 1000
22955113 113 1000
22995961 114 1000
23048798 115 1000
23071691 116 1000
23100841 117 1000
23124955 118 1000
23163041 119 1000
23197351 120 1000
23222652 121 1000
23253340 122 1000
23296330 123 1000
23328375 124 1000
23378493 125 1000
23410895 126 1000
23439624 127 1000
23456387 128 1000
23485487 129 1000
23508692 130 1000
23564677 131 1000
23612891 132 1000
23657012 133 1000
23701993 134 1000
23740476 135 1000
23772893 136 1000
23802591 137 1000
23820063 138 1000
23840076 139 1000
23890553 140 1000
23908411 141 1000
23958823 142 1000
23985867 143 1000
24053178 144 1000
24109349 145 1000
24135443 146 1000
24168379 147 1000
24189989 148 1000
24202893 149 1000
24219750 150 1000
24233522 151 1000
24270769 152 1000
24300791 153 1000
24326928 154 1000
24365939 155 1000
24397490 156 1000
24421428 157 1000
24430634 158 1000
24446750 159 1000
24483523 160 1000
24508994 161 1000
24524642 162 1000
24542999 163 1000
24555488 164 1000
24589773 165 1000
24614618 166 1000
24636105 167 1000
24655491 168 1000
24681944 169 1000
24690313 170 1000
24710593 171 1000
24735187 172 1000
24754112 173 1000
24768414 174 1000
24790171 175 1000
24798792 176 1000
24863650 177 1000
24885750 178 1000
24925589 179 1000
24955484 180 1000
24967181 181 1000
24974687 182 1000
24996371 183 1000
25037747 184 1000
25070420 185 1000
25087878 186 1000
25109702 187 1000
25142209 188 1000
25168424 189 1000
25193462 190 1000
25223273 191 1000
25241632 192 1000
25288944 193 1000
25317360 194 1000
25350329 195 1000
25387610 196 1000
25407035 197 1000
25450957 198 1000
25494438 199 1000
25527291 200 1000
25551088 201 1000
25566877 202 1000
25579742 203 1000
25609134 204 1000
25639772 205 1000
25685371 206 1000
25704303 207 1000
25739168 208 1000
25769032 209 1000
25805888 210 1000
25838319 211 1000
25861014 212 1000
25896203 213 1000
25945556 214 1000
25966626 215 1000
26006605 216 1000
26048735 217 1000
26087821 218 1000
26132471 219 1000
26202023 220 1000
26243918 221 1000
26271058 222 1000
26281877 223 1000
26335479 224 1000
26375645 225 1000
26417925 226 1000
26434264 227 1000
26469999 228 1000
26487429 229 1000
26513846 230 1000
26526923 231 1000
26556247 232 1000
26577450 233 1000
26606116 234 1000
26637912 235 1000
26663906 236 1000
26680962 237 1000
26711367 238 1000
26726490 239 1000
26746415 240 1000
26769558 241 1000
26788077 242 1000
26824742 243 1000
26859471 244 1000
26884236 245 1000
26909772 246 1000
26938337 247 1000
26976127 248 1000
27007427 249 1000
27017584 250 1000
27042162 251 1000
27055367 252 1000
27088075 253 1000
27108121 254 1000
27174787 255 1000
27192969 256 1000
27207007 257 1000
27227275 258 1000
27248836 259 1000
27280277 260 1000
27309917 261 1000
27344388 262 1000
27368990 263 1000
27391813 264 1000
27422298 265 1000
27439485 266 1000
27472674 267 1000
27492921 268 1000
27517084 269 1000
27528881 270 1000
27544011 271 1000
27562698 272 1000
27589173 273 1000
27599264 274 1000
27639523 275 1000
27656983 276 1000
27680219 277 1000
27703921 278 1000
27726048 279 1000
27743275 280 1000
27775957 281 1000
27800327 282 1000
27827314 283 1000
27842921 284 1000
27863466 285 1000
27889152 286 1000
27908676 287 1000
27930654 288 1000
27966224 289 1000
28003688 290 1000
28023779 291 1000
28052117 292 1000
28073790 293 1000
28098411 294 1000
28130358 295 1000
28144734 296 1000
28163875 297 1000
28179414 298 1000
28206669 299 1000
28229036 300 1000
28253782 301 1000
28272007 302 1000
28290885 303 1000
28312880 304 1000
28340846 305 1000
28360784 306 1000
28382853 307 1000
28403677 308 1000
28436925 309 1000
28463960 310 1000
28477863 311 1000
28487625 312 1000
28495709 313 1000
28505551 314 1000
28524808 315 1000
28540042 316 1000
28564692 317 1000
28579901 318 1000
28606013 319 1000
28623190 320 1000
28643130 321 1000
28655746 322 1000
28669674 323 1000
28689921 324 1000
28709636 325 1000
28736699 326 1000
28763759 327 1000
28784364 328 1000
28808765 329 1000
28823320 330 1000
28858329 331 1000
28879477 332 1000
28894923 333 1000
28911017 334 1000
28922824 335 1000
28955191 336 1000
28972640 337 1000
28992918 338 1000
29018941 339 1000
29042765 340 1000
29060007 341 1000
29094085 342 1000
29111276 343 1000
29137888 344 1000
29160676 345 1000
29200860 346 1000
29212777 347 1000
29223844 348 1000
29241611 349 1000
29255558 350 1000
29293124 351 1000
29318564 352 1000
29340571 353 1000
29355840 354 1000
29371440 355 1000
29385194 356 1000
29406531 357 1000
29426411 358 1000
29441433 359 1000
29461399 360 1000
29479401 361 1000
29510781 362 1000
29542138 363 1000
29561425 364 1000
29577557 365 1000
29601370 366 1000
29621074 367 1000
29636676 368 1000
29655157 369 1000
29674943 370 1000
29702408 371 1000
29715069 372 1000
29736721 373 1000
29751069 374 1000
29794883 375 1000
29819199 376 1000
29835604 377 1000
29867874 378 1000
29891553 379 1000
29911922 380 1000
29930659 381 1000
29957852 382 1000
29977598 383 1000
29998299 384 1000
30023431 385 1000
30042960 386 1000
30061626 387 1000
30082745 388 1000
30108332 389 1000
30136782 390 1000
30172294 391 1000
30188261 392 1000
30231601 393 1000
30246601 394 1000
30262499 395 1000
30276836 396 1000
30291234 397 1000
30318843 398 1000
30344777 399 1000
30366107 400 1000
30380374 401 1000
30398462 402 1000
30412213 403 1000
30434289 404 1000
30457284 405 1000
30491473 406 1000
30508589 407 1000
30516010 408 1000
30530884 409 1000
30543069 410 1000
30569018 411 1000
30584499 412 1000
30591754 413 1000
30604016 414 1000
30621601 415 1000
30633908 416 1000
30654287 417 1000
30686306 418 1000
30714638 419 1000
30728261 420 1000
30759200 421 1000
30776947 422 1000
30814659 423 1000
30835814 424 1000
30857837 425 1000
30895525 426 1000
30922821 427 1000
30942674 428 1000
30960916 429 1000
30984515 430 1000
30997954 431 1000
31025997 432 1000
31043861 433 1000
31064411 434 1000
31091192 435 1000
31114174 436 1000
31125345 437 1000
31160278 438 1000
31187379 439 1000
31212686 440 1000
31239064 441 1000
31254377 442 1000
31269206 443 1000
31283184 444 1000
31300435 445 1000
31319915 446 1000
31335890 447 1000
31350962 448 1000
31362900 449 1000
31378413 450 1000
31413391 451 1000
31433847 452 1000
31453002 453 1000
31472354 454 1000
31493974 455 1000
31511199 456 1000
31532232 457 1000
31542634 458 1000
31554531 459 1000
31571978 460 1000
31591259 461 1000
31602420 462 1000
31616342 463 1000
31624557 464 1000
31634343 465 1000
31652529 466 1000
31668739 467 1000
31674296 468 1000
31689199 469 1000
31713680 470 1000
31731779 471 1000
31744814 472 1000
31750208 473 1000
31762469 474 1000
31775470 475 1000
31801399 476 1000
31809875 477 1000
31815397 478 1000
31829546 479 1000
31848127 480 1000
31863481 481 1000
31881647 482 1000
31902709 483 1000
31929468 484 1000
31937994 485 1000
31952529 486 1000
31964065 487 1000
31973394 488 1000
31983130 489 1000
31998174 490 1000
32015837 491 1000
32031457 492 1000
32049365 493 1000
32059456 494 1000
32076528 495 1000
32093655 496 1000
32108549 497 1000
32116489 498 1000
32136458 499 1000
32152363 500 1000
32164058 501 1000
32181797 502 1000
32195409 503 1000
32203159 504 1000
32215426 505 1000
32223386 506 1000
32236616 507 1000
32252912 508 1000
32268456 509 1000
32274276 510 1000
32302268 511 1000
32335601 512 1000
32351170 513 1000
32359737 514 1000
32371402 515 1000
32391727 516 1000
32414029 517 1000
32439871 518 1000
32464384 519 1000
32495724 520 1000
32518455 521 1000
32527702 522 1000
32546682 523 1000
32559929 524 1000
32567321 525 1000
32583562 526 1000
32603245 527 1000
32610479 528 1000
32624276 529 1000
32630119 530 1000
32635861 531 1000
32651333 532 1000
32665189 533 1000
32680550 534 1000
32689156 535 1000
32710736 536 1000
32727947 537 1000
32745343 538 1000
32762552 539 1000
32784239 540 1000
32797762 541 1000
32819017 542 1000
32825793 543 1000
32845883 544 1000
32865873 545 1000
32883419 546 1000
32894095 547 1000
32908330 548 1000
32925081 549 1000
32943705 550 1000
32971439 551 1000
33002894 552 1000
33015725 553 1000
33029649 554 1000
33055672 555 1000
33075036 556 1000
33082228 557 1000
33094829 558 1000
33110600 559 1000
33126068 560 1000
33139803 561 1000
33154714 562 1000
33187920 563 1000
33204570 564 1000
33223923 565 1000
33248502 566 1000
33269055 567 1000
33291004 568 1000
33312651 569 1000
33329847 570 1000
33346599 571 1000
33360130 572 1000
33372353 573 1000
33385450 574 1000
33405028 575 1000
33415194 576 1000
33424817 577 1000
33439794 578 1000
33461022 579 1000
33473529 580 1000
33492732 581 1000
33503325 582 1000
33514319 583 1000
33530110 584 1000
33545067 585 1000
33557667 586 1000
33569617 587 1000
33589742 588 1000
33603081 589 1000
33625033 590 1000
33630707 591 1000
33638926 592 1000
33668386 593 1000
33677745 594 1000
33692166 595 1000
33709680 596 1000
33736047 597 1000
33749335 598 1000
33764967 599 1000
33780866 600 1000
33793586 601 1000
33813431 602 1000
33823794 603 1000
33854346 604 1000
33875415 605 1000
33892664 606 1000
33903253 607 1000
33925581 608 1000
33951560 609 1000
33963497 610 1000
33987491 611 1000
33998370 612 1000
34013677 613 1000
34030659 614 1000
34055555 615 1000
34075900 616 1000
34089539 617 1000
34102667 618 1000
34125934 619 1000
34137569 620 1000
34153779 621 1000
34180343 622 1000
34206031 623 1000
34226949 624 1000
34256438 625 1000
34274729 626 1000
34295316 627 1000
34315104 628 1000
34336135 629 1000
34353188 630 1000
34391584 631 1000
34420907 632 1000
34444737 633 1000
34460043 634 1000
34472491 635 1000
34491056 636 1000
34514883 637 1000
34532770 638 1000
34549718 639 1000
34575477 640 1000
34587060 641 1000
34611896 642 1000
34644496 643 1000
34673158 644 1000
34689566 645 1000
34713518 646 1000
34738324 647 1000
34760091 648 1000
34778650 649 1000
34803923 650 1000
34825710 651 1000
34854470 652 1000
34879404 653 1000
34901830 654 1000
34928513 655 1000
34950428 656 1000
34973959 657 1000
34998163 658 1000
35010661 659 1000
35033146 660 1000
35054241 661 1000
35074617 662 1000
35099278 663 1000
35141465 664 1000
35160682 665 1000
35181454 666 1000
35212744 667 1000
35238225 668 1000
35260234 669 1000
35279540 670 1000
35305832 671 1000
35324157 672 1000
35341404 673 1000
35352229 674 1000
35384214 675 1000
35401129 676 1000
35429955 677 1000
35442488 678 1000
35470074 679 1000
35488998 680 1000
35512848 681 1000
35527356 682 1000
35543149 683 1000
35564452 684 1000
35581377 685 1000
35589933 686 1000
35610515 687 1000
35639016 688 1000
35654558 689 1000
35678905 690 1000
35700284 691 1000
35738695 692 1000
35760096 693 1000
35783139 694 1000
35804949 695 1000
35818220 696 1000
35832350 697 1000
35848017 698 1000
35869799 699 1000
35890829 700 1000
35904016 701 1000
35935819 702 1000
35954588 703 1000
35984989 704 1000
36006748 705 1000
36042937 706 1000
36083582 707 1000
36130317 708 1000
36154376 709 1000
36171017 710 1000
36187196 711 1000
36209913 712 1000
36217368 713 1000
36254813 714 1000
36278221 715 1000
36321838 716 1000
36362275 717 1000
36381136 718 1000
36412471 719 1000
36423384 720 1000
36439289 721 1000
36461391 722 1000
36488864 723 1000
36523928 724 1000
36542403 725 1000
36563372 726 1000
36600493 727 1000
36608885 728 1000
36621686 729 1000
36656908 730 1000
36691018 731 1000
36731760 732 1000
36754266 733 1000
36798474 734 1000
36821563 735 1000
36844628 736 1000
36862349 737 1000
36896553 738 1000
36938934 739 1000
36963431 740 1000
36994492 741 1000
37028238 742 1000
37054522 743 1000
37069615 744 1000
37097778 745 1000
37136612 746 1000
37178583 747 1000
37199851 748 1000
37266927 749 1000
37285962 750 1000
37312370 751 1000
37340930 752 1000
37353856 753 1000
37370742 754 1000
37383973 755 1000
37409286 756 1000
37436218 757 1000
37458285 758 1000
37490930 759 1000
37509087 760 1000
37523991 761 1000
37550148 762 1000
37574255 763 1000
37611993 764 1000
37634030 765 1000
37681087 766 1000
37724735 767 1000
37760271 768 1000
37797306 769 1000
37862192 770 1000
37886515 771 1000
37910298 772 1000
37955913 773 1000
37972046 774 1000
37998120 775 1000
38021906 776 1000
38042341 777 1000
38072748 778 1000
38111085 779 1000
38130474 780 1000
38153601 781 1000
38186678 782 1000
38220860 783 1000
38263330 784 1000
38289319 785 1000
38318002 786 1000
38364938 787 1000
38393714 788 1000
38408225 789 1000
38441979 790 1000
38487334 791 1000
38523150 792 1000
38549096 793 1000
38583020 794 1000
38625594 795 1000
38648734 796 1000
38677764 797 1000
38706532 798 1000
38742540 799 1000
38761959 800 1000
38782510 801 1000
38802964 802 1000
38824539 803 1000
38837419 804 1000
38850422 805 1000
38875422 806 1000
38905251 807 1000
38917308 808 1000
38943864 809 1000
38967511 810 1000
38989833 811 1000
39006669 812 1000
39054944 813 1000
39082589 814 1000
39160343 815 1000
39200344 816 1000
39249421 817 1000
39280321 818 1000
39317028 819 1000
39336714 820 1000
39361777 821 1000
39383313 822 1000
39410878 823 1000
39429170 824 1000
39439655 825 1000
39460659 826 1000
39509460 827 1000
39556299 828 1000
39593828 829 1000
39619414 830 1000
39650666 831 1000
39669415 832 1000
39702345 833 1000
39727041 834 1000
39751056 835 1000
39788948 836 1000
39816282 837 1000
39863554 838 1000
39896931 839 1000
39919585 840 1000
39953897 841 1000
39980759 842 1000
40007799 843 1000
40039820 844 1000
40089970 845 1000
40127038 846 1000
40160920 847 1000
40179857 848 1000
40234710 849 1000
40279223 850 1000
40314969 851 1000
40345794 852 1000
40399615 853 1000
40417080 854 1000
40447425 855 1000
40495546 856 1000
40512037 857 1000
40550207 858 1000
40584560 859 1000
40634905 860 1000
40656912 861 1000
40686072 862 1000
40729107 863 1000
40766069 864 1000
40820329 865 1000
40859692 866 1000
40897580 867 1000
40915110 868 1000
40940088 869 1000
40960775 870 1000
40975158 871 1000
40991402 872 1000
41021130 873 1000
41048317 874 1000
41065529 875 1000
41105027 876 1000
41138269 877 1000
41165877 878 1000
41190416 879 1000
41208962 880 1000
41232772 881 1000
41260382 882 1000
41289687 883 1000
41322083 884 1000
41369791 885 1000
41406848 886 1000
41415316 887 1000
41440584 888 1000
41469535 889 1000
41489741 890 1000
41528272 891 1000
41579453 892 1000
41598960 893 1000
41651105 894 1000
41694807 895 1000
41723124 896 1000
41785926 897 1000
41816339 898 1000
41861883 899 1000
41906870 900 1000
41943985 901 1000
41952449 902 1000
41978206 903 1000
42011734 904 1000
42042236 905 1000
42078827 906 1000
42115388 907 1000
42178917 908 1000
42220964 909 1000
42246541 910 1000
42279851 911 1000
42308769 912 1000
42401720 913 1000
42449892 914 1000
42469540 915 1000
42507107 916 1000
42553166 917 1000
42571291 918 1000
42603529 919 1000
42634561 920 1000
42654411 921 1000
42707568 922 1000
42741786 923 1000
42812338 924 1000
42871049 925 1000
42889957 926 1000
42933833 927 1000
42958005 928 1000
42984503 929 1000
43040327 930 1000
43095193 931 1000
43171166 932 1000
43223527 933 1000
43263589 934 1000
43297544 935 1000
43332727 936 1000
43379798 937 1000
43425869 938 1000
43472212 939 1000
43512402 940 1000
43608072 941 1000
43662073 942 1000
43728819 943 1000
43776031 944 1000
43862208 945 1000
43939463 946 1000
44073363 947 1000
44172665 948 1000
44280077 949 1000
44326475 950 1000
44403032 951 1000
44480085 952 1000
44567984 953 1000
44616582 954 1000
44742632 955 1000
44862688 956 1000
44926844 957 1000
45005016 958 1000
45115635 959 1000
45215172 960 1000
45467149 961 1000
45546826 962 1000
45657832 963 1000
45694409 964 1000
45804133 965 1000
45893073 966 1000
46051784 967 1000
46165886 968 1000
46271591 969 1000
46367808 970 1000
46426514 971 1000
46557778 972 1000
46635754 973 1000
46699487 974 1000
46822673 975 1000
46899764 976 1000
46960761 977 1000
47128319 978 1000
47218590 979 1000
47369513 980 1000
47567881 981 1000
47802700 982 1000
48006429 983 1000
48109328 984 1000
48325571 985 1000
48522153 986 1000
48799458 987 1000
48913205 988 1000
49113814 989 1000
49419995 990 1000
49540225 991 1000
49828763 992 1000
50035484 993 1000
50272870 994 1000
50530239 995 1000
50601629 996 1000
50879084 997 1000
51182536 998 1000
51549167 999 1000
