# load avg(tp, lat, bwr, bww, cpu, tps, brps, bwps), sd(...), ci(...)
15 15 5222.11299064 77.2184461287 1695217.03923 1321844.79213 3.46218670281 305.803809524 0.0 2447.37379819 15 0.0 0.0 0.0 0.0 0.0 0.0 0.0 0.0 15 0.0 0.0 0.0 0.0 0.0 0.0 0.0 0.0 
21 21 7396.23025867 76.2033999051 2387596.50267 1861557.38785 3.86878826531 377.70468254 0.0 3022.42670068 21 0.0 0.0 0.0 0.0 0.0 0.0 0.0 0.0 21 0.0 0.0 0.0 0.0 0.0 0.0 0.0 0.0 
29 29 10311.5939369 74.6739822873 3391034.56536 2640155.63098 4.05058756039 478.609171498 0.0 3829.08198578 29 0.0 0.0 0.0 0.0 0.0 0.0 0.0 0.0 29 0.0 0.0 0.0 0.0 0.0 0.0 0.0 0.0 
40 40 13696.2671252 75.069474653 4489617.59737 3496989.37096 4.59227958937 560.890189211 0.0 4699.23145062 40 0.0 0.0 0.0 0.0 0.0 0.0 0.0 0.0 40 0.0 0.0 0.0 0.0 0.0 0.0 0.0 0.0 
56 56 19643.7517916 73.4557405889 6431779.7508 5005084.03522 5.534022343 586.235632045 0.0 6312.02858427 56 0.0 0.0 0.0 0.0 0.0 0.0 0.0 0.0 56 0.0 0.0 0.0 0.0 0.0 0.0 0.0 0.0 
78 78 64787.1031218 49.2233965254 21107509.4612 16429224.4503 14.9846666667 1571.50025926 0.0 19466.0739031 78 0.0 0.0 0.0 0.0 0.0 0.0 0.0 0.0 78 0.0 0.0 0.0 0.0 0.0 0.0 0.0 0.0 
109 109 63810.9541349 55.1763534082 20982499.5291 16356457.6477 14.8418828502 1550.40220773 0.0 19220.4883953 109 0.0 0.0 0.0 0.0 0.0 0.0 0.0 0.0 109 0.0 0.0 0.0 0.0 0.0 0.0 0.0 0.0 
152 152 102877.416343 53.8968405003 33417567.3544 26003633.0899 22.8862777778 2471.57469136 0.0 30768.2594321 152 0.0 0.0 0.0 0.0 0.0 0.0 0.0 0.0 152 0.0 0.0 0.0 0.0 0.0 0.0 0.0 0.0 
212 212 119376.508704 60.485944406 39048102.8835 30371689.9622 26.4044396135 2848.71016049 0.0 35650.1133827 212 0.0 0.0 0.0 0.0 0.0 0.0 0.0 0.0 212 0.0 0.0 0.0 0.0 0.0 0.0 0.0 0.0 
296 296 127417.765235 69.8053852128 41524160.235 32334700.2526 27.9307563131 3023.36612346 0.0 37942.7611111 296 0.0 0.0 0.0 0.0 0.0 0.0 0.0 0.0 296 0.0 0.0 0.0 0.0 0.0 0.0 0.0 0.0 
414 414 128828.755616 89.1086743463 42335078.0631 32930249.7938 28.8227130682 3063.18045455 0.0 38480.7975379 414 0.0 0.0 0.0 0.0 0.0 0.0 0.0 0.0 414 0.0 0.0 0.0 0.0 0.0 0.0 0.0 0.0 
500 500 128376.864517 104.339420106 41958215.2083 32684186.3144 29.0830140063 3048.57634191 0.0 38272.6158295 500 0.0 0.0 0.0 0.0 0.0 0.0 0.0 0.0 500 0.0 0.0 0.0 0.0 0.0 0.0 0.0 0.0 
600 600 128986.46887 122.192995796 42629493.3145 33187490.2433 29.7759354236 3072.03310847 0.0 38619.7297364 600 0.0 0.0 0.0 0.0 0.0 0.0 0.0 0.0 600 0.0 0.0 0.0 0.0 0.0 0.0 0.0 0.0 
700 700 128984.690462 142.04167258 42394403.5401 33047105.5438 30.147371189 3053.48349593 0.0 38385.4665718 700 0.0 0.0 0.0 0.0 0.0 0.0 0.0 0.0 700 0.0 0.0 0.0 0.0 0.0 0.0 0.0 0.0 
800 800 130637.888048 159.517276289 42779479.7384 33332500.0189 31.2035796494 3103.73104167 0.0 39048.0667083 800 0.0 0.0 0.0 0.0 0.0 0.0 0.0 0.0 800 0.0 0.0 0.0 0.0 0.0 0.0 0.0 0.0 
900 900 131006.699479 177.915210983 41476601.1794 32305733.0426 32.0339038866 3056.99187302 0.0 38425.5991111 900 0.0 0.0 0.0 0.0 0.0 0.0 0.0 0.0 900 0.0 0.0 0.0 0.0 0.0 0.0 0.0 0.0 
1000 1000 132086.796586 196.371218262 43066918.7019 33578498.4424 32.1156106151 3121.37938272 0.0 39280.3149074 1000 0.0 0.0 0.0 0.0 0.0 0.0 0.0 0.0 1000 0.0 0.0 0.0 0.0 0.0 0.0 0.0 0.0 
