12348924 0 1000
15348795 1 1000
16022194 2 1000
16364247 3 1000
16925033 4 1000
17316768 5 1000
17642250 6 1000
17899937 7 1000
18052939 8 1000
18195836 9 1000
18372839 10 1000
18585297 11 1000
18773278 12 1000
18931385 13 1000
19124008 14 1000
19241720 15 1000
19355040 16 1000
19499788 17 1000
19594804 18 1000
19668026 19 1000
19740985 20 1000
19813323 21 1000
19898042 22 1000
19969098 23 1000
20047856 24 1000
20141158 25 1000
20254713 26 1000
20331586 27 1000
20437491 28 1000
20530690 29 1000
20633590 30 1000
20746066 31 1000
20874545 32 1000
20966983 33 1000
21042940 34 1000
21130246 35 1000
21211281 36 1000
21300377 37 1000
21404726 38 1000
21490008 39 1000
21575805 40 1000
21664155 41 1000
21739912 42 1000
21822144 43 1000
21920121 44 1000
21974601 45 1000
22046729 46 1000
22161254 47 1000
22266482 48 1000
22382711 49 1000
22467678 50 1000
22543674 51 1000
22626646 52 1000
22691414 53 1000
22763570 54 1000
22833172 55 1000
22919838 56 1000
22985418 57 1000
23040646 58 1000
23121576 59 1000
23204810 60 1000
23263664 61 1000
23321215 62 1000
23366475 63 1000
23412703 64 1000
23481964 65 1000
23551101 66 1000
23606082 67 1000
23668998 68 1000
23732952 69 1000
23793623 70 1000
23860459 71 1000
23914070 72 1000
23972283 73 1000
24046079 74 1000
24105187 75 1000
24194035 76 1000
24259417 77 1000
24328836 78 1000
24428887 79 1000
24538418 80 1000
24597953 81 1000
24689539 82 1000
24768869 83 1000
24856452 84 1000
24933375 85 1000
24981326 86 1000
25039988 87 1000
25126605 88 1000
25212721 89 1000
25316229 90 1000
25402158 91 1000
25472471 92 1000
25533077 93 1000
25591733 94 1000
25647345 95 1000
25704189 96 1000
25771804 97 1000
25843946 98 1000
25890160 99 1000
25969243 100 1000
26047820 101 1000
26107426 102 1000
26170758 103 1000
26239820 104 1000
26322912 105 1000
26391184 106 1000
26452202 107 1000
26517415 108 1000
26560723 109 1000
26615442 110 1000
26660053 111 1000
26734182 112 1000
26780482 113 1000
26844876 114 1000
26896670 115 1000
26980619 116 1000
27017593 117 1000
27079511 118 1000
27136582 119 1000
27185179 120 1000
27239963 121 1000
27284573 122 1000
27329069 123 1000
27382072 124 1000
27413102 125 1000
27469104 126 1000
27521093 127 1000
27572272 128 1000
27605334 129 1000
27650882 130 1000
27691359 131 1000
27734449 132 1000
27780418 133 1000
27824361 134 1000
27855348 135 1000
27900084 136 1000
27943926 137 1000
28007846 138 1000
28050844 139 1000
28097609 140 1000
28141619 141 1000
28180812 142 1000
28218591 143 1000
28255420 144 1000
28307779 145 1000
28346755 146 1000
28383747 147 1000
28414977 148 1000
28455073 149 1000
28494586 150 1000
28538381 151 1000
28585377 152 1000
28625416 153 1000
28661155 154 1000
28699966 155 1000
28732141 156 1000
28779583 157 1000
28818343 158 1000
28844195 159 1000
28885227 160 1000
28921972 161 1000
28962405 162 1000
29009985 163 1000
29045192 164 1000
29088135 165 1000
29118624 166 1000
29159000 167 1000
29193619 168 1000
29227585 169 1000
29268359 170 1000
29307094 171 1000
29343694 172 1000
29394075 173 1000
29435179 174 1000
29491575 175 1000
29533633 176 1000
29570320 177 1000
29607708 178 1000
29640861 179 1000
29667310 180 1000
29698618 181 1000
29727568 182 1000
29771261 183 1000
29801943 184 1000
29843261 185 1000
29871048 186 1000
29915472 187 1000
29948619 188 1000
29996657 189 1000
30034098 190 1000
30071747 191 1000
30116138 192 1000
30154541 193 1000
30191581 194 1000
30224382 195 1000
30268784 196 1000
30302477 197 1000
30340804 198 1000
30379114 199 1000
30416231 200 1000
30447298 201 1000
30476651 202 1000
30516507 203 1000
30567565 204 1000
30604403 205 1000
30644962 206 1000
30673467 207 1000
30708287 208 1000
30746556 209 1000
30788457 210 1000
30834894 211 1000
30868992 212 1000
30908206 213 1000
30958370 214 1000
31001393 215 1000
31034793 216 1000
31065020 217 1000
31096984 218 1000
31125683 219 1000
31163564 220 1000
31217394 221 1000
31256242 222 1000
31284151 223 1000
31327760 224 1000
31360834 225 1000
31396893 226 1000
31426993 227 1000
31458752 228 1000
31485337 229 1000
31514824 230 1000
31540227 231 1000
31571983 232 1000
31600872 233 1000
31629339 234 1000
31665942 235 1000
31701272 236 1000
31730026 237 1000
31766477 238 1000
31809156 239 1000
31835928 240 1000
31868463 241 1000
31904577 242 1000
31949150 243 1000
31987199 244 1000
32018890 245 1000
32056368 246 1000
32100282 247 1000
32131492 248 1000
32165673 249 1000
32198100 250 1000
32248961 251 1000
32275786 252 1000
32317773 253 1000
32361025 254 1000
32398426 255 1000
32420387 256 1000
32470847 257 1000
32515765 258 1000
32540174 259 1000
32581894 260 1000
32614268 261 1000
32647718 262 1000
32685348 263 1000
32715512 264 1000
32740998 265 1000
32772999 266 1000
32803674 267 1000
32834970 268 1000
32855672 269 1000
32885157 270 1000
32910855 271 1000
32934430 272 1000
32965067 273 1000
32996493 274 1000
33025478 275 1000
33048786 276 1000
33076702 277 1000
33096423 278 1000
33122307 279 1000
33149280 280 1000
33175635 281 1000
33199950 282 1000
33217960 283 1000
33244321 284 1000
33272364 285 1000
33296082 286 1000
33325288 287 1000
33350184 288 1000
33376340 289 1000
33401984 290 1000
33429042 291 1000
33455727 292 1000
33479868 293 1000
33500387 294 1000
33519942 295 1000
33545782 296 1000
33564612 297 1000
33588373 298 1000
33608865 299 1000
33630540 300 1000
33654215 301 1000
33681895 302 1000
33708381 303 1000
33732241 304 1000
33759567 305 1000
33780799 306 1000
33804740 307 1000
33830497 308 1000
33850778 309 1000
33879196 310 1000
33905234 311 1000
33920457 312 1000
33951351 313 1000
33983662 314 1000
34008311 315 1000
34032152 316 1000
34061362 317 1000
34098938 318 1000
34129528 319 1000
34152915 320 1000
34179802 321 1000
34210747 322 1000
34235430 323 1000
34273937 324 1000
34303683 325 1000
34330248 326 1000
34360670 327 1000
34388648 328 1000
34415954 329 1000
34447978 330 1000
34476099 331 1000
34499102 332 1000
34522583 333 1000
34548338 334 1000
34580964 335 1000
34617631 336 1000
34649040 337 1000
34683889 338 1000
34711297 339 1000
34746435 340 1000
34776212 341 1000
34799638 342 1000
34820444 343 1000
34842718 344 1000
34862982 345 1000
34890276 346 1000
34912080 347 1000
34936245 348 1000
34956283 349 1000
34981026 350 1000
35000604 351 1000
35028289 352 1000
35049350 353 1000
35074206 354 1000
35105316 355 1000
35130482 356 1000
35163576 357 1000
35196688 358 1000
35227574 359 1000
35264116 360 1000
35293159 361 1000
35330872 362 1000
35373649 363 1000
35405428 364 1000
35441284 365 1000
35462828 366 1000
35483105 367 1000
35509473 368 1000
35530181 369 1000
35561778 370 1000
35588126 371 1000
35615027 372 1000
35646963 373 1000
35671019 374 1000
35688281 375 1000
35720387 376 1000
35745867 377 1000
35778011 378 1000
35803756 379 1000
35836922 380 1000
35858176 381 1000
35885086 382 1000
35913768 383 1000
35943467 384 1000
35969147 385 1000
35999117 386 1000
36029243 387 1000
36064182 388 1000
36098881 389 1000
36128354 390 1000
36156436 391 1000
36185387 392 1000
36219407 393 1000
36257621 394 1000
36273731 395 1000
36294190 396 1000
36319428 397 1000
36347956 398 1000
36373542 399 1000
36401247 400 1000
36427349 401 1000
36456044 402 1000
36477489 403 1000
36503937 404 1000
36535244 405 1000
36557487 406 1000
36583083 407 1000
36607321 408 1000
36626041 409 1000
36646349 410 1000
36669343 411 1000
36689016 412 1000
36713656 413 1000
36732067 414 1000
36755425 415 1000
36788248 416 1000
36809817 417 1000
36835626 418 1000
36861501 419 1000
36886794 420 1000
36910984 421 1000
36935096 422 1000
36963260 423 1000
36990743 424 1000
37010167 425 1000
37037301 426 1000
37056542 427 1000
37078300 428 1000
37094244 429 1000
37115054 430 1000
37136110 431 1000
37151820 432 1000
37172348 433 1000
37190886 434 1000
37208223 435 1000
37233688 436 1000
37257118 437 1000
37280576 438 1000
37299267 439 1000
37324268 440 1000
37350681 441 1000
37371922 442 1000
37402395 443 1000
37419497 444 1000
37446239 445 1000
37471074 446 1000
37491193 447 1000
37514154 448 1000
37541268 449 1000
37569171 450 1000
37594221 451 1000
37619696 452 1000
37649246 453 1000
37663448 454 1000
37681653 455 1000
37702180 456 1000
37716533 457 1000
37732155 458 1000
37757580 459 1000
37773348 460 1000
37786824 461 1000
37802994 462 1000
37821822 463 1000
37840760 464 1000
37855475 465 1000
37866133 466 1000
37877337 467 1000
37896517 468 1000
37910192 469 1000
37927306 470 1000
37940448 471 1000
37954434 472 1000
37967993 473 1000
37986752 474 1000
38002437 475 1000
38020162 476 1000
38036460 477 1000
38057228 478 1000
38076735 479 1000
38100781 480 1000
38117955 481 1000
38130961 482 1000
38150916 483 1000
38168060 484 1000
38181299 485 1000
38192376 486 1000
38207190 487 1000
38228452 488 1000
38244838 489 1000
38261620 490 1000
38279234 491 1000
38296942 492 1000
38314855 493 1000
38332748 494 1000
38350443 495 1000
38364335 496 1000
38378467 497 1000
38397202 498 1000
38410573 499 1000
38423936 500 1000
38441651 501 1000
38452166 502 1000
38471859 503 1000
38489603 504 1000
38509885 505 1000
38524649 506 1000
38538765 507 1000
38559313 508 1000
38571140 509 1000
38590804 510 1000
38606601 511 1000
38627831 512 1000
38646881 513 1000
38664143 514 1000
38683061 515 1000
38698168 516 1000
38716318 517 1000
38728601 518 1000
38755377 519 1000
38780035 520 1000
38801672 521 1000
38816794 522 1000
38842695 523 1000
38864182 524 1000
38883532 525 1000
38904514 526 1000
38921835 527 1000
38943706 528 1000
38965146 529 1000
38984030 530 1000
39001646 531 1000
39028893 532 1000
39060026 533 1000
39080071 534 1000
39105922 535 1000
39129031 536 1000
39156551 537 1000
39176623 538 1000
39196968 539 1000
39232210 540 1000
39254568 541 1000
39278698 542 1000
39303029 543 1000
39327029 544 1000
39351031 545 1000
39373086 546 1000
39399743 547 1000
39432988 548 1000
39466044 549 1000
39493514 550 1000
39516761 551 1000
39541662 552 1000
39561708 553 1000
39590052 554 1000
39619027 555 1000
39644413 556 1000
39685788 557 1000
39713579 558 1000
39739954 559 1000
39760630 560 1000
39791510 561 1000
39824240 562 1000
39854055 563 1000
39890845 564 1000
39932311 565 1000
39955360 566 1000
39993069 567 1000
40015788 568 1000
40036132 569 1000
40067132 570 1000
40097896 571 1000
40121105 572 1000
40144312 573 1000
40162350 574 1000
40181538 575 1000
40211442 576 1000
40243621 577 1000
40279885 578 1000
40316313 579 1000
40347416 580 1000
40382021 581 1000
40426787 582 1000
40456358 583 1000
40488460 584 1000
40512934 585 1000
40560430 586 1000
40588293 587 1000
40631922 588 1000
40659236 589 1000
40694894 590 1000
40741220 591 1000
40777092 592 1000
40824296 593 1000
40857110 594 1000
40890894 595 1000
40919191 596 1000
40961818 597 1000
40996067 598 1000
41043828 599 1000
41078176 600 1000
41117826 601 1000
41156387 602 1000
41185402 603 1000
41224661 604 1000
41258595 605 1000
41300666 606 1000
41360658 607 1000
41402372 608 1000
41448824 609 1000
41490627 610 1000
41534227 611 1000
41584141 612 1000
41618092 613 1000
41658042 614 1000
41695086 615 1000
41728103 616 1000
41768779 617 1000
41804887 618 1000
41836324 619 1000
41870452 620 1000
41917622 621 1000
41951485 622 1000
41977497 623 1000
42011069 624 1000
42039151 625 1000
42072021 626 1000
42102240 627 1000
42146324 628 1000
42184221 629 1000
42235845 630 1000
42284126 631 1000
42325043 632 1000
42363876 633 1000
42399662 634 1000
42445370 635 1000
42477833 636 1000
42516361 637 1000
42560848 638 1000
42620490 639 1000
42651237 640 1000
42690964 641 1000
42758184 642 1000
42794288 643 1000
42848877 644 1000
42900251 645 1000
42947233 646 1000
42996276 647 1000
43050239 648 1000
43105850 649 1000
43152825 650 1000
43195048 651 1000
43266938 652 1000
43336132 653 1000
43396318 654 1000
43445137 655 1000
43502751 656 1000
43557504 657 1000
43622625 658 1000
43676584 659 1000
43745296 660 1000
43805684 661 1000
43855786 662 1000
43899245 663 1000
43935727 664 1000
44019923 665 1000
44083541 666 1000
44148937 667 1000
44210797 668 1000
44280181 669 1000
44349314 670 1000
44445860 671 1000
44511316 672 1000
44571024 673 1000
44641314 674 1000
44722179 675 1000
44787281 676 1000
44872959 677 1000
44953103 678 1000
45028271 679 1000
45085788 680 1000
45156492 681 1000
45233024 682 1000
45315044 683 1000
45381208 684 1000
45499210 685 1000
45593246 686 1000
45672619 687 1000
45753577 688 1000
45834396 689 1000
45907478 690 1000
45991862 691 1000
46093605 692 1000
46203348 693 1000
46278802 694 1000
46379319 695 1000
46492291 696 1000
46650343 697 1000
46746155 698 1000
46819857 699 1000
46919801 700 1000
47045290 701 1000
47149460 702 1000
47242856 703 1000
47355951 704 1000
47479082 705 1000
47613470 706 1000
47765965 707 1000
47888106 708 1000
47987828 709 1000
48126666 710 1000
48293612 711 1000
48405011 712 1000
48504956 713 1000
48623213 714 1000
48742278 715 1000
48849572 716 1000
48978507 717 1000
49107898 718 1000
49320760 719 1000
49445494 720 1000
49564679 721 1000
49672080 722 1000
49798937 723 1000
49908625 724 1000
50033049 725 1000
50172054 726 1000
50341158 727 1000
50449722 728 1000
50538520 729 1000
50651605 730 1000
50852060 731 1000
50984623 732 1000
51163123 733 1000
51347683 734 1000
51529933 735 1000
51698719 736 1000
51811947 737 1000
52135478 738 1000
52308493 739 1000
52432288 740 1000
52611964 741 1000
52809611 742 1000
53049151 743 1000
53326533 744 1000
53523541 745 1000
53803611 746 1000
53960555 747 1000
54127445 748 1000
54258155 749 1000
54364625 750 1000
54471020 751 1000
54646906 752 1000
54978968 753 1000
55169107 754 1000
55398753 755 1000
55644769 756 1000
55814907 757 1000
56035976 758 1000
56323108 759 1000
56602492 760 1000
56866615 761 1000
57011438 762 1000
57232351 763 1000
57355801 764 1000
57508644 765 1000
57740937 766 1000
57992300 767 1000
58250765 768 1000
58433332 769 1000
58547424 770 1000
58675049 771 1000
58897646 772 1000
59120937 773 1000
59340518 774 1000
59528838 775 1000
59667015 776 1000
59897999 777 1000
60206626 778 1000
60514182 779 1000
60813535 780 1000
61040739 781 1000
61238922 782 1000
61442294 783 1000
61718102 784 1000
61897928 785 1000
62030501 786 1000
62156827 787 1000
62253587 788 1000
62351016 789 1000
62472794 790 1000
62655481 791 1000
62834036 792 1000
62952446 793 1000
63096525 794 1000
63209844 795 1000
63304858 796 1000
63363674 797 1000
63445971 798 1000
63525453 799 1000
63614562 800 1000
63684573 801 1000
63755759 802 1000
63832432 803 1000
63901765 804 1000
63996480 805 1000
64060225 806 1000
64157766 807 1000
64247660 808 1000
64347548 809 1000
64524532 810 1000
64685734 811 1000
64894651 812 1000
65147336 813 1000
65415745 814 1000
65655922 815 1000
66089236 816 1000
66548741 817 1000
66775272 818 1000
67106835 819 1000
67454090 820 1000
67632084 821 1000
67966811 822 1000
68336846 823 1000
68860696 824 1000
69252286 825 1000
69741766 826 1000
69959758 827 1000
70264170 828 1000
70490067 829 1000
70883868 830 1000
71226970 831 1000
71684401 832 1000
71863366 833 1000
71957368 834 1000
72066194 835 1000
72229047 836 1000
72364013 837 1000
72492303 838 1000
72583501 839 1000
72672942 840 1000
72743965 841 1000
72847192 842 1000
72955585 843 1000
73042192 844 1000
73128381 845 1000
73200197 846 1000
73255472 847 1000
73332424 848 1000
73432045 849 1000
73523902 850 1000
73600109 851 1000
73677851 852 1000
73727180 853 1000
73776281 854 1000
73812757 855 1000
73848214 856 1000
73876710 857 1000
73918992 858 1000
73942397 859 1000
73981723 860 1000
74014631 861 1000
74044944 862 1000
74093274 863 1000
74128079 864 1000
74165780 865 1000
74196009 866 1000
74229277 867 1000
74261904 868 1000
74296251 869 1000
74325953 870 1000
74356625 871 1000
74383107 872 1000
74406389 873 1000
74448229 874 1000
74473339 875 1000
74496794 876 1000
74529463 877 1000
74555219 878 1000
74588558 879 1000
74620803 880 1000
74651608 881 1000
74682376 882 1000
74722341 883 1000
74752063 884 1000
74778572 885 1000
74814994 886 1000
74845365 887 1000
74882212 888 1000
74918822 889 1000
74952398 890 1000
74983624 891 1000
75015158 892 1000
75041460 893 1000
75073150 894 1000
75104887 895 1000
75136537 896 1000
75164774 897 1000
75184376 898 1000
75214436 899 1000
75241596 900 1000
75273758 901 1000
75306330 902 1000
75337041 903 1000
75376927 904 1000
75404440 905 1000
75446139 906 1000
75490754 907 1000
75530714 908 1000
75570770 909 1000
75616462 910 1000
75659480 911 1000
75698751 912 1000
75746172 913 1000
75785580 914 1000
75835049 915 1000
75882991 916 1000
75935598 917 1000
76005046 918 1000
76072176 919 1000
76131715 920 1000
76200303 921 1000
76268092 922 1000
76347924 923 1000
76427304 924 1000
76493060 925 1000
76591678 926 1000
76700115 927 1000
76814550 928 1000
76962072 929 1000
77078269 930 1000
77147581 931 1000
77291153 932 1000
77489142 933 1000
77653054 934 1000
77874366 935 1000
78123904 936 1000
78379567 937 1000
78776907 938 1000
79217270 939 1000
79821832 940 1000
80749668 941 1000
82042586 942 1000
82708589 943 1000
84357904 944 1000
85553064 945 1000
85991814 946 1000
89112153 947 1000
90149296 948 1000
94339452 949 1000
97532274 950 1000
100054066 951 1000
100985588 952 1000
102046317 953 1000
102823938 954 1000
104371613 955 1000
105758181 956 1000
106653358 957 1000
107055958 958 1000
109239716 959 1000
111652034 960 1000
113485162 961 1000
114413138 962 1000
115985578 963 1000
117910058 964 1000
121427004 965 1000
124764598 966 1000
129100733 967 1000
130527890 968 1000
132428107 969 1000
134688606 970 1000
140786572 971 1000
150243760 972 1000
156217802 973 1000
161044673 974 1000
166481686 975 1000
168067938 976 1000
177910815 977 1000
183507028 978 1000
184811890 979 1000
188637284 980 1000
193306730 981 1000
201580741 982 1000
203510780 983 1000
209321108 984 1000
212524310 985 1000
220547690 986 1000
243108268 987 1000
254590331 988 1000
260386054 989 1000
270997130 990 1000
277442910 991 1000
285816153 992 1000
290467493 993 1000
297933133 994 1000
317726920 995 1000
337124206 996 1000
346510319 997 1000
351977105 998 1000
362061456 999 1000
