# load avg(tp, lat, bwr, bww, cpu, tps, brps, bwps), sd(...), ci(...)
10 10 15355.9445347 17.1139166704 21746177.6901 14724304.2131 24.9303773585 3709.37735849 0.0 37796.6792453 10 0.0 0.0 0.0 0.0 0.0 0.0 0.0 0.0 10 0.0 0.0 0.0 0.0 0.0 0.0 0.0 0.0 
20 20 21815.5860949 24.0125165482 30647820.6289 20799660.2251 30.8648113208 3174.32075472 0.0 49536.9056604 20 0.0 0.0 0.0 0.0 0.0 0.0 0.0 0.0 20 0.0 0.0 0.0 0.0 0.0 0.0 0.0 0.0 
30 30 24497.5248303 32.020219552 34726373.3246 23417412.3169 33.6474201742 2768.28240385 0.0 54641.6443269 30 0.0 0.0 0.0 0.0 0.0 0.0 0.0 0.0 30 0.0 0.0 0.0 0.0 0.0 0.0 0.0 0.0 
40 40 27312.8899365 37.681138284 38506198.2785 26067932.8373 36.3041346154 2531.89423077 0.0 59907.9230769 40 0.0 0.0 0.0 0.0 0.0 0.0 0.0 0.0 40 0.0 0.0 0.0 0.0 0.0 0.0 0.0 0.0 
50 50 29739.6508582 43.718978139 42225592.5056 28457300.8726 39.3417307692 2314.0 0.0 64250.0 50 0.0 0.0 0.0 0.0 0.0 0.0 0.0 0.0 50 0.0 0.0 0.0 0.0 0.0 0.0 0.0 0.0 
60 60 31409.7364328 49.1241417863 44461554.0609 30070224.1483 41.7832692308 2123.84980769 0.0 67314.1264423 60 0.0 0.0 0.0 0.0 0.0 0.0 0.0 0.0 60 0.0 0.0 0.0 0.0 0.0 0.0 0.0 0.0 
70 70 33431.6625342 53.5729738806 47679790.882 32315852.8929 43.9142235123 1850.97318396 0.0 70744.9539877 70 0.0 0.0 0.0 0.0 0.0 0.0 0.0 0.0 70 0.0 0.0 0.0 0.0 0.0 0.0 0.0 0.0 
80 80 32614.9599804 62.5034393421 46378935.1747 31294259.3183 42.2428846154 1771.08951923 0.0 69138.655 80 0.0 0.0 0.0 0.0 0.0 0.0 0.0 0.0 80 0.0 0.0 0.0 0.0 0.0 0.0 0.0 0.0 
90 90 32813.0169758 97.3530400264 46434395.6305 31614936.0878 42.3492307692 1762.89019231 0.0 69548.2193269 90 0.0 0.0 0.0 0.0 0.0 0.0 0.0 0.0 90 0.0 0.0 0.0 0.0 0.0 0.0 0.0 0.0 
100 100 32992.8483869 118.763318833 47472983.0209 32228898.8706 41.4226530612 1757.90816327 0.0 70303.4285714 100 0.0 0.0 0.0 0.0 0.0 0.0 0.0 0.0 100 0.0 0.0 0.0 0.0 0.0 0.0 0.0 0.0 
110 110 33391.5594702 133.912120626 48014737.9139 32626448.6432 41.7654081633 1781.38428571 0.0 71145.1590816 110 0.0 0.0 0.0 0.0 0.0 0.0 0.0 0.0 110 0.0 0.0 0.0 0.0 0.0 0.0 0.0 0.0 
