12665272 0 1000
14371082 1 1000
14806254 2 1000
15004399 3 1000
15113349 4 1000
15372350 5 1000
15603612 6 1000
15709601 7 1000
15842203 8 1000
15911526 9 1000
16050007 10 1000
16141941 11 1000
16200623 12 1000
16278083 13 1000
16414233 14 1000
16601655 15 1000
16768357 16 1000
16889463 17 1000
17019117 18 1000
17170320 19 1000
17270865 20 1000
17505136 21 1000
17738003 22 1000
17956329 23 1000
18129845 24 1000
18458272 25 1000
18893738 26 1000
19104293 27 1000
19406033 28 1000
19630378 29 1000
19694100 30 1000
19762469 31 1000
19935751 32 1000
20086145 33 1000
20219286 34 1000
20345586 35 1000
20486568 36 1000
20593278 37 1000
20855608 38 1000
20971733 39 1000
21041035 40 1000
21119242 41 1000
21231726 42 1000
21320916 43 1000
21457661 44 1000
21547634 45 1000
21613617 46 1000
21678278 47 1000
21738800 48 1000
21840407 49 1000
21940722 50 1000
22064637 51 1000
22145289 52 1000
22216048 53 1000
22333034 54 1000
22541640 55 1000
22631790 56 1000
22758709 57 1000
22907284 58 1000
23006702 59 1000
23125643 60 1000
23200012 61 1000
23282771 62 1000
23354098 63 1000
23380739 64 1000
23496181 65 1000
23574548 66 1000
23621766 67 1000
23698515 68 1000
23765170 69 1000
23832303 70 1000
23901115 71 1000
23972675 72 1000
24038142 73 1000
24146377 74 1000
24215137 75 1000
24261065 76 1000
24308190 77 1000
24346755 78 1000
24398112 79 1000
24461996 80 1000
24520229 81 1000
24569992 82 1000
24608557 83 1000
24646838 84 1000
24681046 85 1000
24724566 86 1000
24805049 87 1000
24855758 88 1000
24920052 89 1000
24943843 90 1000
24964336 91 1000
25019672 92 1000
25044527 93 1000
25062904 94 1000
25099671 95 1000
25138217 96 1000
25159564 97 1000
25197861 98 1000
25228393 99 1000
25264539 100 1000
25301083 101 1000
25320592 102 1000
25373005 103 1000
25406458 104 1000
25439824 105 1000
25484976 106 1000
25504928 107 1000
25560315 108 1000
25584952 109 1000
25639231 110 1000
25659146 111 1000
25694059 112 1000
25713334 113 1000
25744253 114 1000
25769342 115 1000
25794277 116 1000
25811291 117 1000
25834207 118 1000
25857283 119 1000
25898276 120 1000
25931903 121 1000
25955207 122 1000
26000054 123 1000
26027228 124 1000
26045353 125 1000
26064960 126 1000
26090297 127 1000
26117630 128 1000
26163760 129 1000
26186199 130 1000
26221122 131 1000
26250143 132 1000
26294956 133 1000
26329750 134 1000
26371628 135 1000
26392084 136 1000
26417260 137 1000
26440926 138 1000
26470017 139 1000
26500609 140 1000
26553986 141 1000
26575151 142 1000
26606570 143 1000
26638351 144 1000
26669969 145 1000
26692475 146 1000
26711620 147 1000
26741107 148 1000
26761690 149 1000
26789444 150 1000
26804198 151 1000
26824832 152 1000
26844316 153 1000
26863078 154 1000
26879224 155 1000
26918937 156 1000
26945176 157 1000
26968008 158 1000
26987687 159 1000
27020741 160 1000
27057264 161 1000
27084335 162 1000
27100574 163 1000
27136234 164 1000
27158620 165 1000
27182264 166 1000
27203013 167 1000
27229672 168 1000
27251376 169 1000
27269378 170 1000
27286048 171 1000
27300787 172 1000
27317109 173 1000
27345525 174 1000
27361786 175 1000
27384730 176 1000
27402162 177 1000
27435193 178 1000
27452506 179 1000
27482762 180 1000
27500228 181 1000
27527162 182 1000
27557716 183 1000
27574989 184 1000
27584900 185 1000
27604055 186 1000
27631592 187 1000
27652868 188 1000
27664982 189 1000
27685826 190 1000
27700027 191 1000
27718147 192 1000
27731787 193 1000
27758822 194 1000
27774876 195 1000
27795837 196 1000
27812015 197 1000
27832104 198 1000
27848070 199 1000
27864849 200 1000
27896778 201 1000
27911912 202 1000
27939955 203 1000
27954996 204 1000
27976958 205 1000
27999743 206 1000
28016175 207 1000
28028311 208 1000
28046415 209 1000
28063871 210 1000
28073133 211 1000
28083716 212 1000
28097329 213 1000
28116861 214 1000
28142149 215 1000
28168117 216 1000
28185932 217 1000
28203801 218 1000
28229269 219 1000
28245514 220 1000
28262805 221 1000
28271960 222 1000
28297238 223 1000
28314589 224 1000
28328590 225 1000
28342505 226 1000
28350621 227 1000
28371303 228 1000
28381825 229 1000
28409121 230 1000
28421085 231 1000
28439272 232 1000
28462712 233 1000
28485129 234 1000
28493159 235 1000
28512892 236 1000
28524821 237 1000
28541963 238 1000
28555487 239 1000
28576965 240 1000
28604582 241 1000
28622999 242 1000
28641573 243 1000
28659195 244 1000
28671098 245 1000
28686038 246 1000
28712277 247 1000
28735236 248 1000
28749765 249 1000
28756965 250 1000
28773472 251 1000
28785595 252 1000
28797151 253 1000
28814193 254 1000
28823879 255 1000
28838173 256 1000
28851067 257 1000
28862145 258 1000
28882021 259 1000
28900834 260 1000
28912219 261 1000
28920972 262 1000
28938337 263 1000
28950094 264 1000
28957034 265 1000
28965966 266 1000
28975910 267 1000
28990442 268 1000
28998553 269 1000
29009467 270 1000
29022568 271 1000
29038343 272 1000
29053889 273 1000
29063693 274 1000
29073048 275 1000
29088148 276 1000
29106059 277 1000
29117355 278 1000
29123843 279 1000
29128490 280 1000
29136170 281 1000
29154748 282 1000
29165542 283 1000
29183737 284 1000
29194327 285 1000
29204486 286 1000
29213105 287 1000
29223523 288 1000
29234384 289 1000
29243782 290 1000
29256071 291 1000
29267579 292 1000
29281388 293 1000
29290826 294 1000
29302468 295 1000
29313989 296 1000
29325296 297 1000
29340335 298 1000
29356720 299 1000
29369795 300 1000
29382961 301 1000
29397062 302 1000
29408383 303 1000
29422501 304 1000
29432380 305 1000
29444151 306 1000
29458725 307 1000
29475760 308 1000
29487905 309 1000
29505241 310 1000
29519186 311 1000
29532892 312 1000
29544581 313 1000
29559299 314 1000
29570873 315 1000
29589123 316 1000
29601843 317 1000
29614680 318 1000
29626628 319 1000
29637028 320 1000
29655861 321 1000
29663838 322 1000
29670529 323 1000
29676767 324 1000
29686619 325 1000
29692404 326 1000
29702104 327 1000
29717565 328 1000
29729944 329 1000
29742328 330 1000
29757541 331 1000
29766096 332 1000
29784209 333 1000
29801176 334 1000
29814350 335 1000
29833931 336 1000
29844208 337 1000
29854029 338 1000
29864129 339 1000
29877187 340 1000
29891516 341 1000
29901270 342 1000
29912467 343 1000
29927571 344 1000
29937565 345 1000
29952717 346 1000
29961000 347 1000
29970072 348 1000
29985192 349 1000
30001217 350 1000
30015077 351 1000
30029519 352 1000
30045446 353 1000
30061045 354 1000
30073354 355 1000
30082335 356 1000
30094140 357 1000
30104469 358 1000
30125365 359 1000
30141495 360 1000
30161206 361 1000
30179608 362 1000
30191168 363 1000
30203123 364 1000
30214183 365 1000
30226829 366 1000
30239487 367 1000
30251619 368 1000
30266506 369 1000
30279562 370 1000
30292440 371 1000
30309684 372 1000
30316655 373 1000
30334292 374 1000
30349165 375 1000
30367226 376 1000
30378286 377 1000
30394523 378 1000
30417879 379 1000
30433181 380 1000
30449978 381 1000
30460827 382 1000
30470808 383 1000
30483001 384 1000
30494094 385 1000
30507440 386 1000
30518489 387 1000
30523116 388 1000
30531998 389 1000
30542257 390 1000
30551930 391 1000
30565447 392 1000
30577441 393 1000
30590528 394 1000
30599906 395 1000
30606265 396 1000
30614251 397 1000
30626338 398 1000
30639000 399 1000
30646307 400 1000
30652786 401 1000
30660960 402 1000
30673113 403 1000
30678766 404 1000
30688456 405 1000
30700113 406 1000
30710034 407 1000
30722950 408 1000
30729848 409 1000
30737617 410 1000
30746143 411 1000
30752393 412 1000
30763013 413 1000
30772219 414 1000
30782087 415 1000
30793613 416 1000
30799606 417 1000
30808882 418 1000
30817799 419 1000
30829388 420 1000
30836423 421 1000
30844674 422 1000
30855196 423 1000
30867470 424 1000
30875714 425 1000
30885451 426 1000
30892968 427 1000
30903557 428 1000
30911439 429 1000
30919161 430 1000
30931188 431 1000
30943655 432 1000
30954572 433 1000
30963100 434 1000
30969154 435 1000
30980375 436 1000
30987451 437 1000
30994082 438 1000
31003628 439 1000
31011626 440 1000
31024129 441 1000
31030832 442 1000
31044855 443 1000
31054297 444 1000
31066448 445 1000
31080288 446 1000
31094322 447 1000
31101403 448 1000
31114508 449 1000
31124895 450 1000
31134501 451 1000
31143815 452 1000
31159504 453 1000
31169517 454 1000
31185341 455 1000
31197959 456 1000
31206230 457 1000
31215662 458 1000
31224442 459 1000
31238202 460 1000
31246126 461 1000
31254856 462 1000
31270852 463 1000
31286877 464 1000
31299621 465 1000
31311553 466 1000
31324037 467 1000
31333210 468 1000
31342681 469 1000
31353829 470 1000
31370826 471 1000
31384078 472 1000
31401022 473 1000
31419335 474 1000
31438184 475 1000
31460416 476 1000
31472053 477 1000
31482655 478 1000
31491970 479 1000
31502604 480 1000
31521481 481 1000
31536804 482 1000
31543878 483 1000
31555404 484 1000
31568138 485 1000
31583505 486 1000
31601897 487 1000
31606654 488 1000
31618070 489 1000
31627375 490 1000
31636976 491 1000
31646170 492 1000
31658233 493 1000
31670053 494 1000
31676469 495 1000
31689938 496 1000
31705486 497 1000
31718674 498 1000
31727716 499 1000
31739537 500 1000
31752845 501 1000
31773040 502 1000
31783209 503 1000
31797243 504 1000
31808718 505 1000
31822301 506 1000
31840735 507 1000
31861146 508 1000
31871494 509 1000
31890102 510 1000
31904131 511 1000
31913598 512 1000
31921859 513 1000
31934010 514 1000
31945006 515 1000
31961314 516 1000
31971195 517 1000
31982356 518 1000
32002154 519 1000
32015118 520 1000
32025636 521 1000
32035218 522 1000
32050360 523 1000
32060780 524 1000
32072884 525 1000
32080660 526 1000
32091740 527 1000
32110281 528 1000
32116165 529 1000
32127696 530 1000
32139427 531 1000
32153248 532 1000
32171545 533 1000
32184379 534 1000
32195706 535 1000
32211445 536 1000
32226556 537 1000
32236508 538 1000
32248883 539 1000
32260768 540 1000
32284844 541 1000
32303012 542 1000
32317325 543 1000
32332314 544 1000
32350528 545 1000
32363572 546 1000
32379862 547 1000
32394589 548 1000
32407657 549 1000
32421720 550 1000
32433606 551 1000
32447493 552 1000
32459210 553 1000
32472261 554 1000
32493573 555 1000
32510304 556 1000
32524298 557 1000
32541401 558 1000
32551298 559 1000
32564881 560 1000
32579083 561 1000
32590370 562 1000
32599195 563 1000
32610974 564 1000
32619435 565 1000
32626717 566 1000
32635745 567 1000
32645489 568 1000
32654262 569 1000
32667126 570 1000
32674566 571 1000
32686007 572 1000
32696763 573 1000
32707674 574 1000
32718941 575 1000
32738807 576 1000
32751012 577 1000
32766258 578 1000
32781654 579 1000
32789739 580 1000
32801292 581 1000
32809483 582 1000
32820790 583 1000
32829541 584 1000
32840102 585 1000
32850328 586 1000
32858660 587 1000
32869865 588 1000
32883723 589 1000
32892754 590 1000
32899867 591 1000
32906019 592 1000
32921720 593 1000
32932954 594 1000
32943700 595 1000
32952672 596 1000
32967379 597 1000
32975485 598 1000
32990961 599 1000
32998971 600 1000
33012203 601 1000
33018399 602 1000
33034276 603 1000
33045343 604 1000
33059671 605 1000
33070833 606 1000
33086851 607 1000
33104394 608 1000
33117362 609 1000
33130079 610 1000
33143034 611 1000
33159809 612 1000
33172466 613 1000
33184454 614 1000
33194688 615 1000
33207122 616 1000
33219660 617 1000
33232974 618 1000
33247057 619 1000
33263202 620 1000
33275108 621 1000
33283905 622 1000
33298112 623 1000
33307991 624 1000
33317976 625 1000
33336291 626 1000
33348484 627 1000
33359378 628 1000
33372301 629 1000
33382820 630 1000
33393839 631 1000
33405251 632 1000
33418435 633 1000
33435465 634 1000
33445514 635 1000
33458306 636 1000
33465195 637 1000
33471945 638 1000
33485995 639 1000
33494589 640 1000
33503230 641 1000
33517635 642 1000
33527646 643 1000
33539664 644 1000
33547802 645 1000
33569446 646 1000
33580282 647 1000
33591494 648 1000
33603394 649 1000
33616863 650 1000
33623841 651 1000
33634840 652 1000
33654364 653 1000
33666951 654 1000
33682762 655 1000
33691715 656 1000
33708271 657 1000
33723381 658 1000
33735221 659 1000
33746671 660 1000
33755459 661 1000
33767206 662 1000
33780420 663 1000
33790151 664 1000
33803171 665 1000
33815667 666 1000
33832325 667 1000
33854950 668 1000
33871182 669 1000
33888138 670 1000
33906646 671 1000
33918432 672 1000
33928971 673 1000
33940732 674 1000
33964542 675 1000
33971452 676 1000
33988986 677 1000
33995924 678 1000
34009296 679 1000
34019111 680 1000
34035278 681 1000
34049631 682 1000
34060560 683 1000
34075198 684 1000
34084316 685 1000
34094933 686 1000
34106383 687 1000
34124740 688 1000
34138583 689 1000
34151421 690 1000
34161771 691 1000
34173209 692 1000
34184182 693 1000
34197030 694 1000
34210742 695 1000
34221178 696 1000
34237423 697 1000
34248541 698 1000
34264065 699 1000
34277511 700 1000
34292508 701 1000
34312659 702 1000
34321697 703 1000
34335782 704 1000
34349571 705 1000
34366842 706 1000
34384153 707 1000
34401651 708 1000
34416719 709 1000
34438156 710 1000
34449789 711 1000
34472751 712 1000
34487057 713 1000
34503780 714 1000
34523073 715 1000
34539759 716 1000
34556928 717 1000
34567283 718 1000
34582862 719 1000
34599631 720 1000
34614090 721 1000
34626250 722 1000
34641416 723 1000
34648047 724 1000
34659907 725 1000
34670997 726 1000
34694002 727 1000
34713264 728 1000
34729502 729 1000
34743683 730 1000
34758902 731 1000
34776652 732 1000
34795083 733 1000
34809816 734 1000
34823401 735 1000
34840064 736 1000
34852309 737 1000
34867073 738 1000
34879243 739 1000
34891614 740 1000
34903569 741 1000
34923658 742 1000
34939291 743 1000
34958152 744 1000
34984079 745 1000
34997482 746 1000
35010468 747 1000
35015104 748 1000
35028822 749 1000
35042386 750 1000
35056134 751 1000
35068687 752 1000
35084848 753 1000
35097460 754 1000
35114045 755 1000
35125269 756 1000
35132156 757 1000
35151136 758 1000
35163892 759 1000
35176362 760 1000
35188050 761 1000
35201966 762 1000
35214802 763 1000
35224231 764 1000
35242830 765 1000
35263242 766 1000
35278561 767 1000
35288900 768 1000
35300070 769 1000
35314357 770 1000
35327340 771 1000
35346861 772 1000
35356227 773 1000
35366473 774 1000
35378117 775 1000
35392521 776 1000
35406641 777 1000
35422913 778 1000
35441109 779 1000
35454752 780 1000
35479713 781 1000
35500614 782 1000
35522949 783 1000
35558128 784 1000
35580850 785 1000
35603359 786 1000
35622408 787 1000
35634787 788 1000
35650188 789 1000
35670893 790 1000
35700833 791 1000
35717331 792 1000
35758894 793 1000
35770612 794 1000
35787054 795 1000
35805460 796 1000
35823305 797 1000
35847988 798 1000
35863088 799 1000
35885605 800 1000
35902659 801 1000
35929135 802 1000
35940361 803 1000
35964913 804 1000
35986671 805 1000
35999186 806 1000
36018060 807 1000
36033499 808 1000
36054249 809 1000
36079283 810 1000
36097959 811 1000
36109602 812 1000
36137018 813 1000
36156366 814 1000
36169636 815 1000
36185996 816 1000
36206608 817 1000
36224340 818 1000
36253718 819 1000
36272470 820 1000
36284718 821 1000
36301586 822 1000
36322211 823 1000
36344766 824 1000
36361040 825 1000
36382221 826 1000
36396427 827 1000
36412651 828 1000
36442844 829 1000
36457931 830 1000
36480267 831 1000
36496762 832 1000
36515140 833 1000
36534243 834 1000
36554337 835 1000
36578884 836 1000
36600905 837 1000
36620991 838 1000
36640922 839 1000
36655150 840 1000
36682657 841 1000
36709289 842 1000
36720461 843 1000
36739865 844 1000
36757414 845 1000
36779262 846 1000
36791944 847 1000
36819467 848 1000
36831922 849 1000
36850384 850 1000
36883391 851 1000
36900998 852 1000
36929166 853 1000
36946240 854 1000
36961493 855 1000
36980466 856 1000
37000017 857 1000
37018237 858 1000
37037682 859 1000
37049584 860 1000
37079946 861 1000
37098278 862 1000
37112118 863 1000
37133340 864 1000
37151672 865 1000
37175583 866 1000
37197202 867 1000
37214535 868 1000
37235264 869 1000
37251150 870 1000
37268451 871 1000
37303046 872 1000
37325530 873 1000
37339852 874 1000
37364791 875 1000
37388111 876 1000
37406934 877 1000
37438365 878 1000
37472253 879 1000
37502645 880 1000
37529716 881 1000
37550671 882 1000
37584091 883 1000
37621270 884 1000
37670429 885 1000
37707228 886 1000
37723795 887 1000
37745746 888 1000
37770323 889 1000
37804105 890 1000
37843659 891 1000
37876257 892 1000
37934988 893 1000
37978603 894 1000
38013273 895 1000
38057945 896 1000
38103113 897 1000
38146788 898 1000
38176248 899 1000
38209845 900 1000
38237100 901 1000
38259417 902 1000
38277773 903 1000
38296908 904 1000
38323506 905 1000
38345708 906 1000
38380330 907 1000
38398050 908 1000
38419559 909 1000
38455839 910 1000
38486009 911 1000
38509796 912 1000
38531323 913 1000
38585202 914 1000
38629703 915 1000
38670267 916 1000
38714854 917 1000
38761210 918 1000
38798110 919 1000
38847517 920 1000
38880400 921 1000
38913277 922 1000
38936752 923 1000
38960774 924 1000
39030361 925 1000
39074558 926 1000
39112778 927 1000
39163831 928 1000
39227662 929 1000
39276244 930 1000
39314724 931 1000
39343558 932 1000
39385258 933 1000
39421081 934 1000
39463305 935 1000
39519477 936 1000
39544025 937 1000
39583565 938 1000
39618060 939 1000
39674871 940 1000
39744303 941 1000
39817719 942 1000
39853805 943 1000
39914133 944 1000
39974907 945 1000
40072944 946 1000
40141890 947 1000
40207341 948 1000
40292588 949 1000
40379648 950 1000
40447693 951 1000
40482250 952 1000
40526875 953 1000
40584185 954 1000
40639282 955 1000
40684397 956 1000
40759455 957 1000
40832699 958 1000
40896185 959 1000
40927705 960 1000
41011980 961 1000
41105680 962 1000
41244195 963 1000
41331781 964 1000
41412052 965 1000
41511477 966 1000
41647271 967 1000
41744331 968 1000
41816661 969 1000
41932780 970 1000
42106840 971 1000
42225594 972 1000
42303698 973 1000
42391950 974 1000
42504338 975 1000
42628783 976 1000
42724651 977 1000
42822033 978 1000
42937119 979 1000
43211028 980 1000
43322780 981 1000
43445477 982 1000
43861578 983 1000
44111135 984 1000
44560541 985 1000
44913654 986 1000
45347765 987 1000
45450426 988 1000
45840529 989 1000
46145017 990 1000
46595632 991 1000
47415270 992 1000
47887739 993 1000
49262717 994 1000
49611008 995 1000
51405216 996 1000
52795433 997 1000
54730090 998 1000
58024201 999 1000
