# load avg(tp, lat, bwr, bww, cpu, tps, brps, bwps), sd(...), ci(...)
2 2 37.9714648995 52.6537837545 890732.985162 695032.106458 1.61547169811 2.81132075472 0.0 23.5471698113 2 0.0 0.0 0.0 0.0 0.0 0.0 0.0 0.0 2 0.0 0.0 0.0 0.0 0.0 0.0 0.0 0.0 
4 4 1511.16870976 10.9065480362 32333947.9819 24599166.8898 10.5337735849 2.66037735849 0.0 22.7924528302 4 0.0 0.0 0.0 0.0 0.0 0.0 0.0 0.0 4 0.0 0.0 0.0 0.0 0.0 0.0 0.0 0.0 
6 6 2354.82564025 12.9627234112 50321395.0628 38289440.8727 15.1616037736 3.04716981132 0.0 24.6037735849 6 0.0 0.0 0.0 0.0 0.0 0.0 0.0 0.0 6 0.0 0.0 0.0 0.0 0.0 0.0 0.0 0.0 
8 8 2849.56295593 14.7215028179 60591018.7235 46087266.3557 17.1285849057 2.98113207547 0.0 24.4528301887 8 0.0 0.0 0.0 0.0 0.0 0.0 0.0 0.0 8 0.0 0.0 0.0 0.0 0.0 0.0 0.0 0.0 
10 10 3409.81960431 15.5937891188 71610266.6361 54392657.8057 20.5923214286 2.8125 0.0 23.0714285714 10 0.0 0.0 0.0 0.0 0.0 0.0 0.0 0.0 10 0.0 0.0 0.0 0.0 0.0 0.0 0.0 0.0 
12 12 3909.12881275 17.4793324832 83845390.7175 63708348.8504 22.6305660377 2.70754716981 0.0 23.320754717 12 0.0 0.0 0.0 0.0 0.0 0.0 0.0 0.0 12 0.0 0.0 0.0 0.0 0.0 0.0 0.0 0.0 
14 14 4115.66686697 18.3150410657 88438882.5257 67132469.5761 22.9868577649 2.81754716981 0.0 24.1928301887 14 0.0 0.0 0.0 0.0 0.0 0.0 0.0 0.0 14 0.0 0.0 0.0 0.0 0.0 0.0 0.0 0.0 
16 16 4168.59988452 19.7281128154 89215786.4299 67881327.323 23.840754717 2.37735849057 0.0 20.6037735849 16 0.0 0.0 0.0 0.0 0.0 0.0 0.0 0.0 16 0.0 0.0 0.0 0.0 0.0 0.0 0.0 0.0 
18 18 4210.22114779 19.695681002 88915656.7564 67748190.5367 24.90375 2.42857142857 0.0 20.8571428571 18 0.0 0.0 0.0 0.0 0.0 0.0 0.0 0.0 18 0.0 0.0 0.0 0.0 0.0 0.0 0.0 0.0 
20 20 4276.28320484 20.0724400707 91890015.9368 69698834.6186 24.0 2.43396226415 0.0 19.9245283019 20 0.0 0.0 0.0 0.0 0.0 0.0 0.0 0.0 20 0.0 0.0 0.0 0.0 0.0 0.0 0.0 0.0 
