1793663 0 1000
1832951 1 1000
1851497 2 1000
1883155 3 1000
1894699 4 1000
1906690 5 1000
1913107 6 1000
1919413 7 1000
1928126 8 1000
1936335 9 1000
1941736 10 1000
1944871 11 1000
1948407 12 1000
1949817 13 1000
1955305 14 1000
1959556 15 1000
1961162 16 1000
1962827 17 1000
1964875 18 1000
1967046 19 1000
1970973 20 1000
1972136 21 1000
1973762 22 1000
1976286 23 1000
1978446 24 1000
1980403 25 1000
1981251 26 1000
1983218 27 1000
1986672 28 1000
1989062 29 1000
1994286 30 1000
1995381 31 1000
1997048 32 1000
2001904 33 1000
2003434 34 1000
2005277 35 1000
2009141 36 1000
2010172 37 1000
2012068 38 1000
2014379 39 1000
2015339 40 1000
2016546 41 1000
2018000 42 1000
2019435 43 1000
2020498 44 1000
2021076 45 1000
2023148 46 1000
2023984 47 1000
2024841 48 1000
2027312 49 1000
2028080 50 1000
2028831 51 1000
2030309 52 1000
2031025 53 1000
2032624 54 1000
2034230 55 1000
2035233 56 1000
2036198 57 1000
2038098 58 1000
2039543 59 1000
2041122 60 1000
2041742 61 1000
2042304 62 1000
2043288 63 1000
2044750 64 1000
2046169 65 1000
2048520 66 1000
2049471 67 1000
2051333 68 1000
2052469 69 1000
2054026 70 1000
2055295 71 1000
2056190 72 1000
2057282 73 1000
2057736 74 1000
2058949 75 1000
2060132 76 1000
2061650 77 1000
2062227 78 1000
2063337 79 1000
2065004 80 1000
2065447 81 1000
2066603 82 1000
2067163 83 1000
2068198 84 1000
2069138 85 1000
2070941 86 1000
2071487 87 1000
2072507 88 1000
2072817 89 1000
2073302 90 1000
2073671 91 1000
2074809 92 1000
2076385 93 1000
2077157 94 1000
2078053 95 1000
2079332 96 1000
2080179 97 1000
2081073 98 1000
2081600 99 1000
2082265 100 1000
2083892 101 1000
2084273 102 1000
2085317 103 1000
2086172 104 1000
2088038 105 1000
2088998 106 1000
2090124 107 1000
2090466 108 1000
2091391 109 1000
2091931 110 1000
2093379 111 1000
2094014 112 1000
2094790 113 1000
2096433 114 1000
2096885 115 1000
2098418 116 1000
2099291 117 1000
2100394 118 1000
2101084 119 1000
2101728 120 1000
2102633 121 1000
2103512 122 1000
2103765 123 1000
2104489 124 1000
2106220 125 1000
2106968 126 1000
2108266 127 1000
2109169 128 1000
2109579 129 1000
2111529 130 1000
2112291 131 1000
2113898 132 1000
2114572 133 1000
2115209 134 1000
2116162 135 1000
2117437 136 1000
2117980 137 1000
2118256 138 1000
2119180 139 1000
2120156 140 1000
2120652 141 1000
2120981 142 1000
2121816 143 1000
2122498 144 1000
2123429 145 1000
2123761 146 1000
2124775 147 1000
2125964 148 1000
2127527 149 1000
2128552 150 1000
2129314 151 1000
2130223 152 1000
2131159 153 1000
2132091 154 1000
2132656 155 1000
2133809 156 1000
2134491 157 1000
2135909 158 1000
2136897 159 1000
2137435 160 1000
2138227 161 1000
2140191 162 1000
2141314 163 1000
2142011 164 1000
2143183 165 1000
2144305 166 1000
2146313 167 1000
2147167 168 1000
2147747 169 1000
2148790 170 1000
2149335 171 1000
2150389 172 1000
2151179 173 1000
2152451 174 1000
2153185 175 1000
2153801 176 1000
2154689 177 1000
2156336 178 1000
2157897 179 1000
2158227 180 1000
2158795 181 1000
2159647 182 1000
2160704 183 1000
2161626 184 1000
2162545 185 1000
2163649 186 1000
2165036 187 1000
2165511 188 1000
2166771 189 1000
2167905 190 1000
2168504 191 1000
2169370 192 1000
2170262 193 1000
2170666 194 1000
2171303 195 1000
2172372 196 1000
2173147 197 1000
2174778 198 1000
2175257 199 1000
2176173 200 1000
2177247 201 1000
2177646 202 1000
2178240 203 1000
2178731 204 1000
2179263 205 1000
2179516 206 1000
2180254 207 1000
2181198 208 1000
2181915 209 1000
2182695 210 1000
2182890 211 1000
2183390 212 1000
2184950 213 1000
2185742 214 1000
2186607 215 1000
2187343 216 1000
2188434 217 1000
2189878 218 1000
2192269 219 1000
2192842 220 1000
2193373 221 1000
2193769 222 1000
2194689 223 1000
2195437 224 1000
2196253 225 1000
2196784 226 1000
2197622 227 1000
2199660 228 1000
2200116 229 1000
2201665 230 1000
2202420 231 1000
2202668 232 1000
2203804 233 1000
2205232 234 1000
2205906 235 1000
2206375 236 1000
2207342 237 1000
2208143 238 1000
2209055 239 1000
2209302 240 1000
2210039 241 1000
2210518 242 1000
2211101 243 1000
2211828 244 1000
2212917 245 1000
2213927 246 1000
2214944 247 1000
2215877 248 1000
2216276 249 1000
2217205 250 1000
2219176 251 1000
2220002 252 1000
2221152 253 1000
2222406 254 1000
2224006 255 1000
2224320 256 1000
2225574 257 1000
2226188 258 1000
2227068 259 1000
2227759 260 1000
2228564 261 1000
2229403 262 1000
2230351 263 1000
2230713 264 1000
2231285 265 1000
2232187 266 1000
2233814 267 1000
2235585 268 1000
2236840 269 1000
2238041 270 1000
2238888 271 1000
2239272 272 1000
2240129 273 1000
2241037 274 1000
2241936 275 1000
2242688 276 1000
2243629 277 1000
2244393 278 1000
2245796 279 1000
2246298 280 1000
2246903 281 1000
2247456 282 1000
2248018 283 1000
2249455 284 1000
2251008 285 1000
2251773 286 1000
2252958 287 1000
2253225 288 1000
2255184 289 1000
2256083 290 1000
2257070 291 1000
2257882 292 1000
2258715 293 1000
2259306 294 1000
2259909 295 1000
2261828 296 1000
2262235 297 1000
2264021 298 1000
2264851 299 1000
2265907 300 1000
2266342 301 1000
2267119 302 1000
2268039 303 1000
2269127 304 1000
2270124 305 1000
2271382 306 1000
2273286 307 1000
2275152 308 1000
2275891 309 1000
2276500 310 1000
2277775 311 1000
2278136 312 1000
2278831 313 1000
2280105 314 1000
2280732 315 1000
2281992 316 1000
2283428 317 1000
2284244 318 1000
2285473 319 1000
2286483 320 1000
2286847 321 1000
2287981 322 1000
2289073 323 1000
2291175 324 1000
2291784 325 1000
2291979 326 1000
2293580 327 1000
2294153 328 1000
2295158 329 1000
2295957 330 1000
2296827 331 1000
2297986 332 1000
2299743 333 1000
2300731 334 1000
2301659 335 1000
2302265 336 1000
2303744 337 1000
2304630 338 1000
2306514 339 1000
2306934 340 1000
2307277 341 1000
2308039 342 1000
2311241 343 1000
2312017 344 1000
2313661 345 1000
2315122 346 1000
2316296 347 1000
2317299 348 1000
2317960 349 1000
2318707 350 1000
2318881 351 1000
2319610 352 1000
2320330 353 1000
2321114 354 1000
2323018 355 1000
2323557 356 1000
2323884 357 1000
2324612 358 1000
2326399 359 1000
2327237 360 1000
2328768 361 1000
2330116 362 1000
2330712 363 1000
2331529 364 1000
2332178 365 1000
2332636 366 1000
2333347 367 1000
2334434 368 1000
2335204 369 1000
2336214 370 1000
2337382 371 1000
2337958 372 1000
2338634 373 1000
2340115 374 1000
2340641 375 1000
2341465 376 1000
2342037 377 1000
2342484 378 1000
2343337 379 1000
2343543 380 1000
2344610 381 1000
2345891 382 1000
2346732 383 1000
2347329 384 1000
2348469 385 1000
2348876 386 1000
2349998 387 1000
2351603 388 1000
2352321 389 1000
2352743 390 1000
2353205 391 1000
2354142 392 1000
2354782 393 1000
2355398 394 1000
2356198 395 1000
2357356 396 1000
2359020 397 1000
2359647 398 1000
2360251 399 1000
2360726 400 1000
2361298 401 1000
2362248 402 1000
2363301 403 1000
2364041 404 1000
2365365 405 1000
2366750 406 1000
2367427 407 1000
2368331 408 1000
2369058 409 1000
2369432 410 1000
2370282 411 1000
2370967 412 1000
2371954 413 1000
2373036 414 1000
2373676 415 1000
2374495 416 1000
2375959 417 1000
2376438 418 1000
2376857 419 1000
2377427 420 1000
2378134 421 1000
2379165 422 1000
2381260 423 1000
2381811 424 1000
2382573 425 1000
2383179 426 1000
2383926 427 1000
2384311 428 1000
2386058 429 1000
2386802 430 1000
2387659 431 1000
2388565 432 1000
2389404 433 1000
2390201 434 1000
2390957 435 1000
2391813 436 1000
2392467 437 1000
2394050 438 1000
2395196 439 1000
2395907 440 1000
2397750 441 1000
2398532 442 1000
2399754 443 1000
2400841 444 1000
2401182 445 1000
2401836 446 1000
2402771 447 1000
2404273 448 1000
2405747 449 1000
2406211 450 1000
2407674 451 1000
2408460 452 1000
2409448 453 1000
2410289 454 1000
2411609 455 1000
2413116 456 1000
2415093 457 1000
2417145 458 1000
2419233 459 1000
2420693 460 1000
2421289 461 1000
2422406 462 1000
2423017 463 1000
2424327 464 1000
2425495 465 1000
2427358 466 1000
2428335 467 1000
2429651 468 1000
2430761 469 1000
2431341 470 1000
2433306 471 1000
2434741 472 1000
2435466 473 1000
2436736 474 1000
2438393 475 1000
2438794 476 1000
2439907 477 1000
2440531 478 1000
2440860 479 1000
2442783 480 1000
2443666 481 1000
2444520 482 1000
2444898 483 1000
2446191 484 1000
2446797 485 1000
2447664 486 1000
2448898 487 1000
2450282 488 1000
2451358 489 1000
2452984 490 1000
2455206 491 1000
2455878 492 1000
2457600 493 1000
2459370 494 1000
2460787 495 1000
2461615 496 1000
2463497 497 1000
2464458 498 1000
2466129 499 1000
2467545 500 1000
2469180 501 1000
2470487 502 1000
2471686 503 1000
2472833 504 1000
2474581 505 1000
2475827 506 1000
2477199 507 1000
2478446 508 1000
2479668 509 1000
2481512 510 1000
2483343 511 1000
2484756 512 1000
2486642 513 1000
2487275 514 1000
2489065 515 1000
2490826 516 1000
2491671 517 1000
2492424 518 1000
2493801 519 1000
2494767 520 1000
2497691 521 1000
2500667 522 1000
2502514 523 1000
2503108 524 1000
2503985 525 1000
2506221 526 1000
2507849 527 1000
2509774 528 1000
2511441 529 1000
2512343 530 1000
2513880 531 1000
2515761 532 1000
2518079 533 1000
2518789 534 1000
2520764 535 1000
2521348 536 1000
2522052 537 1000
2522620 538 1000
2524809 539 1000
2525281 540 1000
2526278 541 1000
2528057 542 1000
2529685 543 1000
2530872 544 1000
2532286 545 1000
2534864 546 1000
2538169 547 1000
2539316 548 1000
2540647 549 1000
2542065 550 1000
2544261 551 1000
2546163 552 1000
2548290 553 1000
2549569 554 1000
2551516 555 1000
2553151 556 1000
2556159 557 1000
2557446 558 1000
2558264 559 1000
2559575 560 1000
2560818 561 1000
2562481 562 1000
2563893 563 1000
2564843 564 1000
2566496 565 1000
2568863 566 1000
2570123 567 1000
2573347 568 1000
2575979 569 1000
2580484 570 1000
2581965 571 1000
2584008 572 1000
2585040 573 1000
2585948 574 1000
2587051 575 1000
2587942 576 1000
2590683 577 1000
2592357 578 1000
2594010 579 1000
2596227 580 1000
2598130 581 1000
2600984 582 1000
2602586 583 1000
2604618 584 1000
2607495 585 1000
2609719 586 1000
2612839 587 1000
2614056 588 1000
2617300 589 1000
2619450 590 1000
2621928 591 1000
2623927 592 1000
2626262 593 1000
2627586 594 1000
2628266 595 1000
2630944 596 1000
2632660 597 1000
2634309 598 1000
2635519 599 1000
2638009 600 1000
2640579 601 1000
2641470 602 1000
2643728 603 1000
2644719 604 1000
2647283 605 1000
2648529 606 1000
2649618 607 1000
2651206 608 1000
2653574 609 1000
2656067 610 1000
2658947 611 1000
2662040 612 1000
2664850 613 1000
2667471 614 1000
2668492 615 1000
2670097 616 1000
2672866 617 1000
2675738 618 1000
2678159 619 1000
2681339 620 1000
2684059 621 1000
2686897 622 1000
2689341 623 1000
2691037 624 1000
2693683 625 1000
2695090 626 1000
2698572 627 1000
2699631 628 1000
2701465 629 1000
2703330 630 1000
2705829 631 1000
2707410 632 1000
2708409 633 1000
2712450 634 1000
2714410 635 1000
2717131 636 1000
2718919 637 1000
2722653 638 1000
2723792 639 1000
2725715 640 1000
2728360 641 1000
2729650 642 1000
2731115 643 1000
2733988 644 1000
2736120 645 1000
2737776 646 1000
2740100 647 1000
2743401 648 1000
2746154 649 1000
2747986 650 1000
2750443 651 1000
2754504 652 1000
2756999 653 1000
2757844 654 1000
2759495 655 1000
2760859 656 1000
2763895 657 1000
2766914 658 1000
2768717 659 1000
2771228 660 1000
2773167 661 1000
2775802 662 1000
2778295 663 1000
2780614 664 1000
2782818 665 1000
2784665 666 1000
2788110 667 1000
2790485 668 1000
2794525 669 1000
2800470 670 1000
2804041 671 1000
2805975 672 1000
2808191 673 1000
2810004 674 1000
2811287 675 1000
2814613 676 1000
2816741 677 1000
2818115 678 1000
2819460 679 1000
2822043 680 1000
2824684 681 1000
2826252 682 1000
2828069 683 1000
2829623 684 1000
2832185 685 1000
2837116 686 1000
2839147 687 1000
2839803 688 1000
2842952 689 1000
2844109 690 1000
2846679 691 1000
2850414 692 1000
2853885 693 1000
2855988 694 1000
2859754 695 1000
2863388 696 1000
2863959 697 1000
2868249 698 1000
2870613 699 1000
2872876 700 1000
2875820 701 1000
2880381 702 1000
2881421 703 1000
2882629 704 1000
2888524 705 1000
2895689 706 1000
2902122 707 1000
2905471 708 1000
2909709 709 1000
2914191 710 1000
2917371 711 1000
2921234 712 1000
2925507 713 1000
2928215 714 1000
2930191 715 1000
2935163 716 1000
2941969 717 1000
2945669 718 1000
2950418 719 1000
2953858 720 1000
2957662 721 1000
2961128 722 1000
2962967 723 1000
2964538 724 1000
2967927 725 1000
2974407 726 1000
2978696 727 1000
2984429 728 1000
2986997 729 1000
2989809 730 1000
2995789 731 1000
3001169 732 1000
3005406 733 1000
3007355 734 1000
3013811 735 1000
3020790 736 1000
3025655 737 1000
3028084 738 1000
3029905 739 1000
3034011 740 1000
3036428 741 1000
3040004 742 1000
3045162 743 1000
3049327 744 1000
3051502 745 1000
3055151 746 1000
3061249 747 1000
3067306 748 1000
3072040 749 1000
3075846 750 1000
3078918 751 1000
3082871 752 1000
3090176 753 1000
3096077 754 1000
3101520 755 1000
3104221 756 1000
3111425 757 1000
3114530 758 1000
3119349 759 1000
3121422 760 1000
3128150 761 1000
3136340 762 1000
3140554 763 1000
3143729 764 1000
3148881 765 1000
3151641 766 1000
3157242 767 1000
3161025 768 1000
3167702 769 1000
3173864 770 1000
3177680 771 1000
3184246 772 1000
3189706 773 1000
3199927 774 1000
3205726 775 1000
3209827 776 1000
3214001 777 1000
3220639 778 1000
3233443 779 1000
3239448 780 1000
3244163 781 1000
3255248 782 1000
3262704 783 1000
3268081 784 1000
3275814 785 1000
3282927 786 1000
3291335 787 1000
3297773 788 1000
3304117 789 1000
3307326 790 1000
3314623 791 1000
3320301 792 1000
3322827 793 1000
3332621 794 1000
3342566 795 1000
3346535 796 1000
3348544 797 1000
3356021 798 1000
3358053 799 1000
3367656 800 1000
3374602 801 1000
3381705 802 1000
3387170 803 1000
3390637 804 1000
3395912 805 1000
3399173 806 1000
3406833 807 1000
3410514 808 1000
3415028 809 1000
3419853 810 1000
3424771 811 1000
3430231 812 1000
3434143 813 1000
3437970 814 1000
3440963 815 1000
3445777 816 1000
3456119 817 1000
3460894 818 1000
3465385 819 1000
3468655 820 1000
3473632 821 1000
3477297 822 1000
3478880 823 1000
3482372 824 1000
3484926 825 1000
3488935 826 1000
3492773 827 1000
3500862 828 1000
3509617 829 1000
3514349 830 1000
3519531 831 1000
3522539 832 1000
3525419 833 1000
3530755 834 1000
3535142 835 1000
3538887 836 1000
3550312 837 1000
3552717 838 1000
3557494 839 1000
3560354 840 1000
3562228 841 1000
3567821 842 1000
3572950 843 1000
3578409 844 1000
3582207 845 1000
3587457 846 1000
3592407 847 1000
3596046 848 1000
3600417 849 1000
3606971 850 1000
3609733 851 1000
3617766 852 1000
3620157 853 1000
3624392 854 1000
3632016 855 1000
3635845 856 1000
3637237 857 1000
3642050 858 1000
3644363 859 1000
3649198 860 1000
3663369 861 1000
3669902 862 1000
3673061 863 1000
3678231 864 1000
3681410 865 1000
3684163 866 1000
3689096 867 1000
3693333 868 1000
3695756 869 1000
3702239 870 1000
3711592 871 1000
3716159 872 1000
3724400 873 1000
3736360 874 1000
3739214 875 1000
3741515 876 1000
3747032 877 1000
3751323 878 1000
3760996 879 1000
3765883 880 1000
3772282 881 1000
3776156 882 1000
3782718 883 1000
3789612 884 1000
3798030 885 1000
3803464 886 1000
3807297 887 1000
3815604 888 1000
3825033 889 1000
3831703 890 1000
3838214 891 1000
3844465 892 1000
3856712 893 1000
3863596 894 1000
3867505 895 1000
3871967 896 1000
3875609 897 1000
3879543 898 1000
3888072 899 1000
3891053 900 1000
3897536 901 1000
3900245 902 1000
3903430 903 1000
3913378 904 1000
3917452 905 1000
3928634 906 1000
3934587 907 1000
3940209 908 1000
3945271 909 1000
3949015 910 1000
3952558 911 1000
3977824 912 1000
3986736 913 1000
3998134 914 1000
4015809 915 1000
4039670 916 1000
4065236 917 1000
4078136 918 1000
4096838 919 1000
4113012 920 1000
4128464 921 1000
4137144 922 1000
4159484 923 1000
4196468 924 1000
4202615 925 1000
4217375 926 1000
4248687 927 1000
4297066 928 1000
4318270 929 1000
4339714 930 1000
4401409 931 1000
4461557 932 1000
4563587 933 1000
4627288 934 1000
4746477 935 1000
4843527 936 1000
5014174 937 1000
5160359 938 1000
5346284 939 1000
5543115 940 1000
6020665 941 1000
6666918 942 1000
7842381 943 1000
8719929 944 1000
9226338 945 1000
11583185 946 1000
13449830 947 1000
14661215 948 1000
19485158 949 1000
23801249 950 1000
26002907 951 1000
29898370 952 1000
32569930 953 1000
43705716 954 1000
48520512 955 1000
62219623 956 1000
62314377 957 1000
76206932 958 1000
82756304 959 1000
83446841 960 1000
94341955 961 1000
96804469 962 1000
97834805 963 1000
123298439 964 1000
124819520 965 1000
143642050 966 1000
143702724 967 1000
147085211 968 1000
147836960 969 1000
151509071 970 1000
152486910 971 1000
154145647 972 1000
155540980 973 1000
155792454 974 1000
156882078 975 1000
200290092 976 1000
200674456 977 1000
204258619 978 1000
206071700 979 1000
220829465 980 1000
239087467 981 1000
252382561 982 1000
255688532 983 1000
267043847 984 1000
267979029 985 1000
276465091 986 1000
277369421 987 1000
309703325 988 1000
310187583 989 1000
310445592 990 1000
311266659 991 1000
343563923 992 1000
357864613 993 1000
368117263 994 1000
368920944 995 1000
374391326 996 1000
376499976 997 1000
382933087 998 1000
396005982 999 1000
