2073340 0 1000
2214588 1 1000
2266341 2 1000
2279892 3 1000
2299522 4 1000
2309029 5 1000
2321216 6 1000
2329728 7 1000
2338163 8 1000
2343759 9 1000
2353430 10 1000
2360116 11 1000
2375059 12 1000
2382751 13 1000
2387917 14 1000
2394577 15 1000
2403735 16 1000
2410147 17 1000
2417027 18 1000
2426816 19 1000
2435012 20 1000
2445834 21 1000
2457711 22 1000
2483650 23 1000
2493868 24 1000
2501075 25 1000
2511986 26 1000
2521302 27 1000
2531787 28 1000
2545531 29 1000
2554964 30 1000
2576578 31 1000
2598215 32 1000
2607945 33 1000
2624686 34 1000
2633130 35 1000
2637728 36 1000
2648701 37 1000
2655944 38 1000
2663752 39 1000
2671014 40 1000
2683927 41 1000
2698945 42 1000
2707828 43 1000
2714766 44 1000
2722764 45 1000
2731906 46 1000
2738014 47 1000
2747173 48 1000
2757372 49 1000
2767664 50 1000
2775043 51 1000
2781942 52 1000
2789997 53 1000
2798278 54 1000
2805834 55 1000
2810620 56 1000
2817973 57 1000
2828885 58 1000
2838196 59 1000
2850004 60 1000
2860435 61 1000
2867580 62 1000
2875102 63 1000
2885351 64 1000
2893573 65 1000
2904480 66 1000
2913892 67 1000
2926577 68 1000
2935883 69 1000
2944169 70 1000
2952364 71 1000
2959544 72 1000
2966691 73 1000
2971624 74 1000
2979529 75 1000
2986147 76 1000
2990106 77 1000
2996577 78 1000
3002438 79 1000
3005199 80 1000
3008878 81 1000
3012520 82 1000
3015475 83 1000
3018407 84 1000
3022115 85 1000
3024637 86 1000
3027038 87 1000
3029395 88 1000
3031564 89 1000
3033896 90 1000
3036424 91 1000
3039450 92 1000
3042930 93 1000
3045043 94 1000
3046541 95 1000
3049046 96 1000
3050495 97 1000
3053474 98 1000
3055273 99 1000
3056868 100 1000
3059464 101 1000
3060529 102 1000
3062600 103 1000
3064225 104 1000
3065793 105 1000
3066871 106 1000
3067895 107 1000
3069541 108 1000
3070592 109 1000
3072092 110 1000
3073332 111 1000
3074093 112 1000
3075407 113 1000
3076697 114 1000
3077830 115 1000
3079156 116 1000
3079981 117 1000
3081381 118 1000
3082701 119 1000
3083878 120 1000
3085898 121 1000
3087072 122 1000
3088412 123 1000
3089476 124 1000
3090863 125 1000
3092235 126 1000
3093439 127 1000
3094330 128 1000
3095107 129 1000
3096093 130 1000
3097756 131 1000
3099551 132 1000
3100899 133 1000
3102517 134 1000
3103883 135 1000
3104968 136 1000
3106580 137 1000
3108315 138 1000
3110618 139 1000
3112604 140 1000
3113196 141 1000
3115602 142 1000
3117271 143 1000
3119066 144 1000
3121716 145 1000
3123684 146 1000
3125355 147 1000
3127021 148 1000
3128629 149 1000
3130378 150 1000
3132916 151 1000
3134712 152 1000
3136760 153 1000
3138758 154 1000
3140938 155 1000
3142826 156 1000
3144943 157 1000
3146581 158 1000
3149221 159 1000
3151566 160 1000
3154273 161 1000
3156126 162 1000
3158378 163 1000
3160094 164 1000
3162684 165 1000
3164840 166 1000
3168081 167 1000
3171731 168 1000
3174638 169 1000
3177836 170 1000
3182963 171 1000
3185271 172 1000
3188948 173 1000
3196144 174 1000
3199516 175 1000
3202199 176 1000
3206823 177 1000
3212499 178 1000
3216381 179 1000
3221199 180 1000
3226472 181 1000
3230582 182 1000
3235267 183 1000
3241058 184 1000
3247372 185 1000
3254589 186 1000
3259051 187 1000
3263713 188 1000
3267656 189 1000
3273344 190 1000
3278650 191 1000
3284556 192 1000
3288486 193 1000
3294114 194 1000
3298947 195 1000
3307871 196 1000
3312871 197 1000
3319923 198 1000
3326558 199 1000
3332899 200 1000
3338645 201 1000
3345530 202 1000
3347959 203 1000
3357665 204 1000
3364841 205 1000
3370407 206 1000
3376768 207 1000
3384197 208 1000
3390154 209 1000
3395380 210 1000
3403717 211 1000
3412226 212 1000
3423557 213 1000
3430610 214 1000
3436269 215 1000
3444165 216 1000
3447345 217 1000
3456944 218 1000
3463591 219 1000
3473163 220 1000
3480654 221 1000
3488461 222 1000
3498050 223 1000
3506023 224 1000
3515326 225 1000
3524324 226 1000
3538128 227 1000
3546287 228 1000
3557873 229 1000
3566110 230 1000
3573389 231 1000
3587264 232 1000
3594981 233 1000
3606781 234 1000
3627203 235 1000
3636605 236 1000
3645985 237 1000
3662097 238 1000
3676075 239 1000
3687118 240 1000
3703247 241 1000
3713722 242 1000
3724179 243 1000
3739384 244 1000
3749009 245 1000
3770762 246 1000
3789326 247 1000
3809646 248 1000
3836270 249 1000
3851817 250 1000
3884035 251 1000
3905207 252 1000
3922011 253 1000
3943866 254 1000
3962613 255 1000
3991411 256 1000
4011050 257 1000
4039921 258 1000
4064039 259 1000
4084265 260 1000
4102298 261 1000
4126631 262 1000
4146355 263 1000
4160817 264 1000
4174766 265 1000
4185417 266 1000
4197992 267 1000
4214882 268 1000
4233672 269 1000
4258858 270 1000
4275355 271 1000
4292083 272 1000
4315205 273 1000
4340974 274 1000
4356116 275 1000
4371417 276 1000
4381651 277 1000
4403302 278 1000
4422856 279 1000
4449244 280 1000
4459407 281 1000
4471532 282 1000
4483547 283 1000
4490582 284 1000
4501147 285 1000
4521999 286 1000
4538244 287 1000
4545774 288 1000
4556391 289 1000
4568108 290 1000
4577195 291 1000
4594369 292 1000
4600357 293 1000
4611604 294 1000
4617391 295 1000
4622033 296 1000
4629876 297 1000
4635101 298 1000
4641022 299 1000
4645564 300 1000
4649232 301 1000
4655087 302 1000
4657801 303 1000
4662464 304 1000
4665077 305 1000
4668802 306 1000
4675029 307 1000
4678086 308 1000
4680769 309 1000
4684592 310 1000
4691263 311 1000
4695672 312 1000
4698400 313 1000
4703177 314 1000
4707976 315 1000
4710502 316 1000
4713134 317 1000
4715929 318 1000
4718431 319 1000
4721168 320 1000
4724337 321 1000
4726692 322 1000
4729171 323 1000
4731809 324 1000
4733978 325 1000
4736071 326 1000
4740086 327 1000
4742134 328 1000
4744771 329 1000
4748797 330 1000
4750158 331 1000
4753462 332 1000
4756413 333 1000
4759742 334 1000
4763876 335 1000
4766266 336 1000
4768918 337 1000
4770798 338 1000
4773832 339 1000
4776035 340 1000
4781318 341 1000
4783735 342 1000
4786105 343 1000
4789269 344 1000
4792344 345 1000
4793786 346 1000
4795108 347 1000
4798307 348 1000
4800948 349 1000
4803999 350 1000
4806342 351 1000
4807897 352 1000
4809397 353 1000
4811495 354 1000
4813530 355 1000
4815643 356 1000
4817467 357 1000
4819713 358 1000
4821562 359 1000
4822838 360 1000
4824735 361 1000
4827421 362 1000
4828817 363 1000
4830433 364 1000
4832293 365 1000
4834976 366 1000
4837290 367 1000
4840359 368 1000
4841619 369 1000
4843289 370 1000
4845512 371 1000
4847392 372 1000
4850134 373 1000
4852146 374 1000
4854004 375 1000
4855619 376 1000
4856797 377 1000
4858087 378 1000
4860334 379 1000
4862466 380 1000
4864387 381 1000
4867235 382 1000
4869285 383 1000
4871682 384 1000
4874202 385 1000
4876089 386 1000
4876982 387 1000
4878378 388 1000
4881579 389 1000
4882798 390 1000
4884442 391 1000
4885627 392 1000
4887801 393 1000
4889663 394 1000
4890770 395 1000
4893010 396 1000
4894411 397 1000
4895945 398 1000
4897851 399 1000
4900040 400 1000
4901616 401 1000
4903408 402 1000
4905357 403 1000
4906423 404 1000
4909080 405 1000
4910991 406 1000
4912759 407 1000
4914196 408 1000
4916735 409 1000
4919752 410 1000
4922031 411 1000
4923191 412 1000
4925014 413 1000
4926954 414 1000
4927796 415 1000
4928873 416 1000
4930224 417 1000
4931988 418 1000
4933368 419 1000
4935522 420 1000
4937072 421 1000
4938648 422 1000
4939651 423 1000
4940921 424 1000
4941996 425 1000
4944181 426 1000
4945533 427 1000
4947001 428 1000
4948079 429 1000
4949507 430 1000
4950926 431 1000
4952304 432 1000
4954006 433 1000
4955158 434 1000
4957132 435 1000
4958266 436 1000
4959490 437 1000
4960426 438 1000
4961667 439 1000
4963100 440 1000
4964027 441 1000
4965458 442 1000
4966075 443 1000
4967265 444 1000
4968484 445 1000
4969636 446 1000
4971036 447 1000
4971887 448 1000
4972584 449 1000
4973397 450 1000
4974435 451 1000
4975250 452 1000
4976032 453 1000
4977075 454 1000
4977905 455 1000
4979182 456 1000
4979785 457 1000
4981224 458 1000
4982001 459 1000
4982597 460 1000
4983381 461 1000
4984565 462 1000
4985345 463 1000
4986099 464 1000
4986639 465 1000
4987622 466 1000
4988347 467 1000
4989133 468 1000
4989897 469 1000
4990659 470 1000
4991456 471 1000
4991974 472 1000
4992438 473 1000
4992912 474 1000
4993624 475 1000
4994348 476 1000
4994760 477 1000
4995582 478 1000
4996304 479 1000
4996943 480 1000
4997774 481 1000
4998480 482 1000
4998932 483 1000
4999340 484 1000
4999799 485 1000
5000279 486 1000
5000955 487 1000
5001619 488 1000
5002414 489 1000
5002975 490 1000
5003755 491 1000
5004207 492 1000
5004688 493 1000
5005220 494 1000
5005729 495 1000
5006198 496 1000
5006697 497 1000
5007123 498 1000
5007971 499 1000
5008676 500 1000
5009213 501 1000
5009647 502 1000
5010127 503 1000
5010491 504 1000
5011044 505 1000
5011427 506 1000
5011870 507 1000
5012647 508 1000
5013139 509 1000
5013884 510 1000
5014240 511 1000
5014650 512 1000
5015130 513 1000
5015486 514 1000
5015838 515 1000
5016137 516 1000
5016505 517 1000
5016999 518 1000
5017389 519 1000
5017801 520 1000
5018376 521 1000
5018995 522 1000
5019337 523 1000
5019973 524 1000
5020364 525 1000
5021003 526 1000
5021463 527 1000
5021761 528 1000
5022054 529 1000
5022487 530 1000
5022859 531 1000
5023092 532 1000
5023395 533 1000
5023830 534 1000
5024019 535 1000
5024288 536 1000
5024629 537 1000
5025000 538 1000
5025202 539 1000
5025420 540 1000
5025684 541 1000
5025905 542 1000
5026211 543 1000
5026778 544 1000
5027114 545 1000
5027526 546 1000
5028013 547 1000
5028440 548 1000
5028768 549 1000
5029186 550 1000
5029630 551 1000
5029894 552 1000
5030179 553 1000
5030371 554 1000
5030729 555 1000
5030988 556 1000
5031260 557 1000
5031590 558 1000
5031989 559 1000
5032474 560 1000
5032716 561 1000
5032970 562 1000
5033157 563 1000
5033320 564 1000
5033633 565 1000
5034038 566 1000
5034352 567 1000
5034570 568 1000
5034821 569 1000
5035193 570 1000
5035655 571 1000
5035878 572 1000
5036171 573 1000
5036498 574 1000
5036763 575 1000
5036999 576 1000
5037223 577 1000
5037696 578 1000
5037922 579 1000
5038342 580 1000
5038550 581 1000
5038797 582 1000
5039091 583 1000
5039269 584 1000
5039483 585 1000
5039806 586 1000
5040016 587 1000
5040352 588 1000
5040720 589 1000
5041031 590 1000
5041204 591 1000
5041535 592 1000
5041797 593 1000
5041983 594 1000
5042210 595 1000
5042672 596 1000
5042874 597 1000
5043141 598 1000
5043294 599 1000
5043542 600 1000
5043788 601 1000
5044080 602 1000
5044381 603 1000
5044733 604 1000
5044998 605 1000
5045339 606 1000
5045600 607 1000
5045939 608 1000
5046142 609 1000
5046378 610 1000
5046692 611 1000
5046895 612 1000
5047274 613 1000
5047629 614 1000
5047938 615 1000
5048288 616 1000
5048517 617 1000
5048826 618 1000
5049031 619 1000
5049277 620 1000
5049512 621 1000
5049817 622 1000
5050290 623 1000
5050715 624 1000
5051032 625 1000
5051202 626 1000
5051442 627 1000
5051763 628 1000
5052169 629 1000
5052447 630 1000
5052676 631 1000
5052910 632 1000
5053325 633 1000
5053635 634 1000
5053876 635 1000
5054259 636 1000
5054435 637 1000
5054750 638 1000
5055033 639 1000
5055408 640 1000
5055669 641 1000
5055884 642 1000
5056099 643 1000
5056313 644 1000
5056493 645 1000
5056849 646 1000
5057206 647 1000
5057679 648 1000
5058012 649 1000
5058406 650 1000
5058565 651 1000
5058702 652 1000
5059041 653 1000
5059371 654 1000
5059688 655 1000
5059963 656 1000
5060404 657 1000
5060801 658 1000
5061220 659 1000
5061540 660 1000
5061969 661 1000
5062269 662 1000
5062603 663 1000
5062980 664 1000
5063274 665 1000
5063656 666 1000
5063971 667 1000
5064190 668 1000
5064515 669 1000
5065070 670 1000
5065370 671 1000
5065716 672 1000
5066022 673 1000
5066491 674 1000
5066895 675 1000
5067298 676 1000
5067536 677 1000
5067886 678 1000
5068340 679 1000
5068577 680 1000
5069199 681 1000
5069508 682 1000
5069882 683 1000
5070197 684 1000
5070580 685 1000
5070986 686 1000
5071304 687 1000
5071723 688 1000
5071956 689 1000
5072371 690 1000
5073121 691 1000
5073555 692 1000
5074043 693 1000
5074707 694 1000
5075056 695 1000
5075365 696 1000
5076001 697 1000
5076460 698 1000
5076823 699 1000
5077203 700 1000
5077990 701 1000
5078413 702 1000
5078917 703 1000
5079329 704 1000
5079803 705 1000
5080234 706 1000
5080576 707 1000
5081013 708 1000
5081640 709 1000
5082200 710 1000
5082853 711 1000
5083335 712 1000
5083759 713 1000
5084385 714 1000
5084807 715 1000
5085367 716 1000
5085780 717 1000
5086293 718 1000
5086856 719 1000
5087270 720 1000
5087928 721 1000
5088456 722 1000
5089115 723 1000
5089804 724 1000
5090443 725 1000
5091096 726 1000
5091755 727 1000
5092288 728 1000
5093197 729 1000
5093930 730 1000
5094495 731 1000
5095402 732 1000
5096239 733 1000
5096876 734 1000
5097946 735 1000
5098473 736 1000
5099575 737 1000
5100452 738 1000
5101130 739 1000
5101590 740 1000
5102698 741 1000
5104102 742 1000
5104977 743 1000
5105876 744 1000
5106817 745 1000
5107352 746 1000
5108122 747 1000
5109352 748 1000
5110636 749 1000
5111674 750 1000
5112708 751 1000
5113615 752 1000
5114327 753 1000
5115452 754 1000
5115802 755 1000
5117067 756 1000
5118023 757 1000
5118945 758 1000
5119791 759 1000
5121048 760 1000
5122318 761 1000
5123569 762 1000
5124849 763 1000
5126618 764 1000
5127466 765 1000
5130027 766 1000
5131105 767 1000
5132886 768 1000
5134831 769 1000
5136349 770 1000
5137940 771 1000
5139089 772 1000
5140238 773 1000
5141339 774 1000
5144221 775 1000
5146287 776 1000
5148237 777 1000
5149993 778 1000
5152523 779 1000
5153617 780 1000
5155696 781 1000
5157191 782 1000
5160293 783 1000
5162882 784 1000
5165469 785 1000
5168501 786 1000
5171044 787 1000
5172407 788 1000
5174262 789 1000
5177666 790 1000
5179279 791 1000
5181416 792 1000
5183451 793 1000
5186206 794 1000
5189145 795 1000
5191576 796 1000
5195567 797 1000
5197515 798 1000
5200821 799 1000
5203521 800 1000
5206236 801 1000
5209574 802 1000
5212000 803 1000
5216102 804 1000
5218572 805 1000
5222155 806 1000
5225800 807 1000
5229594 808 1000
5231774 809 1000
5234191 810 1000
5236668 811 1000
5239913 812 1000
5241560 813 1000
5246204 814 1000
5248264 815 1000
5251910 816 1000
5256138 817 1000
5258577 818 1000
5262344 819 1000
5265327 820 1000
5268665 821 1000
5272167 822 1000
5275245 823 1000
5276750 824 1000
5279566 825 1000
5284122 826 1000
5287727 827 1000
5291667 828 1000
5295546 829 1000
5298444 830 1000
5303588 831 1000
5307993 832 1000
5313852 833 1000
5319877 834 1000
5324189 835 1000
5331149 836 1000
5340534 837 1000
5351120 838 1000
5358245 839 1000
5369153 840 1000
5377183 841 1000
5383331 842 1000
5392577 843 1000
5401493 844 1000
5414476 845 1000
5426896 846 1000
5435554 847 1000
5448453 848 1000
5465565 849 1000
5496850 850 1000
5516401 851 1000
5553019 852 1000
5592409 853 1000
5616426 854 1000
5637755 855 1000
5654401 856 1000
5688077 857 1000
5709093 858 1000
5729994 859 1000
5754233 860 1000
5805397 861 1000
5864521 862 1000
5888118 863 1000
5935686 864 1000
5998020 865 1000
6097232 866 1000
6159086 867 1000
6254727 868 1000
6293275 869 1000
6317319 870 1000
6442318 871 1000
6690711 872 1000
6845587 873 1000
7002375 874 1000
7218298 875 1000
7705443 876 1000
7931527 877 1000
8870448 878 1000
9766274 879 1000
9845255 880 1000
9861458 881 1000
9902008 882 1000
9927014 883 1000
9945214 884 1000
9971383 885 1000
9986308 886 1000
10003141 887 1000
10014580 888 1000
10021375 889 1000
10027668 890 1000
10035858 891 1000
10043675 892 1000
10047942 893 1000
10054066 894 1000
10055939 895 1000
10059443 896 1000
10062941 897 1000
10064865 898 1000
10067073 899 1000
10068882 900 1000
10070327 901 1000
10071932 902 1000
10073748 903 1000
10074994 904 1000
10076356 905 1000
10077185 906 1000
10078360 907 1000
10079337 908 1000
10080200 909 1000
10081153 910 1000
10082701 911 1000
10083635 912 1000
10085040 913 1000
10086055 914 1000
10087165 915 1000
10088418 916 1000
10089300 917 1000
10090501 918 1000
10092101 919 1000
10092679 920 1000
10093366 921 1000
10094518 922 1000
10095325 923 1000
10096531 924 1000
10096825 925 1000
10097407 926 1000
10098004 927 1000
10098692 928 1000
10099756 929 1000
10100987 930 1000
10102311 931 1000
10102884 932 1000
10103990 933 1000
10104931 934 1000
10105867 935 1000
10106781 936 1000
10107412 937 1000
10108184 938 1000
10109166 939 1000
10109846 940 1000
10110416 941 1000
10111335 942 1000
10112441 943 1000
10113270 944 1000
10114226 945 1000
10114983 946 1000
10116063 947 1000
10116912 948 1000
10117650 949 1000
10118722 950 1000
10119915 951 1000
10120961 952 1000
10122141 953 1000
10122917 954 1000
10123675 955 1000
10124487 956 1000
10125732 957 1000
10127259 958 1000
10128153 959 1000
10129225 960 1000
10130041 961 1000
10130842 962 1000
10132183 963 1000
10133434 964 1000
10134456 965 1000
10136437 966 1000
10138283 967 1000
10139292 968 1000
10140727 969 1000
10142404 970 1000
10143590 971 1000
10145232 972 1000
10147569 973 1000
10150008 974 1000
10152953 975 1000
10155403 976 1000
10159277 977 1000
10162188 978 1000
10166175 979 1000
10169875 980 1000
10174251 981 1000
10181134 982 1000
10189766 983 1000
10200716 984 1000
10216029 985 1000
10237052 986 1000
10301018 987 1000
10326701 988 1000
10629525 989 1000
10972395 990 1000
11894079 991 1000
13104195 992 1000
14967562 993 1000
19481427 994 1000
26527379 995 1000
29705650 996 1000
31513757 997 1000
42250106 998 1000
46704318 999 1000
