2051920 0 1000
2166591 1 1000
2215618 2 1000
2232412 3 1000
2253092 4 1000
2269824 5 1000
2278778 6 1000
2285890 7 1000
2293850 8 1000
2302075 9 1000
2308870 10 1000
2317615 11 1000
2323500 12 1000
2332338 13 1000
2339177 14 1000
2346906 15 1000
2352731 16 1000
2360615 17 1000
2367959 18 1000
2375186 19 1000
2382191 20 1000
2386949 21 1000
2392124 22 1000
2397134 23 1000
2402472 24 1000
2408063 25 1000
2415640 26 1000
2421245 27 1000
2426893 28 1000
2433237 29 1000
2438143 30 1000
2444558 31 1000
2452509 32 1000
2459301 33 1000
2466493 34 1000
2471653 35 1000
2477315 36 1000
2485132 37 1000
2493049 38 1000
2499818 39 1000
2507786 40 1000
2514198 41 1000
2522789 42 1000
2528397 43 1000
2540466 44 1000
2549578 45 1000
2557364 46 1000
2564774 47 1000
2571782 48 1000
2581316 49 1000
2588491 50 1000
2597489 51 1000
2604548 52 1000
2614649 53 1000
2623423 54 1000
2633351 55 1000
2642176 56 1000
2651510 57 1000
2661992 58 1000
2672362 59 1000
2682744 60 1000
2691448 61 1000
2702557 62 1000
2718084 63 1000
2728825 64 1000
2738763 65 1000
2748740 66 1000
2758412 67 1000
2768467 68 1000
2776866 69 1000
2783243 70 1000
2791784 71 1000
2798354 72 1000
2803629 73 1000
2808408 74 1000
2814736 75 1000
2822061 76 1000
2827224 77 1000
2831724 78 1000
2838878 79 1000
2844162 80 1000
2852716 81 1000
2858642 82 1000
2868709 83 1000
2875422 84 1000
2883863 85 1000
2892362 86 1000
2907128 87 1000
2916690 88 1000
2928188 89 1000
2942181 90 1000
2951095 91 1000
2959548 92 1000
2971561 93 1000
2981028 94 1000
2992284 95 1000
3002673 96 1000
3011668 97 1000
3021400 98 1000
3027863 99 1000
3035536 100 1000
3041220 101 1000
3046129 102 1000
3049389 103 1000
3054442 104 1000
3057443 105 1000
3059917 106 1000
3062121 107 1000
3064062 108 1000
3066521 109 1000
3068042 110 1000
3069599 111 1000
3071280 112 1000
3073133 113 1000
3074391 114 1000
3076494 115 1000
3078120 116 1000
3079899 117 1000
3081775 118 1000
3083460 119 1000
3085496 120 1000
3087887 121 1000
3090025 122 1000
3091763 123 1000
3093247 124 1000
3095616 125 1000
3097518 126 1000
3099174 127 1000
3100861 128 1000
3103024 129 1000
3105261 130 1000
3107024 131 1000
3109513 132 1000
3111757 133 1000
3115236 134 1000
3117763 135 1000
3119988 136 1000
3122398 137 1000
3124435 138 1000
3126918 139 1000
3129400 140 1000
3132778 141 1000
3137384 142 1000
3139727 143 1000
3143394 144 1000
3146229 145 1000
3149749 146 1000
3152403 147 1000
3157040 148 1000
3161891 149 1000
3166301 150 1000
3171114 151 1000
3175869 152 1000
3180682 153 1000
3185198 154 1000
3189263 155 1000
3195216 156 1000
3202208 157 1000
3211838 158 1000
3219439 159 1000
3234816 160 1000
3243303 161 1000
3256664 162 1000
3265688 163 1000
3279571 164 1000
3292366 165 1000
3301574 166 1000
3317633 167 1000
3328805 168 1000
3335954 169 1000
3342842 170 1000
3353414 171 1000
3366103 172 1000
3377709 173 1000
3387826 174 1000
3397054 175 1000
3405667 176 1000
3416753 177 1000
3425350 178 1000
3437561 179 1000
3447430 180 1000
3464091 181 1000
3480256 182 1000
3500667 183 1000
3522520 184 1000
3539111 185 1000
3564431 186 1000
3579380 187 1000
3611686 188 1000
3625933 189 1000
3648488 190 1000
3672532 191 1000
3690443 192 1000
3708856 193 1000
3732717 194 1000
3762392 195 1000
3796997 196 1000
3843499 197 1000
3870371 198 1000
3900174 199 1000
3922674 200 1000
3955900 201 1000
3992005 202 1000
4026775 203 1000
4048305 204 1000
4079577 205 1000
4109280 206 1000
4138368 207 1000
4163640 208 1000
4182681 209 1000
4223296 210 1000
4247774 211 1000
4267946 212 1000
4284729 213 1000
4300230 214 1000
4311656 215 1000
4330956 216 1000
4347260 217 1000
4361185 218 1000
4382976 219 1000
4398205 220 1000
4416244 221 1000
4426391 222 1000
4441191 223 1000
4462035 224 1000
4473977 225 1000
4485013 226 1000
4499178 227 1000
4507506 228 1000
4518304 229 1000
4532692 230 1000
4538690 231 1000
4548887 232 1000
4558148 233 1000
4567458 234 1000
4575267 235 1000
4584734 236 1000
4592709 237 1000
4600774 238 1000
4606962 239 1000
4612591 240 1000
4617646 241 1000
4623396 242 1000
4628694 243 1000
4633442 244 1000
4637235 245 1000
4642764 246 1000
4648607 247 1000
4653429 248 1000
4662109 249 1000
4667129 250 1000
4671195 251 1000
4675877 252 1000
4680521 253 1000
4684438 254 1000
4687532 255 1000
4692459 256 1000
4695253 257 1000
4699150 258 1000
4702801 259 1000
4706823 260 1000
4711103 261 1000
4715103 262 1000
4719244 263 1000
4723584 264 1000
4727348 265 1000
4731295 266 1000
4734414 267 1000
4738712 268 1000
4744105 269 1000
4747131 270 1000
4750513 271 1000
4752585 272 1000
4756345 273 1000
4759021 274 1000
4761915 275 1000
4764224 276 1000
4768171 277 1000
4770793 278 1000
4773573 279 1000
4775749 280 1000
4777989 281 1000
4780324 282 1000
4783229 283 1000
4786151 284 1000
4788116 285 1000
4790469 286 1000
4793042 287 1000
4795081 288 1000
4797532 289 1000
4799262 290 1000
4801380 291 1000
4804416 292 1000
4806401 293 1000
4808623 294 1000
4810548 295 1000
4812307 296 1000
4814069 297 1000
4816321 298 1000
4818965 299 1000
4820687 300 1000
4823459 301 1000
4825913 302 1000
4828523 303 1000
4830927 304 1000
4832414 305 1000
4833952 306 1000
4835993 307 1000
4838366 308 1000
4840146 309 1000
4842040 310 1000
4844364 311 1000
4846501 312 1000
4848263 313 1000
4850070 314 1000
4851747 315 1000
4852997 316 1000
4854286 317 1000
4855888 318 1000
4857619 319 1000
4859042 320 1000
4860328 321 1000
4862031 322 1000
4864280 323 1000
4865735 324 1000
4867161 325 1000
4868637 326 1000
4870349 327 1000
4871397 328 1000
4872789 329 1000
4874191 330 1000
4875297 331 1000
4876256 332 1000
4878013 333 1000
4879286 334 1000
4880378 335 1000
4881993 336 1000
4883448 337 1000
4885022 338 1000
4886878 339 1000
4888254 340 1000
4889802 341 1000
4890931 342 1000
4892711 343 1000
4893943 344 1000
4895096 345 1000
4896477 346 1000
4897628 347 1000
4898645 348 1000
4900356 349 1000
4901649 350 1000
4902754 351 1000
4903689 352 1000
4904847 353 1000
4906393 354 1000
4907671 355 1000
4908919 356 1000
4910280 357 1000
4911491 358 1000
4912531 359 1000
4913660 360 1000
4914523 361 1000
4915729 362 1000
4916991 363 1000
4918241 364 1000
4919178 365 1000
4920365 366 1000
4921199 367 1000
4922111 368 1000
4922979 369 1000
4924081 370 1000
4925206 371 1000
4926483 372 1000
4927495 373 1000
4928385 374 1000
4929305 375 1000
4930414 376 1000
4931121 377 1000
4932095 378 1000
4933303 379 1000
4934223 380 1000
4935085 381 1000
4936310 382 1000
4937094 383 1000
4938118 384 1000
4939104 385 1000
4940236 386 1000
4941194 387 1000
4942043 388 1000
4942929 389 1000
4943982 390 1000
4944842 391 1000
4945879 392 1000
4946528 393 1000
4947428 394 1000
4948233 395 1000
4949373 396 1000
4949962 397 1000
4950944 398 1000
4952058 399 1000
4952875 400 1000
4953738 401 1000
4954539 402 1000
4955206 403 1000
4956131 404 1000
4957109 405 1000
4957999 406 1000
4959237 407 1000
4960244 408 1000
4961143 409 1000
4962273 410 1000
4963039 411 1000
4964084 412 1000
4964717 413 1000
4965535 414 1000
4966669 415 1000
4967689 416 1000
4968402 417 1000
4969125 418 1000
4970218 419 1000
4970822 420 1000
4971436 421 1000
4972176 422 1000
4973109 423 1000
4974043 424 1000
4974549 425 1000
4975220 426 1000
4975955 427 1000
4976847 428 1000
4977415 429 1000
4977986 430 1000
4978667 431 1000
4979612 432 1000
4980295 433 1000
4980917 434 1000
4981797 435 1000
4982593 436 1000
4983503 437 1000
4984348 438 1000
4984869 439 1000
4985567 440 1000
4986607 441 1000
4987161 442 1000
4987705 443 1000
4988537 444 1000
4989107 445 1000
4989772 446 1000
4990380 447 1000
4990956 448 1000
4991772 449 1000
4992405 450 1000
4992792 451 1000
4993497 452 1000
4994033 453 1000
4994807 454 1000
4995330 455 1000
4995824 456 1000
4996527 457 1000
4997331 458 1000
4998042 459 1000
4998852 460 1000
4999520 461 1000
5000134 462 1000
5000729 463 1000
5001264 464 1000
5001813 465 1000
5002468 466 1000
5002955 467 1000
5003464 468 1000
5004030 469 1000
5004566 470 1000
5005194 471 1000
5005725 472 1000
5006451 473 1000
5006985 474 1000
5007631 475 1000
5008296 476 1000
5008872 477 1000
5009332 478 1000
5009903 479 1000
5010397 480 1000
5011128 481 1000
5011599 482 1000
5012220 483 1000
5012631 484 1000
5013120 485 1000
5013644 486 1000
5014052 487 1000
5014573 488 1000
5015100 489 1000
5015540 490 1000
5016085 491 1000
5016811 492 1000
5017299 493 1000
5017781 494 1000
5018241 495 1000
5018659 496 1000
5019246 497 1000
5019895 498 1000
5020494 499 1000
5020997 500 1000
5021468 501 1000
5021876 502 1000
5022247 503 1000
5022753 504 1000
5023309 505 1000
5023761 506 1000
5024218 507 1000
5024803 508 1000
5025252 509 1000
5025768 510 1000
5026391 511 1000
5026803 512 1000
5027255 513 1000
5027726 514 1000
5028171 515 1000
5028582 516 1000
5028999 517 1000
5029512 518 1000
5030085 519 1000
5030483 520 1000
5030891 521 1000
5031399 522 1000
5031960 523 1000
5032386 524 1000
5032780 525 1000
5033316 526 1000
5033749 527 1000
5034277 528 1000
5034719 529 1000
5035147 530 1000
5035572 531 1000
5035976 532 1000
5036322 533 1000
5036652 534 1000
5037138 535 1000
5037654 536 1000
5038046 537 1000
5038597 538 1000
5039205 539 1000
5039706 540 1000
5040249 541 1000
5040696 542 1000
5041039 543 1000
5041483 544 1000
5041780 545 1000
5042347 546 1000
5042634 547 1000
5043063 548 1000
5043354 549 1000
5043725 550 1000
5044310 551 1000
5044687 552 1000
5044962 553 1000
5045185 554 1000
5045520 555 1000
5045935 556 1000
5046414 557 1000
5046833 558 1000
5047252 559 1000
5047715 560 1000
5048260 561 1000
5048899 562 1000
5049467 563 1000
5049869 564 1000
5050406 565 1000
5050993 566 1000
5051555 567 1000
5052068 568 1000
5052412 569 1000
5052849 570 1000
5053463 571 1000
5053757 572 1000
5054168 573 1000
5054633 574 1000
5054986 575 1000
5055506 576 1000
5056034 577 1000
5056550 578 1000
5057240 579 1000
5057819 580 1000
5058472 581 1000
5059036 582 1000
5059685 583 1000
5060197 584 1000
5060956 585 1000
5061438 586 1000
5062032 587 1000
5062745 588 1000
5063321 589 1000
5063859 590 1000
5064374 591 1000
5064900 592 1000
5065351 593 1000
5065949 594 1000
5066505 595 1000
5067053 596 1000
5067496 597 1000
5067972 598 1000
5068419 599 1000
5069007 600 1000
5069513 601 1000
5070274 602 1000
5070887 603 1000
5071509 604 1000
5071985 605 1000
5072746 606 1000
5073319 607 1000
5073868 608 1000
5074477 609 1000
5075173 610 1000
5075767 611 1000
5076590 612 1000
5076889 613 1000
5077643 614 1000
5078412 615 1000
5078821 616 1000
5079367 617 1000
5079949 618 1000
5080555 619 1000
5081122 620 1000
5081964 621 1000
5082931 622 1000
5083975 623 1000
5084669 624 1000
5085478 625 1000
5086414 626 1000
5087328 627 1000
5087971 628 1000
5088491 629 1000
5089009 630 1000
5089717 631 1000
5090517 632 1000
5091438 633 1000
5092412 634 1000
5093554 635 1000
5094316 636 1000
5095207 637 1000
5095864 638 1000
5096837 639 1000
5097714 640 1000
5098447 641 1000
5099287 642 1000
5100044 643 1000
5101117 644 1000
5102232 645 1000
5103218 646 1000
5104561 647 1000
5105129 648 1000
5106511 649 1000
5107218 650 1000
5108279 651 1000
5109075 652 1000
5109968 653 1000
5110889 654 1000
5112142 655 1000
5113332 656 1000
5114299 657 1000
5115431 658 1000
5116464 659 1000
5117252 660 1000
5118267 661 1000
5119664 662 1000
5120838 663 1000
5121597 664 1000
5122555 665 1000
5123967 666 1000
5125057 667 1000
5126114 668 1000
5127687 669 1000
5129056 670 1000
5130518 671 1000
5131499 672 1000
5132373 673 1000
5133770 674 1000
5134757 675 1000
5136064 676 1000
5137228 677 1000
5138488 678 1000
5140006 679 1000
5141000 680 1000
5142713 681 1000
5144118 682 1000
5144994 683 1000
5146272 684 1000
5147696 685 1000
5148819 686 1000
5149938 687 1000
5151368 688 1000
5152437 689 1000
5153955 690 1000
5155257 691 1000
5156515 692 1000
5158316 693 1000
5160438 694 1000
5161929 695 1000
5163120 696 1000
5164697 697 1000
5166219 698 1000
5168299 699 1000
5169863 700 1000
5171348 701 1000
5172747 702 1000
5174887 703 1000
5176184 704 1000
5177774 705 1000
5178779 706 1000
5180320 707 1000
5181711 708 1000
5182757 709 1000
5184441 710 1000
5186060 711 1000
5187845 712 1000
5189633 713 1000
5191250 714 1000
5193311 715 1000
5194948 716 1000
5196572 717 1000
5198345 718 1000
5201090 719 1000
5202578 720 1000
5204278 721 1000
5206577 722 1000
5209018 723 1000
5210776 724 1000
5212983 725 1000
5214616 726 1000
5216485 727 1000
5218616 728 1000
5220771 729 1000
5223159 730 1000
5225529 731 1000
5227736 732 1000
5230253 733 1000
5232838 734 1000
5234385 735 1000
5236759 736 1000
5238612 737 1000
5240660 738 1000
5242424 739 1000
5245075 740 1000
5247479 741 1000
5249561 742 1000
5251554 743 1000
5254130 744 1000
5256773 745 1000
5259648 746 1000
5262316 747 1000
5264990 748 1000
5267303 749 1000
5269335 750 1000
5271764 751 1000
5274146 752 1000
5277520 753 1000
5280607 754 1000
5282285 755 1000
5284409 756 1000
5287941 757 1000
5290682 758 1000
5293432 759 1000
5296459 760 1000
5298413 761 1000
5300903 762 1000
5304344 763 1000
5307879 764 1000
5310723 765 1000
5314009 766 1000
5316651 767 1000
5320203 768 1000
5323634 769 1000
5327329 770 1000
5331255 771 1000
5334848 772 1000
5338013 773 1000
5343272 774 1000
5346981 775 1000
5350860 776 1000
5356259 777 1000
5359492 778 1000
5364531 779 1000
5369906 780 1000
5375009 781 1000
5379526 782 1000
5384284 783 1000
5389504 784 1000
5396486 785 1000
5401115 786 1000
5409296 787 1000
5415679 788 1000
5422612 789 1000
5428738 790 1000
5438398 791 1000
5447903 792 1000
5455359 793 1000
5465863 794 1000
5473533 795 1000
5478773 796 1000
5490287 797 1000
5501375 798 1000
5510969 799 1000
5528061 800 1000
5541595 801 1000
5551176 802 1000
5563627 803 1000
5572705 804 1000
5588207 805 1000
5603983 806 1000
5627166 807 1000
5640839 808 1000
5662080 809 1000
5679368 810 1000
5696084 811 1000
5712216 812 1000
5728483 813 1000
5740829 814 1000
5763887 815 1000
5784454 816 1000
5817439 817 1000
5856342 818 1000
5890420 819 1000
5932943 820 1000
5956650 821 1000
5993243 822 1000
6045473 823 1000
6085751 824 1000
6117266 825 1000
6174535 826 1000
6289203 827 1000
6364779 828 1000
6550227 829 1000
6708433 830 1000
6825671 831 1000
7031594 832 1000
7380510 833 1000
7902478 834 1000
8729831 835 1000
9005953 836 1000
9168398 837 1000
9221065 838 1000
9266067 839 1000
9307740 840 1000
9341117 841 1000
9387813 842 1000
9418420 843 1000
9445415 844 1000
9494649 845 1000
9561721 846 1000
9609846 847 1000
9644978 848 1000
9674358 849 1000
9715784 850 1000
9740301 851 1000
9758242 852 1000
9777858 853 1000
9796272 854 1000
9809616 855 1000
9827696 856 1000
9842722 857 1000
9850812 858 1000
9861436 859 1000
9871235 860 1000
9879570 861 1000
9887957 862 1000
9895300 863 1000
9902370 864 1000
9909516 865 1000
9916127 866 1000
9922905 867 1000
9929944 868 1000
9936449 869 1000
9942307 870 1000
9948652 871 1000
9958719 872 1000
9965767 873 1000
9972872 874 1000
9980494 875 1000
9989020 876 1000
9993821 877 1000
9999756 878 1000
10004430 879 1000
10009368 880 1000
10014866 881 1000
10020446 882 1000
10024097 883 1000
10027176 884 1000
10031621 885 1000
10036238 886 1000
10039708 887 1000
10043845 888 1000
10046871 889 1000
10049963 890 1000
10053634 891 1000
10057235 892 1000
10059343 893 1000
10062654 894 1000
10065841 895 1000
10071067 896 1000
10074855 897 1000
10078510 898 1000
10081266 899 1000
10083469 900 1000
10087182 901 1000
10090408 902 1000
10092845 903 1000
10095621 904 1000
10099942 905 1000
10102788 906 1000
10105291 907 1000
10108570 908 1000
10111528 909 1000
10114031 910 1000
10117564 911 1000
10122155 912 1000
10125356 913 1000
10129004 914 1000
10132268 915 1000
10136463 916 1000
10141726 917 1000
10145395 918 1000
10149005 919 1000
10152269 920 1000
10157848 921 1000
10161502 922 1000
10166998 923 1000
10173800 924 1000
10178633 925 1000
10183011 926 1000
10189236 927 1000
10195135 928 1000
10201735 929 1000
10206947 930 1000
10214250 931 1000
10220216 932 1000
10225664 933 1000
10232153 934 1000
10236979 935 1000
10243989 936 1000
10252711 937 1000
10258208 938 1000
10269455 939 1000
10276786 940 1000
10285823 941 1000
10292763 942 1000
10301229 943 1000
10316981 944 1000
10329641 945 1000
10351869 946 1000
10367883 947 1000
10384142 948 1000
10402816 949 1000
10424240 950 1000
10452667 951 1000
10492153 952 1000
10522069 953 1000
10558328 954 1000
10610419 955 1000
10717410 956 1000
10923161 957 1000
11421510 958 1000
13132430 959 1000
17297604 960 1000
21840221 961 1000
26382011 962 1000
35453022 963 1000
40364520 964 1000
41626630 965 1000
45133738 966 1000
48978363 967 1000
65426605 968 1000
72844721 969 1000
78398855 970 1000
80828898 971 1000
84321402 972 1000
87723009 973 1000
91090055 974 1000
105882269 975 1000
112912478 976 1000
124966959 977 1000
126067057 978 1000
128178619 979 1000
132539671 980 1000
141549857 981 1000
143470809 982 1000
148934176 983 1000
153310567 984 1000
155822081 985 1000
161041203 986 1000
186013037 987 1000
200125312 988 1000
207801337 989 1000
213513530 990 1000
239479050 991 1000
244041824 992 1000
256720812 993 1000
258473636 994 1000
275880709 995 1000
288057125 996 1000
293724835 997 1000
311988536 998 1000
324853871 999 1000
