2695900 0 1000
3963505 1 1000
4199484 2 1000
4347179 3 1000
4451236 4 1000
4520745 5 1000
4593815 6 1000
4660056 7 1000
4727118 8 1000
4777340 9 1000
4826636 10 1000
4864353 11 1000
4904787 12 1000
4943841 13 1000
4974630 14 1000
5007416 15 1000
5040033 16 1000
5070028 17 1000
5094892 18 1000
5118169 19 1000
5140169 20 1000
5163491 21 1000
5182724 22 1000
5203636 23 1000
5221516 24 1000
5241699 25 1000
5260632 26 1000
5281153 27 1000
5301868 28 1000
5319803 29 1000
5335068 30 1000
5352118 31 1000
5367824 32 1000
5382951 33 1000
5399080 34 1000
5414756 35 1000
5430780 36 1000
5444377 37 1000
5460045 38 1000
5472405 39 1000
5484338 40 1000
5497377 41 1000
5507953 42 1000
5521775 43 1000
5536459 44 1000
5551469 45 1000
5564850 46 1000
5578288 47 1000
5590717 48 1000
5601545 49 1000
5613911 50 1000
5629025 51 1000
5642779 52 1000
5655984 53 1000
5665895 54 1000
5675140 55 1000
5685885 56 1000
5698210 57 1000
5707088 58 1000
5716506 59 1000
5724790 60 1000
5732763 61 1000
5741473 62 1000
5750334 63 1000
5758792 64 1000
5765205 65 1000
5772637 66 1000
5780103 67 1000
5787377 68 1000
5794551 69 1000
5802120 70 1000
5809210 71 1000
5816514 72 1000
5824882 73 1000
5833103 74 1000
5840159 75 1000
5848719 76 1000
5856284 77 1000
5864565 78 1000
5874101 79 1000
5882018 80 1000
5890391 81 1000
5900879 82 1000
5910763 83 1000
5919242 84 1000
5929432 85 1000
5941494 86 1000
5951047 87 1000
5958753 88 1000
5967454 89 1000
5975437 90 1000
5982509 91 1000
5989827 92 1000
5997265 93 1000
6003383 94 1000
6008864 95 1000
6015202 96 1000
6021291 97 1000
6026648 98 1000
6031379 99 1000
6036459 100 1000
6041358 101 1000
6046776 102 1000
6052175 103 1000
6056032 104 1000
6060661 105 1000
6064800 106 1000
6069739 107 1000
6074353 108 1000
6078660 109 1000
6083859 110 1000
6087859 111 1000
6091880 112 1000
6096624 113 1000
6101036 114 1000
6105794 115 1000
6110660 116 1000
6115313 117 1000
6119962 118 1000
6125087 119 1000
6130066 120 1000
6135725 121 1000
6140542 122 1000
6146139 123 1000
6152429 124 1000
6158154 125 1000
6164730 126 1000
6172696 127 1000
6178896 128 1000
6185395 129 1000
6192303 130 1000
6199875 131 1000
6207502 132 1000
6216931 133 1000
6223734 134 1000
6230454 135 1000
6237957 136 1000
6244114 137 1000
6251432 138 1000
6258844 139 1000
6265398 140 1000
6271767 141 1000
6278199 142 1000
6285380 143 1000
6291516 144 1000
6297036 145 1000
6304125 146 1000
6309254 147 1000
6314415 148 1000
6321085 149 1000
6326541 150 1000
6331328 151 1000
6336355 152 1000
6341506 153 1000
6346965 154 1000
6351867 155 1000
6357519 156 1000
6362829 157 1000
6367815 158 1000
6372511 159 1000
6377913 160 1000
6383723 161 1000
6388937 162 1000
6394101 163 1000
6399996 164 1000
6406490 165 1000
6412308 166 1000
6417302 167 1000
6423170 168 1000
6429639 169 1000
6435556 170 1000
6442162 171 1000
6449262 172 1000
6456852 173 1000
6464360 174 1000
6472575 175 1000
6480878 176 1000
6489661 177 1000
6497693 178 1000
6505946 179 1000
6514821 180 1000
6523752 181 1000
6532762 182 1000
6541007 183 1000
6547508 184 1000
6556296 185 1000
6565352 186 1000
6572631 187 1000
6581739 188 1000
6590665 189 1000
6599304 190 1000
6609224 191 1000
6616679 192 1000
6624695 193 1000
6632088 194 1000
6640159 195 1000
6648486 196 1000
6654721 197 1000
6662457 198 1000
6671569 199 1000
6679167 200 1000
6686778 201 1000
6696754 202 1000
6705049 203 1000
6715048 204 1000
6724421 205 1000
6732496 206 1000
6741159 207 1000
6750386 208 1000
6758642 209 1000
6767558 210 1000
6779693 211 1000
6789750 212 1000
6801302 213 1000
6812500 214 1000
6824815 215 1000
6834707 216 1000
6849318 217 1000
6863504 218 1000
6875259 219 1000
6887626 220 1000
6897589 221 1000
6910926 222 1000
6922212 223 1000
6934229 224 1000
6945766 225 1000
6958184 226 1000
6969752 227 1000
6982051 228 1000
6994677 229 1000
7007130 230 1000
7022579 231 1000
7036106 232 1000
7050459 233 1000
7066905 234 1000
7083966 235 1000
7101976 236 1000
7119628 237 1000
7139022 238 1000
7158945 239 1000
7174812 240 1000
7189331 241 1000
7205770 242 1000
7221395 243 1000
7241382 244 1000
7260386 245 1000
7278386 246 1000
7296354 247 1000
7313353 248 1000
7332219 249 1000
7349712 250 1000
7365267 251 1000
7385700 252 1000
7403784 253 1000
7421786 254 1000
7443432 255 1000
7469470 256 1000
7488860 257 1000
7515163 258 1000
7535046 259 1000
7555939 260 1000
7574427 261 1000
7596504 262 1000
7618468 263 1000
7640993 264 1000
7666346 265 1000
7687246 266 1000
7707819 267 1000
7725774 268 1000
7752748 269 1000
7777677 270 1000
7797306 271 1000
7823299 272 1000
7842774 273 1000
7862435 274 1000
7878316 275 1000
7898762 276 1000
7918896 277 1000
7940446 278 1000
7960481 279 1000
7977963 280 1000
7999055 281 1000
8021502 282 1000
8040556 283 1000
8057792 284 1000
8078626 285 1000
8096654 286 1000
8113426 287 1000
8130961 288 1000
8149224 289 1000
8163631 290 1000
8179555 291 1000
8198875 292 1000
8216064 293 1000
8233939 294 1000
8248672 295 1000
8264299 296 1000
8281332 297 1000
8298447 298 1000
8313809 299 1000
8330793 300 1000
8348814 301 1000
8362857 302 1000
8378307 303 1000
8392629 304 1000
8406572 305 1000
8421997 306 1000
8436159 307 1000
8450716 308 1000
8466080 309 1000
8479280 310 1000
8491379 311 1000
8505318 312 1000
8517117 313 1000
8532405 314 1000
8544608 315 1000
8556834 316 1000
8571944 317 1000
8584943 318 1000
8598494 319 1000
8610493 320 1000
8623517 321 1000
8636372 322 1000
8648206 323 1000
8658229 324 1000
8670968 325 1000
8682816 326 1000
8695705 327 1000
8706770 328 1000
8719592 329 1000
8729911 330 1000
8741552 331 1000
8753110 332 1000
8762180 333 1000
8773402 334 1000
8784325 335 1000
8796568 336 1000
8808776 337 1000
8818797 338 1000
8830541 339 1000
8841369 340 1000
8854175 341 1000
8862905 342 1000
8875334 343 1000
8885148 344 1000
8896886 345 1000
8906499 346 1000
8914911 347 1000
8925636 348 1000
8937199 349 1000
8947047 350 1000
8955497 351 1000
8965132 352 1000
8976161 353 1000
8988228 354 1000
8999592 355 1000
9011514 356 1000
9021558 357 1000
9031546 358 1000
9041894 359 1000
9052366 360 1000
9062231 361 1000
9071913 362 1000
9080032 363 1000
9089966 364 1000
9099126 365 1000
9109375 366 1000
9119669 367 1000
9130452 368 1000
9138722 369 1000
9147770 370 1000
9156988 371 1000
9166138 372 1000
9176276 373 1000
9184336 374 1000
9192350 375 1000
9201539 376 1000
9210253 377 1000
9220090 378 1000
9229670 379 1000
9237885 380 1000
9246187 381 1000
9254859 382 1000
9263514 383 1000
9272541 384 1000
9280535 385 1000
9289558 386 1000
9297232 387 1000
9306999 388 1000
9314145 389 1000
9322202 390 1000
9330337 391 1000
9338370 392 1000
9345891 393 1000
9353911 394 1000
9361407 395 1000
9369104 396 1000
9375800 397 1000
9383183 398 1000
9390692 399 1000
9399030 400 1000
9404449 401 1000
9412694 402 1000
9420511 403 1000
9427076 404 1000
9434625 405 1000
9443274 406 1000
9449800 407 1000
9458227 408 1000
9465315 409 1000
9471891 410 1000
9478351 411 1000
9484800 412 1000
9491356 413 1000
9497467 414 1000
9504775 415 1000
9512437 416 1000
9518254 417 1000
9523901 418 1000
9530917 419 1000
9536924 420 1000
9543637 421 1000
9550799 422 1000
9557096 423 1000
9564050 424 1000
9570438 425 1000
9576651 426 1000
9584053 427 1000
9590833 428 1000
9597536 429 1000
9604881 430 1000
9612017 431 1000
9617932 432 1000
9624458 433 1000
9630949 434 1000
9636423 435 1000
9642187 436 1000
9647954 437 1000
9653492 438 1000
9660079 439 1000
9665050 440 1000
9670825 441 1000
9676790 442 1000
9682328 443 1000
9689549 444 1000
9695663 445 1000
9700675 446 1000
9707051 447 1000
9711747 448 1000
9717884 449 1000
9723354 450 1000
9728671 451 1000
9734141 452 1000
9739872 453 1000
9745034 454 1000
9751326 455 1000
9756353 456 1000
9761492 457 1000
9766384 458 1000
9771443 459 1000
9776644 460 1000
9780933 461 1000
9786041 462 1000
9791116 463 1000
9796790 464 1000
9802522 465 1000
9807531 466 1000
9812765 467 1000
9817871 468 1000
9823197 469 1000
9827514 470 1000
9832280 471 1000
9837847 472 1000
9842661 473 1000
9847496 474 1000
9852463 475 1000
9857521 476 1000
9861835 477 1000
9867593 478 1000
9873432 479 1000
9877964 480 1000
9883534 481 1000
9888143 482 1000
9892878 483 1000
9898032 484 1000
9902840 485 1000
9907700 486 1000
9912885 487 1000
9916789 488 1000
9921228 489 1000
9926092 490 1000
9930352 491 1000
9934870 492 1000
9939082 493 1000
9943776 494 1000
9948012 495 1000
9952092 496 1000
9956033 497 1000
9959964 498 1000
9964450 499 1000
9968717 500 1000
9972426 501 1000
9977214 502 1000
9981628 503 1000
9985146 504 1000
9989741 505 1000
9994731 506 1000
9998637 507 1000
10002804 508 1000
10007279 509 1000
10011227 510 1000
10015604 511 1000
10020302 512 1000
10023490 513 1000
10027566 514 1000
10031242 515 1000
10034916 516 1000
10039078 517 1000
10043409 518 1000
10047187 519 1000
10051123 520 1000
10054516 521 1000
10058454 522 1000
10062249 523 1000
10066945 524 1000
10070623 525 1000
10074808 526 1000
10079468 527 1000
10083742 528 1000
10087939 529 1000
10091711 530 1000
10096364 531 1000
10100526 532 1000
10104696 533 1000
10108558 534 1000
10112864 535 1000
10116968 536 1000
10120118 537 1000
10124579 538 1000
10128359 539 1000
10132568 540 1000
10136658 541 1000
10140411 542 1000
10144227 543 1000
10148866 544 1000
10153228 545 1000
10157111 546 1000
10160850 547 1000
10165298 548 1000
10169094 549 1000
10173301 550 1000
10178332 551 1000
10182840 552 1000
10187092 553 1000
10190845 554 1000
10195189 555 1000
10199087 556 1000
10203024 557 1000
10207705 558 1000
10211546 559 1000
10216776 560 1000
10221423 561 1000
10225379 562 1000
10229531 563 1000
10233489 564 1000
10238905 565 1000
10243328 566 1000
10247714 567 1000
10252160 568 1000
10256462 569 1000
10260851 570 1000
10265436 571 1000
10269994 572 1000
10275113 573 1000
10280312 574 1000
10285828 575 1000
10291105 576 1000
10295572 577 1000
10300332 578 1000
10306219 579 1000
10310902 580 1000
10315696 581 1000
10320883 582 1000
10325484 583 1000
10330363 584 1000
10335756 585 1000
10340249 586 1000
10345140 587 1000
10350631 588 1000
10356469 589 1000
10361391 590 1000
10366223 591 1000
10370838 592 1000
10375658 593 1000
10380509 594 1000
10384855 595 1000
10389509 596 1000
10394473 597 1000
10399716 598 1000
10404466 599 1000
10409867 600 1000
10414782 601 1000
10419939 602 1000
10425438 603 1000
10430625 604 1000
10435735 605 1000
10442011 606 1000
10447580 607 1000
10453073 608 1000
10458185 609 1000
10463576 610 1000
10470203 611 1000
10476484 612 1000
10481872 613 1000
10486929 614 1000
10491928 615 1000
10498073 616 1000
10503279 617 1000
10509216 618 1000
10516201 619 1000
10522138 620 1000
10528113 621 1000
10534404 622 1000
10540040 623 1000
10546648 624 1000
10551992 625 1000
10558080 626 1000
10565961 627 1000
10572523 628 1000
10578007 629 1000
10585015 630 1000
10591121 631 1000
10597738 632 1000
10604571 633 1000
10610584 634 1000
10616636 635 1000
10623387 636 1000
10629860 637 1000
10636772 638 1000
10645810 639 1000
10653039 640 1000
10659216 641 1000
10667753 642 1000
10676298 643 1000
10684469 644 1000
10692084 645 1000
10699389 646 1000
10706332 647 1000
10714127 648 1000
10720971 649 1000
10727595 650 1000
10735105 651 1000
10742285 652 1000
10751213 653 1000
10758807 654 1000
10765002 655 1000
10773523 656 1000
10782703 657 1000
10791444 658 1000
10800607 659 1000
10808156 660 1000
10816002 661 1000
10823148 662 1000
10831270 663 1000
10839547 664 1000
10848425 665 1000
10856534 666 1000
10866906 667 1000
10876297 668 1000
10885834 669 1000
10895900 670 1000
10906752 671 1000
10917237 672 1000
10927070 673 1000
10936479 674 1000
10947886 675 1000
10957588 676 1000
10967474 677 1000
10976476 678 1000
10990312 679 1000
11002595 680 1000
11015245 681 1000
11025095 682 1000
11035090 683 1000
11045876 684 1000
11057078 685 1000
11068395 686 1000
11080957 687 1000
11092087 688 1000
11103067 689 1000
11113582 690 1000
11125585 691 1000
11136712 692 1000
11150248 693 1000
11164137 694 1000
11176476 695 1000
11188078 696 1000
11203598 697 1000
11215541 698 1000
11228742 699 1000
11243269 700 1000
11257501 701 1000
11271208 702 1000
11284942 703 1000
11297889 704 1000
11312703 705 1000
11325702 706 1000
11344076 707 1000
11358372 708 1000
11374296 709 1000
11385874 710 1000
11400424 711 1000
11413527 712 1000
11430592 713 1000
11448324 714 1000
11465739 715 1000
11479018 716 1000
11495048 717 1000
11509518 718 1000
11527290 719 1000
11544317 720 1000
11563232 721 1000
11577236 722 1000
11596882 723 1000
11613643 724 1000
11630934 725 1000
11647505 726 1000
11665762 727 1000
11687371 728 1000
11708980 729 1000
11731675 730 1000
11752333 731 1000
11772542 732 1000
11796902 733 1000
11817594 734 1000
11842172 735 1000
11866034 736 1000
11891617 737 1000
11918937 738 1000
11944429 739 1000
11972293 740 1000
11994326 741 1000
12027910 742 1000
12054933 743 1000
12091438 744 1000
12132347 745 1000
12167024 746 1000
12202948 747 1000
12241867 748 1000
12284182 749 1000
12320551 750 1000
12357992 751 1000
12392372 752 1000
12424035 753 1000
12461973 754 1000
12508791 755 1000
12541347 756 1000
12582795 757 1000
12624968 758 1000
12660159 759 1000
12707063 760 1000
12745942 761 1000
12785340 762 1000
12829152 763 1000
12874093 764 1000
12914882 765 1000
12954188 766 1000
12988528 767 1000
13026149 768 1000
13071037 769 1000
13104923 770 1000
13144702 771 1000
13181263 772 1000
13219084 773 1000
13254181 774 1000
13289790 775 1000
13327463 776 1000
13370147 777 1000
13415310 778 1000
13452049 779 1000
13499087 780 1000
13545550 781 1000
13586580 782 1000
13624680 783 1000
13662233 784 1000
13700320 785 1000
13737167 786 1000
13774826 787 1000
13807994 788 1000
13837495 789 1000
13868769 790 1000
13894494 791 1000
13923223 792 1000
13952960 793 1000
13979832 794 1000
14002166 795 1000
14030017 796 1000
14052366 797 1000
14073956 798 1000
14101031 799 1000
14122217 800 1000
14144961 801 1000
14170716 802 1000
14195518 803 1000
14217522 804 1000
14244274 805 1000
14267321 806 1000
14291447 807 1000
14311354 808 1000
14331708 809 1000
14356109 810 1000
14378438 811 1000
14399559 812 1000
14419291 813 1000
14437429 814 1000
14456958 815 1000
14477592 816 1000
14495962 817 1000
14518385 818 1000
14542055 819 1000
14561580 820 1000
14583024 821 1000
14605188 822 1000
14627910 823 1000
14645461 824 1000
14667593 825 1000
14690737 826 1000
14710462 827 1000
14729451 828 1000
14748598 829 1000
14769922 830 1000
14790349 831 1000
14810144 832 1000
14828655 833 1000
14846828 834 1000
14868340 835 1000
14894686 836 1000
14916691 837 1000
14936604 838 1000
14959316 839 1000
14975622 840 1000
14996775 841 1000
15012709 842 1000
15036203 843 1000
15053722 844 1000
15072474 845 1000
15091290 846 1000
15108152 847 1000
15126698 848 1000
15144227 849 1000
15165145 850 1000
15183875 851 1000
15206604 852 1000
15228371 853 1000
15249141 854 1000
15273261 855 1000
15297834 856 1000
15326783 857 1000
15353182 858 1000
15377047 859 1000
15404668 860 1000
15430376 861 1000
15455080 862 1000
15478420 863 1000
15501220 864 1000
15525109 865 1000
15548118 866 1000
15569073 867 1000
15599906 868 1000
15626634 869 1000
15652706 870 1000
15680600 871 1000
15709591 872 1000
15737875 873 1000
15769306 874 1000
15803246 875 1000
15834417 876 1000
15873821 877 1000
15914939 878 1000
15955899 879 1000
15999401 880 1000
16037036 881 1000
16082865 882 1000
16121894 883 1000
16173514 884 1000
16225552 885 1000
16277933 886 1000
16329837 887 1000
16386395 888 1000
16446096 889 1000
16500286 890 1000
16569397 891 1000
16638902 892 1000
16719003 893 1000
16787160 894 1000
16879894 895 1000
16986187 896 1000
17086693 897 1000
17202344 898 1000
17340830 899 1000
17478415 900 1000
17634380 901 1000
17807165 902 1000
18050796 903 1000
18228352 904 1000
18457904 905 1000
18624767 906 1000
18773788 907 1000
18906158 908 1000
19019394 909 1000
19188293 910 1000
19313608 911 1000
19424770 912 1000
19505499 913 1000
19579053 914 1000
19674487 915 1000
19758217 916 1000
19846305 917 1000
19920341 918 1000
19995227 919 1000
20084501 920 1000
20162436 921 1000
20229991 922 1000
20315460 923 1000
20420785 924 1000
20513321 925 1000
20599243 926 1000
20703693 927 1000
20816049 928 1000
20952839 929 1000
21096169 930 1000
21263165 931 1000
21500987 932 1000
21743582 933 1000
22165624 934 1000
22672755 935 1000
23264128 936 1000
24027476 937 1000
24622246 938 1000
25273662 939 1000
26232990 940 1000
27233993 941 1000
29085309 942 1000
31698395 943 1000
35593031 944 1000
42579424 945 1000
47079197 946 1000
51388566 947 1000
61671250 948 1000
71057536 949 1000
74844500 950 1000
81741588 951 1000
87622822 952 1000
89838358 953 1000
93775356 954 1000
102173103 955 1000
108348527 956 1000
112355641 957 1000
117634574 958 1000
123021259 959 1000
127689040 960 1000
131247379 961 1000
134092295 962 1000
142406510 963 1000
148462966 964 1000
157918241 965 1000
161468043 966 1000
167120704 967 1000
176653254 968 1000
188305790 969 1000
198692769 970 1000
200956275 971 1000
204848278 972 1000
211192104 973 1000
221919382 974 1000
234264285 975 1000
250467861 976 1000
263712997 977 1000
279399363 978 1000
285828008 979 1000
298389148 980 1000
313954811 981 1000
329228157 982 1000
333306597 983 1000
343832604 984 1000
352017710 985 1000
361211582 986 1000
365178966 987 1000
367401830 988 1000
369579132 989 1000
371878314 990 1000
375293105 991 1000
378334885 992 1000
380892402 993 1000
383697832 994 1000
388329836 995 1000
393165320 996 1000
396877577 997 1000
401946303 998 1000
408480586 999 1000
