1822828 0 1000
1899419 1 1000
1924639 2 1000
1930720 3 1000
1938420 4 1000
1947019 5 1000
1953356 6 1000
1956205 7 1000
1961501 8 1000
1969410 9 1000
1975169 10 1000
1982440 11 1000
1986232 12 1000
1990414 13 1000
1992925 14 1000
1996869 15 1000
1999990 16 1000
2001265 17 1000
2002409 18 1000
2008217 19 1000
2011970 20 1000
2013397 21 1000
2017409 22 1000
2019114 23 1000
2020111 24 1000
2022501 25 1000
2025109 26 1000
2026736 27 1000
2031331 28 1000
2033390 29 1000
2034622 30 1000
2037847 31 1000
2041542 32 1000
2043219 33 1000
2045599 34 1000
2047129 35 1000
2049196 36 1000
2051318 37 1000
2053156 38 1000
2055287 39 1000
2057343 40 1000
2060512 41 1000
2062851 42 1000
2063991 43 1000
2067250 44 1000
2069037 45 1000
2069772 46 1000
2072389 47 1000
2075085 48 1000
2076383 49 1000
2078599 50 1000
2079388 51 1000
2080182 52 1000
2081014 53 1000
2081698 54 1000
2082680 55 1000
2085347 56 1000
2085855 57 1000
2088441 58 1000
2089572 59 1000
2090674 60 1000
2091918 61 1000
2093724 62 1000
2095529 63 1000
2096985 64 1000
2098393 65 1000
2098945 66 1000
2100027 67 1000
2101053 68 1000
2103499 69 1000
2104575 70 1000
2106777 71 1000
2108021 72 1000
2108983 73 1000
2110564 74 1000
2111221 75 1000
2111685 76 1000
2112443 77 1000
2112942 78 1000
2114744 79 1000
2116205 80 1000
2116547 81 1000
2117254 82 1000
2118219 83 1000
2118737 84 1000
2121335 85 1000
2122565 86 1000
2122848 87 1000
2124239 88 1000
2126502 89 1000
2127985 90 1000
2129063 91 1000
2130234 92 1000
2131191 93 1000
2132651 94 1000
2133201 95 1000
2134190 96 1000
2135250 97 1000
2136187 98 1000
2136527 99 1000
2137671 100 1000
2138059 101 1000
2138492 102 1000
2139936 103 1000
2140867 104 1000
2142330 105 1000
2143188 106 1000
2144088 107 1000
2144906 108 1000
2145409 109 1000
2147405 110 1000
2149225 111 1000
2149917 112 1000
2150900 113 1000
2152548 114 1000
2152902 115 1000
2153605 116 1000
2154854 117 1000
2155663 118 1000
2155853 119 1000
2156293 120 1000
2156815 121 1000
2157607 122 1000
2158506 123 1000
2160366 124 1000
2161805 125 1000
2162700 126 1000
2163473 127 1000
2164302 128 1000
2165812 129 1000
2166417 130 1000
2167672 131 1000
2168447 132 1000
2169386 133 1000
2170243 134 1000
2170738 135 1000
2171666 136 1000
2172291 137 1000
2173355 138 1000
2174065 139 1000
2174254 140 1000
2174673 141 1000
2175676 142 1000
2177411 143 1000
2178410 144 1000
2178862 145 1000
2179584 146 1000
2180294 147 1000
2180822 148 1000
2182067 149 1000
2183051 150 1000
2183795 151 1000
2184447 152 1000
2185084 153 1000
2186073 154 1000
2187608 155 1000
2188127 156 1000
2188548 157 1000
2189552 158 1000
2191014 159 1000
2191690 160 1000
2192203 161 1000
2193319 162 1000
2194880 163 1000
2195460 164 1000
2196184 165 1000
2196652 166 1000
2197735 167 1000
2199188 168 1000
2200374 169 1000
2200888 170 1000
2201384 171 1000
2202208 172 1000
2203299 173 1000
2204221 174 1000
2205497 175 1000
2206380 176 1000
2207210 177 1000
2208685 178 1000
2209679 179 1000
2210243 180 1000
2210845 181 1000
2212694 182 1000
2213250 183 1000
2214239 184 1000
2215093 185 1000
2215870 186 1000
2216819 187 1000
2217485 188 1000
2218038 189 1000
2218579 190 1000
2219219 191 1000
2220504 192 1000
2221511 193 1000
2223298 194 1000
2224108 195 1000
2225053 196 1000
2226558 197 1000
2227548 198 1000
2228548 199 1000
2230217 200 1000
2230788 201 1000
2231404 202 1000
2232425 203 1000
2232851 204 1000
2233987 205 1000
2235500 206 1000
2236392 207 1000
2237334 208 1000
2238748 209 1000
2240077 210 1000
2241380 211 1000
2242719 212 1000
2243915 213 1000
2244759 214 1000
2245478 215 1000
2246377 216 1000
2247562 217 1000
2248834 218 1000
2249858 219 1000
2250841 220 1000
2251387 221 1000
2252400 222 1000
2253103 223 1000
2253851 224 1000
2254273 225 1000
2255286 226 1000
2256209 227 1000
2258068 228 1000
2258675 229 1000
2259882 230 1000
2260734 231 1000
2261184 232 1000
2262710 233 1000
2263818 234 1000
2264679 235 1000
2265616 236 1000
2267032 237 1000
2268398 238 1000
2269463 239 1000
2270354 240 1000
2270669 241 1000
2272310 242 1000
2272542 243 1000
2274141 244 1000
2275065 245 1000
2275247 246 1000
2276148 247 1000
2276695 248 1000
2277134 249 1000
2277857 250 1000
2278274 251 1000
2279021 252 1000
2280483 253 1000
2280876 254 1000
2281753 255 1000
2282740 256 1000
2284475 257 1000
2285167 258 1000
2285879 259 1000
2286562 260 1000
2287571 261 1000
2288732 262 1000
2289044 263 1000
2290090 264 1000
2291407 265 1000
2291957 266 1000
2292972 267 1000
2294333 268 1000
2295004 269 1000
2295668 270 1000
2296624 271 1000
2298128 272 1000
2298337 273 1000
2298801 274 1000
2299509 275 1000
2300503 276 1000
2301015 277 1000
2301595 278 1000
2301753 279 1000
2302712 280 1000
2303130 281 1000
2304522 282 1000
2305312 283 1000
2306026 284 1000
2306355 285 1000
2306740 286 1000
2307117 287 1000
2307638 288 1000
2307931 289 1000
2308951 290 1000
2309915 291 1000
2310907 292 1000
2312622 293 1000
2313419 294 1000
2314079 295 1000
2316180 296 1000
2316414 297 1000
2317128 298 1000
2318181 299 1000
2319060 300 1000
2320168 301 1000
2321247 302 1000
2321860 303 1000
2322879 304 1000
2323928 305 1000
2324768 306 1000
2325870 307 1000
2327070 308 1000
2328062 309 1000
2328828 310 1000
2329867 311 1000
2330600 312 1000
2332057 313 1000
2333570 314 1000
2335169 315 1000
2336318 316 1000
2336838 317 1000
2337815 318 1000
2338395 319 1000
2338849 320 1000
2339599 321 1000
2341333 322 1000
2341971 323 1000
2342947 324 1000
2344251 325 1000
2344659 326 1000
2345365 327 1000
2346697 328 1000
2348504 329 1000
2349681 330 1000
2351046 331 1000
2351659 332 1000
2352018 333 1000
2352851 334 1000
2353794 335 1000
2354811 336 1000
2355374 337 1000
2356602 338 1000
2357852 339 1000
2358505 340 1000
2361241 341 1000
2361989 342 1000
2362677 343 1000
2363203 344 1000
2363938 345 1000
2365686 346 1000
2366973 347 1000
2368026 348 1000
2369251 349 1000
2369832 350 1000
2370421 351 1000
2371429 352 1000
2372669 353 1000
2373660 354 1000
2375222 355 1000
2376640 356 1000
2378036 357 1000
2378788 358 1000
2380581 359 1000
2381227 360 1000
2382115 361 1000
2382999 362 1000
2383971 363 1000
2385074 364 1000
2386311 365 1000
2387674 366 1000
2388992 367 1000
2389986 368 1000
2390937 369 1000
2391790 370 1000
2392389 371 1000
2393176 372 1000
2394128 373 1000
2395205 374 1000
2396504 375 1000
2397441 376 1000
2398872 377 1000
2399827 378 1000
2400922 379 1000
2401962 380 1000
2402577 381 1000
2403679 382 1000
2404739 383 1000
2405620 384 1000
2407312 385 1000
2408333 386 1000
2409859 387 1000
2410595 388 1000
2410868 389 1000
2411977 390 1000
2413986 391 1000
2414792 392 1000
2416238 393 1000
2417501 394 1000
2417952 395 1000
2419589 396 1000
2420962 397 1000
2422138 398 1000
2423235 399 1000
2424329 400 1000
2425669 401 1000
2427007 402 1000
2427647 403 1000
2429069 404 1000
2430558 405 1000
2432175 406 1000
2433656 407 1000
2434217 408 1000
2434847 409 1000
2435624 410 1000
2436285 411 1000
2436807 412 1000
2438669 413 1000
2439329 414 1000
2440021 415 1000
2440531 416 1000
2441578 417 1000
2443148 418 1000
2443875 419 1000
2445526 420 1000
2446540 421 1000
2448053 422 1000
2448861 423 1000
2451611 424 1000
2453424 425 1000
2454928 426 1000
2455238 427 1000
2456241 428 1000
2457368 429 1000
2458388 430 1000
2461183 431 1000
2462096 432 1000
2462930 433 1000
2463769 434 1000
2464817 435 1000
2465465 436 1000
2466231 437 1000
2467006 438 1000
2468243 439 1000
2469174 440 1000
2469626 441 1000
2470354 442 1000
2471837 443 1000
2472808 444 1000
2474046 445 1000
2476003 446 1000
2476951 447 1000
2477974 448 1000
2480556 449 1000
2483549 450 1000
2485142 451 1000
2486230 452 1000
2488498 453 1000
2489737 454 1000
2491289 455 1000
2492625 456 1000
2493904 457 1000
2495390 458 1000
2496455 459 1000
2496988 460 1000
2497892 461 1000
2499702 462 1000
2501605 463 1000
2502540 464 1000
2504072 465 1000
2504700 466 1000
2506578 467 1000
2508407 468 1000
2509916 469 1000
2510910 470 1000
2512137 471 1000
2513380 472 1000
2514257 473 1000
2515189 474 1000
2516386 475 1000
2517782 476 1000
2519430 477 1000
2520139 478 1000
2521101 479 1000
2522196 480 1000
2522806 481 1000
2524052 482 1000
2525507 483 1000
2527474 484 1000
2528176 485 1000
2529582 486 1000
2531547 487 1000
2533053 488 1000
2534659 489 1000
2536941 490 1000
2537443 491 1000
2538310 492 1000
2539098 493 1000
2539932 494 1000
2542643 495 1000
2543895 496 1000
2545010 497 1000
2547266 498 1000
2548275 499 1000
2549815 500 1000
2551439 501 1000
2554704 502 1000
2555478 503 1000
2556312 504 1000
2558382 505 1000
2558953 506 1000
2560243 507 1000
2561646 508 1000
2562716 509 1000
2564609 510 1000
2565562 511 1000
2567122 512 1000
2568114 513 1000
2568934 514 1000
2570686 515 1000
2571639 516 1000
2574005 517 1000
2575395 518 1000
2576696 519 1000
2578697 520 1000
2579590 521 1000
2581305 522 1000
2584654 523 1000
2585913 524 1000
2587392 525 1000
2591185 526 1000
2593636 527 1000
2594796 528 1000
2596677 529 1000
2597754 530 1000
2599154 531 1000
2602251 532 1000
2603256 533 1000
2604096 534 1000
2605121 535 1000
2606637 536 1000
2607943 537 1000
2608671 538 1000
2609974 539 1000
2611576 540 1000
2612663 541 1000
2614351 542 1000
2615560 543 1000
2618125 544 1000
2619439 545 1000
2622001 546 1000
2624168 547 1000
2624811 548 1000
2627001 549 1000
2628759 550 1000
2630846 551 1000
2631776 552 1000
2635060 553 1000
2636307 554 1000
2637119 555 1000
2639493 556 1000
2641509 557 1000
2643202 558 1000
2645128 559 1000
2647009 560 1000
2649189 561 1000
2651467 562 1000
2652279 563 1000
2654503 564 1000
2655927 565 1000
2658607 566 1000
2660408 567 1000
2662071 568 1000
2662740 569 1000
2665380 570 1000
2666026 571 1000
2667343 572 1000
2669851 573 1000
2671065 574 1000
2671548 575 1000
2672443 576 1000
2675349 577 1000
2677675 578 1000
2679558 579 1000
2681643 580 1000
2685058 581 1000
2687200 582 1000
2690411 583 1000
2692651 584 1000
2693822 585 1000
2694771 586 1000
2696655 587 1000
2698435 588 1000
2700457 589 1000
2702215 590 1000
2704902 591 1000
2707398 592 1000
2709761 593 1000
2710745 594 1000
2713013 595 1000
2716009 596 1000
2719544 597 1000
2720507 598 1000
2723277 599 1000
2725340 600 1000
2726852 601 1000
2728327 602 1000
2729275 603 1000
2731888 604 1000
2735152 605 1000
2736542 606 1000
2736977 607 1000
2740009 608 1000
2742473 609 1000
2743237 610 1000
2746959 611 1000
2749011 612 1000
2750134 613 1000
2751055 614 1000
2751716 615 1000
2752760 616 1000
2755112 617 1000
2757029 618 1000
2759254 619 1000
2761224 620 1000
2763357 621 1000
2765294 622 1000
2767294 623 1000
2769569 624 1000
2772614 625 1000
2774234 626 1000
2777773 627 1000
2779325 628 1000
2784030 629 1000
2786252 630 1000
2789802 631 1000
2791748 632 1000
2793104 633 1000
2796778 634 1000
2798080 635 1000
2801063 636 1000
2803579 637 1000
2806991 638 1000
2808767 639 1000
2812343 640 1000
2814750 641 1000
2816859 642 1000
2819785 643 1000
2824213 644 1000
2825695 645 1000
2827677 646 1000
2828680 647 1000
2829652 648 1000
2831105 649 1000
2835505 650 1000
2837565 651 1000
2841655 652 1000
2843036 653 1000
2846126 654 1000
2848684 655 1000
2851637 656 1000
2853756 657 1000
2855913 658 1000
2857792 659 1000
2860473 660 1000
2865542 661 1000
2870228 662 1000
2871799 663 1000
2875591 664 1000
2877208 665 1000
2883356 666 1000
2884992 667 1000
2889716 668 1000
2893963 669 1000
2897797 670 1000
2900428 671 1000
2903613 672 1000
2905287 673 1000
2907554 674 1000
2912096 675 1000
2915414 676 1000
2918229 677 1000
2921227 678 1000
2924456 679 1000
2929265 680 1000
2932541 681 1000
2933713 682 1000
2935843 683 1000
2938699 684 1000
2940781 685 1000
2945616 686 1000
2946664 687 1000
2949024 688 1000
2951414 689 1000
2956156 690 1000
2957574 691 1000
2961699 692 1000
2965330 693 1000
2969800 694 1000
2971425 695 1000
2974595 696 1000
2978366 697 1000
2980719 698 1000
2983002 699 1000
2988312 700 1000
2992623 701 1000
2998567 702 1000
3001121 703 1000
3004262 704 1000
3011308 705 1000
3014426 706 1000
3018863 707 1000
3020924 708 1000
3025985 709 1000
3032100 710 1000
3034945 711 1000
3037667 712 1000
3041942 713 1000
3048223 714 1000
3051145 715 1000
3055239 716 1000
3059119 717 1000
3062343 718 1000
3065514 719 1000
3068091 720 1000
3075826 721 1000
3080421 722 1000
3083898 723 1000
3087313 724 1000
3091677 725 1000
3097345 726 1000
3101041 727 1000
3109615 728 1000
3114740 729 1000
3119784 730 1000
3124738 731 1000
3127075 732 1000
3130403 733 1000
3136502 734 1000
3140081 735 1000
3145532 736 1000
3147946 737 1000
3150703 738 1000
3158307 739 1000
3161977 740 1000
3176455 741 1000
3181663 742 1000
3189293 743 1000
3193494 744 1000
3197042 745 1000
3200252 746 1000
3203849 747 1000
3209367 748 1000
3213884 749 1000
3220294 750 1000
3222206 751 1000
3230281 752 1000
3234168 753 1000
3237372 754 1000
3247676 755 1000
3254058 756 1000
3260901 757 1000
3263440 758 1000
3270551 759 1000
3278114 760 1000
3286483 761 1000
3289661 762 1000
3297948 763 1000
3303577 764 1000
3313194 765 1000
3316616 766 1000
3321205 767 1000
3325195 768 1000
3327599 769 1000
3333954 770 1000
3338588 771 1000
3345625 772 1000
3352030 773 1000
3357889 774 1000
3365817 775 1000
3368063 776 1000
3378811 777 1000
3390083 778 1000
3396348 779 1000
3402689 780 1000
3408795 781 1000
3414899 782 1000
3424350 783 1000
3430473 784 1000
3437548 785 1000
3451486 786 1000
3457009 787 1000
3460113 788 1000
3469854 789 1000
3473261 790 1000
3477724 791 1000
3485435 792 1000
3491537 793 1000
3497125 794 1000
3500613 795 1000
3504868 796 1000
3511054 797 1000
3513149 798 1000
3525722 799 1000
3535193 800 1000
3539063 801 1000
3543201 802 1000
3552707 803 1000
3561359 804 1000
3566923 805 1000
3572979 806 1000
3576907 807 1000
3580082 808 1000
3582679 809 1000
3588521 810 1000
3593626 811 1000
3598745 812 1000
3603236 813 1000
3607254 814 1000
3612687 815 1000
3621051 816 1000
3623606 817 1000
3625310 818 1000
3628963 819 1000
3631441 820 1000
3635387 821 1000
3641987 822 1000
3645812 823 1000
3649140 824 1000
3653544 825 1000
3658124 826 1000
3666414 827 1000
3673127 828 1000
3675940 829 1000
3677873 830 1000
3680013 831 1000
3686538 832 1000
3690326 833 1000
3696533 834 1000
3700376 835 1000
3703812 836 1000
3708024 837 1000
3712225 838 1000
3716909 839 1000
3718608 840 1000
3722241 841 1000
3727932 842 1000
3731657 843 1000
3737342 844 1000
3740968 845 1000
3750602 846 1000
3755840 847 1000
3762257 848 1000
3768791 849 1000
3773761 850 1000
3783407 851 1000
3786068 852 1000
3790549 853 1000
3796409 854 1000
3797883 855 1000
3803557 856 1000
3810092 857 1000
3815496 858 1000
3818204 859 1000
3821856 860 1000
3826477 861 1000
3830312 862 1000
3839024 863 1000
3841917 864 1000
3844997 865 1000
3848390 866 1000
3851731 867 1000
3855891 868 1000
3861229 869 1000
3866620 870 1000
3873600 871 1000
3880107 872 1000
3883949 873 1000
3893115 874 1000
3897732 875 1000
3906777 876 1000
3914536 877 1000
3925536 878 1000
3929893 879 1000
3932961 880 1000
3935896 881 1000
3938816 882 1000
3945989 883 1000
3950118 884 1000
3957146 885 1000
3962392 886 1000
3965915 887 1000
3969472 888 1000
3972697 889 1000
3982529 890 1000
3992770 891 1000
3998768 892 1000
4015012 893 1000
4019654 894 1000
4026830 895 1000
4031525 896 1000
4039932 897 1000
4051845 898 1000
4057915 899 1000
4064389 900 1000
4079130 901 1000
4085756 902 1000
4090948 903 1000
4099990 904 1000
4103912 905 1000
4117671 906 1000
4129048 907 1000
4140924 908 1000
4155999 909 1000
4161167 910 1000
4170582 911 1000
4186699 912 1000
4201278 913 1000
4222827 914 1000
4242258 915 1000
4260439 916 1000
4291486 917 1000
4320580 918 1000
4344046 919 1000
4366939 920 1000
4411181 921 1000
4466636 922 1000
4548462 923 1000
4590244 924 1000
4658612 925 1000
4760671 926 1000
4805001 927 1000
4845177 928 1000
4920104 929 1000
5140708 930 1000
5204738 931 1000
5304547 932 1000
5353994 933 1000
5438994 934 1000
5526368 935 1000
5632211 936 1000
5823907 937 1000
6263403 938 1000
6574121 939 1000
6962124 940 1000
7346420 941 1000
7669727 942 1000
9538178 943 1000
12211559 944 1000
14075443 945 1000
16566791 946 1000
19005024 947 1000
19680828 948 1000
20061648 949 1000
21291221 950 1000
23811540 951 1000
24622848 952 1000
26159487 953 1000
32050073 954 1000
33437253 955 1000
34754722 956 1000
40387849 957 1000
43832081 958 1000
44024979 959 1000
44705077 960 1000
69713125 961 1000
77942482 962 1000
87173854 963 1000
87687533 964 1000
93484751 965 1000
94365135 966 1000
97174249 967 1000
101156272 968 1000
102312219 969 1000
109823685 970 1000
110532171 971 1000
113878570 972 1000
115755234 973 1000
117311950 974 1000
124682162 975 1000
125411677 976 1000
143145490 977 1000
152748556 978 1000
154384014 979 1000
159370198 980 1000
159938675 981 1000
165273886 982 1000
185508538 983 1000
188225994 984 1000
199368834 985 1000
207016514 986 1000
210980846 987 1000
235579824 988 1000
254323388 989 1000
276398511 990 1000
278220428 991 1000
281809992 992 1000
288149741 993 1000
288932821 994 1000
322201680 995 1000
323115937 996 1000
336299749 997 1000
353081622 998 1000
354352607 999 1000
