# load avg(tp, lat, bwr, bww, cpu, tps, brps, bwps), sd(...), ci(...)
2 2 37.8241355333 52.9994869859 893346.932719 690184.650807 1.50125 2.61607142857 0.0 22.0714285714 2 0.0 0.0 0.0 0.0 0.0 0.0 0.0 0.0 2 0.0 0.0 0.0 0.0 0.0 0.0 0.0 0.0 
4 4 1465.46544796 10.0728191002 31403897.8069 23985080.2219 10.806875 2.50877192982 0.0 21.4736842105 4 0.0 0.0 0.0 0.0 0.0 0.0 0.0 0.0 4 0.0 0.0 0.0 0.0 0.0 0.0 0.0 0.0 
6 6 2265.45932076 12.5201050858 49153155.9271 37326071.5642 15.5417857143 2.68421052632 0.0 22.4561403509 6 0.0 0.0 0.0 0.0 0.0 0.0 0.0 0.0 6 0.0 0.0 0.0 0.0 0.0 0.0 0.0 0.0 
8 8 2748.68656828 14.0172384154 59227739.4577 44939230.4888 17.6916964286 2.47368421053 0.0 20.7719298246 8 0.0 0.0 0.0 0.0 0.0 0.0 0.0 0.0 8 0.0 0.0 0.0 0.0 0.0 0.0 0.0 0.0 
10 10 3305.24364119 15.9209923008 71886853.8238 54691922.5422 21.2594642857 3.02631578947 0.0 25.8947368421 10 0.0 0.0 0.0 0.0 0.0 0.0 0.0 0.0 10 0.0 0.0 0.0 0.0 0.0 0.0 0.0 0.0 
12 12 3711.08131845 17.6716808694 80508916.7074 61318540.3557 23.5322321429 2.5701754386 0.0 21.1228070175 12 0.0 0.0 0.0 0.0 0.0 0.0 0.0 0.0 12 0.0 0.0 0.0 0.0 0.0 0.0 0.0 0.0 
14 14 3912.49357957 18.516809159 84031399.2405 63955242.8554 24.1540178571 2.625 0.0 22.0 14 0.0 0.0 0.0 0.0 0.0 0.0 0.0 0.0 14 0.0 0.0 0.0 0.0 0.0 0.0 0.0 0.0 
16 16 4053.24395709 18.7718529812 88136309.4683 67071599.1328 24.92625 2.70175438596 0.0 21.8245614035 16 0.0 0.0 0.0 0.0 0.0 0.0 0.0 0.0 16 0.0 0.0 0.0 0.0 0.0 0.0 0.0 0.0 
18 18 4108.27616793 20.3773826701 89428888.0474 68079408.454 25.8724107143 2.64035087719 0.0 21.7543859649 18 0.0 0.0 0.0 0.0 0.0 0.0 0.0 0.0 18 0.0 0.0 0.0 0.0 0.0 0.0 0.0 0.0 
20 20 4145.65764857 20.5787400961 89144354.0343 67841340.5189 25.6150892857 2.50892857143 0.0 22.2857142857 20 0.0 0.0 0.0 0.0 0.0 0.0 0.0 0.0 20 0.0 0.0 0.0 0.0 0.0 0.0 0.0 0.0 
