# load avg(tp, lat, bwr, bww, cpu, tps, brps, bwps), sd(...), ci(...)
10 10 185.763289082 53.8042233975 619774.883577 498902.179088 1.54713010204 1.99427437642 0.0 17.4507936508 10 0.0 0.0 0.0 0.0 0.0 0.0 0.0 0.0 10 0.0 0.0 0.0 0.0 0.0 0.0 0.0 0.0 
20 20 3726.232906 26.5887795355 10026704.6838 7648782.67699 4.59090667517 1.95351473923 0.0 16.8979591837 20 0.0 0.0 0.0 0.0 0.0 0.0 0.0 0.0 20 0.0 0.0 0.0 0.0 0.0 0.0 0.0 0.0 
30 30 6904.86436563 10.3160000991 18659131.4958 14210139.1198 7.54221168155 2.02267573696 0.0 17.4603174603 30 0.0 0.0 0.0 0.0 0.0 0.0 0.0 0.0 30 0.0 0.0 0.0 0.0 0.0 0.0 0.0 0.0 
40 40 6946.91794553 12.0832817642 19028934.5483 14489452.3986 7.40427777778 2.10969672571 0.0 17.9307139023 40 0.0 0.0 0.0 0.0 0.0 0.0 0.0 0.0 40 0.0 0.0 0.0 0.0 0.0 0.0 0.0 0.0 
50 50 12663.5350338 12.853774139 34423137.7168 26202686.5226 11.4399891304 2.04812130972 0.0 17.7829307568 50 0.0 0.0 0.0 0.0 0.0 0.0 0.0 0.0 50 0.0 0.0 0.0 0.0 0.0 0.0 0.0 0.0 
60 60 12140.8235821 14.082120904 33170921.5201 25238837.8665 10.9813194444 2.10319377348 0.0 17.9596349973 60 0.0 0.0 0.0 0.0 0.0 0.0 0.0 0.0 60 0.0 0.0 0.0 0.0 0.0 0.0 0.0 0.0 
70 70 16030.5965576 14.8205451382 43619398.0252 33161007.1467 13.5117083333 2.04934567901 0.0 18.0046419753 70 0.0 0.0 0.0 0.0 0.0 0.0 0.0 0.0 70 0.0 0.0 0.0 0.0 0.0 0.0 0.0 0.0 
80 80 14399.4579803 15.9012972892 39510521.909 30061048.814 12.3258055556 2.0114331723 0.0 17.6852388621 80 0.0 0.0 0.0 0.0 0.0 0.0 0.0 0.0 80 0.0 0.0 0.0 0.0 0.0 0.0 0.0 0.0 
90 90 16739.3243418 16.2351579855 45492749.82 34613642.9972 13.9658472222 2.00592860977 0.0 17.7350415996 90 0.0 0.0 0.0 0.0 0.0 0.0 0.0 0.0 90 0.0 0.0 0.0 0.0 0.0 0.0 0.0 0.0 
100 100 18291.2268562 16.5145422447 50174012.7425 38188204.7234 14.9457346014 2.00329092861 0.0 17.2061449275 100 0.0 0.0 0.0 0.0 0.0 0.0 0.0 0.0 100 0.0 0.0 0.0 0.0 0.0 0.0 0.0 0.0 
125 125 22735.8888858 18.3567873278 61782989.2565 46995273.2277 18.0157650966 1.96213097155 0.0 17.2693505099 125 0.0 0.0 0.0 0.0 0.0 0.0 0.0 0.0 125 0.0 0.0 0.0 0.0 0.0 0.0 0.0 0.0 
150 150 23646.2265482 19.3614499692 64310582.4907 48921237.7296 18.4209124396 2.0920617284 0.0 18.0687037037 150 0.0 0.0 0.0 0.0 0.0 0.0 0.0 0.0 150 0.0 0.0 0.0 0.0 0.0 0.0 0.0 0.0 
175 175 22758.9982674 20.8456229376 61978188.4455 47180266.3262 17.953089372 2.00425818572 0.0 17.8281035963 175 0.0 0.0 0.0 0.0 0.0 0.0 0.0 0.0 175 0.0 0.0 0.0 0.0 0.0 0.0 0.0 0.0 
200 200 23524.4640747 21.4314134326 64140236.1326 48783629.348 18.4588333333 1.9677037037 0.0 17.4996666667 200 0.0 0.0 0.0 0.0 0.0 0.0 0.0 0.0 200 0.0 0.0 0.0 0.0 0.0 0.0 0.0 0.0 
225 225 22232.6322114 22.3963080479 60660792.5805 46138989.4677 17.7265972222 2.0037037037 0.0 18.1333333333 225 0.0 0.0 0.0 0.0 0.0 0.0 0.0 0.0 225 0.0 0.0 0.0 0.0 0.0 0.0 0.0 0.0 
250 250 24270.0383193 23.8641321539 66391917.026 50523606.4241 19.3144305556 2.02538271605 0.0 17.4574197531 250 0.0 0.0 0.0 0.0 0.0 0.0 0.0 0.0 250 0.0 0.0 0.0 0.0 0.0 0.0 0.0 0.0 
300 300 26105.1777684 25.3648515154 71138868.4489 54130037.5928 20.640646149 2.13363299663 0.0 18.3584017957 300 0.0 0.0 0.0 0.0 0.0 0.0 0.0 0.0 300 0.0 0.0 0.0 0.0 0.0 0.0 0.0 0.0 
400 400 27703.6392792 28.7405218375 75838453.4065 57694287.5309 21.7966840645 2.03864223632 0.0 17.5626027719 400 0.0 0.0 0.0 0.0 0.0 0.0 0.0 0.0 400 0.0 0.0 0.0 0.0 0.0 0.0 0.0 0.0 
500 500 27473.7802387 31.9093179915 74930193.7703 57035125.3905 21.8659883721 2.03355297158 0.0 17.8911627907 500 0.0 0.0 0.0 0.0 0.0 0.0 0.0 0.0 500 0.0 0.0 0.0 0.0 0.0 0.0 0.0 0.0 
600 600 28807.4958385 34.0793923468 78593667.6087 59842649.2491 22.7676785714 2.09386243386 0.0 17.862010582 600 0.0 0.0 0.0 0.0 0.0 0.0 0.0 0.0 600 0.0 0.0 0.0 0.0 0.0 0.0 0.0 0.0 
700 700 29591.188263 36.9693789128 81201406.885 61738600.6582 23.5648658537 2.16926829268 0.0 18.8500948509 700 0.0 0.0 0.0 0.0 0.0 0.0 0.0 0.0 700 0.0 0.0 0.0 0.0 0.0 0.0 0.0 0.0 
800 800 29674.4830176 40.0200462304 80797573.494 61437548.3331 23.8278625801 2.2500772792 0.0 19.5165726496 800 0.0 0.0 0.0 0.0 0.0 0.0 0.0 0.0 800 0.0 0.0 0.0 0.0 0.0 0.0 0.0 0.0 
900 900 30625.0816656 42.4127621912 83439839.4738 63479440.522 24.6031743421 2.27207602339 0.0 19.8023538012 900 0.0 0.0 0.0 0.0 0.0 0.0 0.0 0.0 900 0.0 0.0 0.0 0.0 0.0 0.0 0.0 0.0 
1000 1000 31591.5549059 44.1100075787 86203907.8254 65648411.6335 25.2248235736 2.36175675676 0.0 20.828003003 1000 0.0 0.0 0.0 0.0 0.0 0.0 0.0 0.0 1000 0.0 0.0 0.0 0.0 0.0 0.0 0.0 0.0 
1100 1100 31503.8175879 46.3520706109 85990202.6958 65366974.1229 25.0422589286 2.47250233427 0.0 21.66228338 1100 0.0 0.0 0.0 0.0 0.0 0.0 0.0 0.0 1100 0.0 0.0 0.0 0.0 0.0 0.0 0.0 0.0 
1200 1200 32816.5899592 48.1844925218 89244732.8684 67844389.2891 25.8534280303 2.60606060606 0.0 22.7609427609 1200 0.0 0.0 0.0 0.0 0.0 0.0 0.0 0.0 1200 0.0 0.0 0.0 0.0 0.0 0.0 0.0 0.0 
