# load avg(tp, lat, bwr, bww, cpu, tps, brps, bwps), sd(...), ci(...)
2 2 37.6632310463 53.1021649169 299763.523934 250815.921416 1.14676886792 2.29591194969 0.0 19.0062893082 2 0.0 0.0 0.0 0.0 0.0 0.0 0.0 0.0 2 0.0 0.0 0.0 0.0 0.0 0.0 0.0 0.0 
4 4 75.1863292233 53.2175326364 402259.287595 304269.100264 1.29808962264 2.2465408805 0.0 19.108315863 4 0.0 0.0 0.0 0.0 0.0 0.0 0.0 0.0 4 0.0 0.0 0.0 0.0 0.0 0.0 0.0 0.0 
6 6 112.307458927 53.4072159423 601571.876146 454462.337315 1.37108490566 2.26544374563 0.0 19.2089447939 6 0.0 0.0 0.0 0.0 0.0 0.0 0.0 0.0 6 0.0 0.0 0.0 0.0 0.0 0.0 0.0 0.0 
8 8 146.319302213 54.6439775796 682313.812901 491622.978731 1.39021226415 2.15471698113 0.0 18.4150943396 8 0.0 0.0 0.0 0.0 0.0 0.0 0.0 0.0 8 0.0 0.0 0.0 0.0 0.0 0.0 0.0 0.0 
10 10 2064.81104515 26.6209447899 10957194.7733 8306494.1648 4.6741509434 2.33201886792 0.0 19.2901132075 10 0.0 0.0 0.0 0.0 0.0 0.0 0.0 0.0 10 0.0 0.0 0.0 0.0 0.0 0.0 0.0 0.0 
12 12 3607.94510858 9.03121671457 15431530.3838 10772489.1891 5.73573113208 2.20555555556 0.0 18.3259259259 12 0.0 0.0 0.0 0.0 0.0 0.0 0.0 0.0 12 0.0 0.0 0.0 0.0 0.0 0.0 0.0 0.0 
14 14 4034.19121765 9.55721026923 16574030.3681 11341410.6487 5.91049528302 2.19433962264 0.0 18.5509433962 14 0.0 0.0 0.0 0.0 0.0 0.0 0.0 0.0 14 0.0 0.0 0.0 0.0 0.0 0.0 0.0 0.0 
16 16 4058.42408796 10.2876762417 16744024.6788 11468540.8346 5.98341981132 2.41826415094 0.0 20.2971132075 16 0.0 0.0 0.0 0.0 0.0 0.0 0.0 0.0 16 0.0 0.0 0.0 0.0 0.0 0.0 0.0 0.0 
18 18 3651.76313129 11.0683392725 15511268.1822 10796846.5354 5.73549528302 2.33396226415 0.0 19.2452830189 18 0.0 0.0 0.0 0.0 0.0 0.0 0.0 0.0 18 0.0 0.0 0.0 0.0 0.0 0.0 0.0 0.0 
20 20 3418.37330477 12.1573071073 14814978.8013 10397805.4129 5.54101415094 2.23298113208 0.0 19.0698301887 20 0.0 0.0 0.0 0.0 0.0 0.0 0.0 0.0 20 0.0 0.0 0.0 0.0 0.0 0.0 0.0 0.0 
30 30 6244.10437204 13.7535056427 24702998.4121 16586851.0887 7.60441037736 2.25849056604 0.0 19.1094339623 30 0.0 0.0 0.0 0.0 0.0 0.0 0.0 0.0 30 0.0 0.0 0.0 0.0 0.0 0.0 0.0 0.0 
40 40 8523.10758057 15.4496938519 35808365.0223 24818003.942 10.4358059688 2.09433962264 0.0 17.7358490566 40 0.0 0.0 0.0 0.0 0.0 0.0 0.0 0.0 40 0.0 0.0 0.0 0.0 0.0 0.0 0.0 0.0 
50 50 10264.5916453 16.2395982622 42929395.7978 29729663.4574 12.0537971698 2.19433962264 0.0 18.4 50 0.0 0.0 0.0 0.0 0.0 0.0 0.0 0.0 50 0.0 0.0 0.0 0.0 0.0 0.0 0.0 0.0 
60 60 11350.5675925 18.0522583126 46833197.2303 32005304.2839 12.4820153061 2.11834571429 0.0 17.6690514286 60 0.0 0.0 0.0 0.0 0.0 0.0 0.0 0.0 60 0.0 0.0 0.0 0.0 0.0 0.0 0.0 0.0 
70 70 12857.9011404 19.0447355894 52483858.5956 35715674.6525 13.5243112245 2.09183673469 0.0 17.6326530612 70 0.0 0.0 0.0 0.0 0.0 0.0 0.0 0.0 70 0.0 0.0 0.0 0.0 0.0 0.0 0.0 0.0 
80 80 13959.9046075 20.7509484297 56950202.2288 38750918.1615 14.6908 2.0879 0.0 17.5832 80 0.0 0.0 0.0 0.0 0.0 0.0 0.0 0.0 80 0.0 0.0 0.0 0.0 0.0 0.0 0.0 0.0 
90 90 14517.8043253 20.9961759291 59669533.4504 40694113.9764 15.1388010204 2.04130612245 0.0 17.3887346939 90 0.0 0.0 0.0 0.0 0.0 0.0 0.0 0.0 90 0.0 0.0 0.0 0.0 0.0 0.0 0.0 0.0 
100 100 15128.1708689 22.313547833 61293334.7128 41501091.8694 15.5821428571 2.01006122449 0.0 17.1041632653 100 0.0 0.0 0.0 0.0 0.0 0.0 0.0 0.0 100 0.0 0.0 0.0 0.0 0.0 0.0 0.0 0.0 
