# load avg(tp, lat, bwr, bww, cpu, tps, brps, bwps), sd(...), ci(...)
2 2 37.736801373 53.1440573435 529132.904957 430479.083921 1.52763636364 2.27008928571 0.0 18.8036309524 2 0.0 0.0 0.0 0.0 0.0 0.0 0.0 0.0 2 0.0 0.0 0.0 0.0 0.0 0.0 0.0 0.0 
4 4 74.4935589138 53.7143601898 916632.037947 723357.64815 1.67604545455 2.10606060606 0.0 17.4060606061 4 0.0 0.0 0.0 0.0 0.0 0.0 0.0 0.0 4 0.0 0.0 0.0 0.0 0.0 0.0 0.0 0.0 
6 6 2094.45754803 8.92302015172 22898422.3044 17444245.545 8.51736038961 2.02336309524 0.0 17.0916964286 6 0.0 0.0 0.0 0.0 0.0 0.0 0.0 0.0 6 0.0 0.0 0.0 0.0 0.0 0.0 0.0 0.0 
8 8 2126.04361828 9.95688647507 22907447.9132 17424975.8067 8.67636363636 2.20458333333 0.0 18.1129464286 8 0.0 0.0 0.0 0.0 0.0 0.0 0.0 0.0 8 0.0 0.0 0.0 0.0 0.0 0.0 0.0 0.0 
10 10 1549.96837161 12.0323724562 16831138.5677 12812249.6993 6.76422727273 2.52957575758 0.0 21.1578484848 10 0.0 0.0 0.0 0.0 0.0 0.0 0.0 0.0 10 0.0 0.0 0.0 0.0 0.0 0.0 0.0 0.0 
12 12 3420.11586126 12.3944265315 37134620.1638 28249921.0091 12.2278636364 2.11517857143 0.0 17.7548214286 12 0.0 0.0 0.0 0.0 0.0 0.0 0.0 0.0 12 0.0 0.0 0.0 0.0 0.0 0.0 0.0 0.0 
14 14 3537.12921863 12.7211184457 38229476.8761 29092047.5663 12.3962727273 2.61212121212 0.0 21.0666666667 14 0.0 0.0 0.0 0.0 0.0 0.0 0.0 0.0 14 0.0 0.0 0.0 0.0 0.0 0.0 0.0 0.0 
16 16 2997.05543807 14.0147968936 32386710.7129 24655297.2146 10.918 2.15142857143 0.0 17.9257440476 16 0.0 0.0 0.0 0.0 0.0 0.0 0.0 0.0 16 0.0 0.0 0.0 0.0 0.0 0.0 0.0 0.0 
18 18 4911.94276198 14.0928245633 53362298.732 40630383.2519 15.9915909091 2.27850919913 0.0 18.9466044372 18 0.0 0.0 0.0 0.0 0.0 0.0 0.0 0.0 18 0.0 0.0 0.0 0.0 0.0 0.0 0.0 0.0 
20 20 4907.33280658 15.2644721897 53178001.2676 40465582.215 16.1400454545 2.16818181818 0.0 17.9031818182 20 0.0 0.0 0.0 0.0 0.0 0.0 0.0 0.0 20 0.0 0.0 0.0 0.0 0.0 0.0 0.0 0.0 
30 30 5797.14939709 17.8993975125 62428331.9892 47492288.0053 18.7393181818 2.26909090909 0.0 18.8800606061 30 0.0 0.0 0.0 0.0 0.0 0.0 0.0 0.0 30 0.0 0.0 0.0 0.0 0.0 0.0 0.0 0.0 
50 50 7874.27621443 21.4246302226 84840405.2703 64589688.7319 24.3716818182 2.23333333333 0.0 18.5454545455 50 0.0 0.0 0.0 0.0 0.0 0.0 0.0 0.0 50 0.0 0.0 0.0 0.0 0.0 0.0 0.0 0.0 
70 70 7864.09071315 24.1131578986 86488209.0056 65871870.1569 23.9605279035 2.19150641026 0.0 18.2757051282 70 0.0 0.0 0.0 0.0 0.0 0.0 0.0 0.0 70 0.0 0.0 0.0 0.0 0.0 0.0 0.0 0.0 
90 90 8153.88268777 26.0581307754 88873053.983 67624890.3345 25.2095283019 2.27576197388 0.0 18.2312530237 90 0.0 0.0 0.0 0.0 0.0 0.0 0.0 0.0 90 0.0 0.0 0.0 0.0 0.0 0.0 0.0 0.0 
110 110 8260.5160744 28.0059097898 90015091.889 68594268.418 25.5382075472 2.39308176101 0.0 20.0503144654 110 0.0 0.0 0.0 0.0 0.0 0.0 0.0 0.0 110 0.0 0.0 0.0 0.0 0.0 0.0 0.0 0.0 
