# load avg(tp, lat, bwr, bww, cpu, tps, brps, bwps), sd(...), ci(...)
1 1 5486.06163415 5.04282433905 87886243.6519 59803188.1794 31.0529245283 1.78301886792 0.0 14.5660377358 1 0.0 0.0 0.0 0.0 0.0 0.0 0.0 0.0 1 0.0 0.0 0.0 0.0 0.0 0.0 0.0 0.0 
2 2 7702.65609833 15.2015209367 95386778.6266 56712890.9515 36.1421698113 1.78301886792 0.0 14.5660377358 2 0.0 0.0 0.0 0.0 0.0 0.0 0.0 0.0 2 0.0 0.0 0.0 0.0 0.0 0.0 0.0 0.0 
3 3 7652.94943051 11.8696889751 98559220.5559 60604017.6606 36.3662264151 1.51886792453 0.0 12.679245283 3 0.0 0.0 0.0 0.0 0.0 0.0 0.0 0.0 3 0.0 0.0 0.0 0.0 0.0 0.0 0.0 0.0 
4 4 7727.76687131 25.2108709429 94323150.5214 55678626.0093 34.3752830189 1.75471698113 0.0 14.641509434 4 0.0 0.0 0.0 0.0 0.0 0.0 0.0 0.0 4 0.0 0.0 0.0 0.0 0.0 0.0 0.0 0.0 
5 5 7784.76723857 22.4123275271 99095870.6905 59876906.6976 35.1183962264 2.12264150943 0.0 16.9811320755 5 0.0 0.0 0.0 0.0 0.0 0.0 0.0 0.0 5 0.0 0.0 0.0 0.0 0.0 0.0 0.0 0.0 
6 6 7820.08938173 29.3994769517 95076777.4711 56467140.5224 33.8879245283 1.75471698113 0.0 14.1886792453 6 0.0 0.0 0.0 0.0 0.0 0.0 0.0 0.0 6 0.0 0.0 0.0 0.0 0.0 0.0 0.0 0.0 
7 7 7826.57349886 29.3400942891 97398934.5516 58852882.3583 34.7537735849 1.66981132075 0.0 15.2452830189 7 0.0 0.0 0.0 0.0 0.0 0.0 0.0 0.0 7 0.0 0.0 0.0 0.0 0.0 0.0 0.0 0.0 
8 8 7841.01926854 35.8239980161 96085229.0917 56809651.5481 33.788490566 1.58490566038 0.0 12.9056603774 8 0.0 0.0 0.0 0.0 0.0 0.0 0.0 0.0 8 0.0 0.0 0.0 0.0 0.0 0.0 0.0 0.0 
9 9 7821.52488869 36.7737214929 96993840.4923 58467166.0028 34.4921698113 1.62009433962 0.0 13.1873584906 9 0.0 0.0 0.0 0.0 0.0 0.0 0.0 0.0 9 0.0 0.0 0.0 0.0 0.0 0.0 0.0 0.0 
10 10 7812.15262349 43.1425657146 95085043.2509 56501685.5736 33.9981132075 1.62264150943 0.0 12.9811320755 10 0.0 0.0 0.0 0.0 0.0 0.0 0.0 0.0 10 0.0 0.0 0.0 0.0 0.0 0.0 0.0 0.0 
20 20 7858.02546587 74.5700620395 97913173.8969 57931748.7999 34.4903846154 1.34506531205 0.0 10.9869375907 20 0.0 0.0 0.0 0.0 0.0 0.0 0.0 0.0 20 0.0 0.0 0.0 0.0 0.0 0.0 0.0 0.0 
30 30 7853.31109973 106.992058562 96775595.7528 57537827.3327 34.1342307692 1.75961538462 0.0 14.0769230769 30 0.0 0.0 0.0 0.0 0.0 0.0 0.0 0.0 30 0.0 0.0 0.0 0.0 0.0 0.0 0.0 0.0 
40 40 7864.78444533 140.42400898 96745951.547 57547202.5111 33.3296153846 1.72980769231 0.0 13.8385576923 40 0.0 0.0 0.0 0.0 0.0 0.0 0.0 0.0 40 0.0 0.0 0.0 0.0 0.0 0.0 0.0 0.0 
50 50 7824.23468804 175.526454812 96771655.7327 57567436.629 34.2674038462 1.73076923077 0.0 14.9230769231 50 0.0 0.0 0.0 0.0 0.0 0.0 0.0 0.0 50 0.0 0.0 0.0 0.0 0.0 0.0 0.0 0.0 
60 60 7705.47919988 212.49972989 95714504.839 56432588.889 33.4351923077 1.78846153846 0.0 15.1538461538 60 0.0 0.0 0.0 0.0 0.0 0.0 0.0 0.0 60 0.0 0.0 0.0 0.0 0.0 0.0 0.0 0.0 
70 70 7713.49587291 245.480924131 95360598.814 56508140.664 34.4156730769 1.96153846154 0.0 15.6923076923 70 0.0 0.0 0.0 0.0 0.0 0.0 0.0 0.0 70 0.0 0.0 0.0 0.0 0.0 0.0 0.0 0.0 
