3221510 0 525
3313172 1 525
3394937 2 525
3398584 3 525
3431108 4 525
3502747 5 525
3505422 6 525
3548988 7 525
3589339 8 525
3591347 9 525
3660801 10 525
3674049 11 525
3693481 12 525
3726209 13 525
3738172 14 525
3749441 15 525
3768221 16 525
3779483 17 525
3790420 18 525
3814711 19 525
3814714 20 525
3820778 21 525
3821080 22 525
3829248 23 525
3831339 24 525
3832150 25 525
3833004 26 525
3841190 27 525
3907629 28 525
3920709 29 525
3923424 30 525
3924044 31 525
3924170 32 525
3933047 33 525
3956134 34 525
3969312 35 525
3976114 36 525
3978956 37 525
3980210 38 525
3986412 39 525
3987630 40 525
3988678 41 525
3993283 42 525
3996549 43 525
3996558 44 525
4000413 45 525
4004427 46 525
4006028 47 525
4008652 48 525
4008738 49 525
4025218 50 525
4045471 51 525
4051216 52 525
4053625 53 525
4058572 54 525
4071214 55 525
4072055 56 525
4073370 57 525
4077126 58 525
4077574 59 525
4078458 60 525
4085962 61 525
4091694 62 525
4094730 63 525
4100390 64 525
4110277 65 525
4110972 66 525
4111871 67 525
4116398 68 525
4117003 69 525
4118001 70 525
4118209 71 525
4119932 72 525
4119937 73 525
4121387 74 525
4122827 75 525
4126343 76 525
4128097 77 525
4133124 78 525
4137117 79 525
4142941 80 525
4144050 81 525
4148669 82 525
4158452 83 525
4158666 84 525
4164550 85 525
4164921 86 525
4166612 87 525
4168299 88 525
4168752 89 525
4170150 90 525
4172274 91 525
4174303 92 525
4174598 93 525
4174917 94 525
4175831 95 525
4178045 96 525
4178119 97 525
4179037 98 525
4180546 99 525
4181191 100 525
4181434 101 525
4183898 102 525
4188513 103 525
4189608 104 525
4191258 105 525
4191350 106 525
4193183 107 525
4193286 108 525
4196031 109 525
4196423 110 525
4197820 111 525
4197828 112 525
4199224 113 525
4199847 114 525
4200415 115 525
4200743 116 525
4201059 117 525
4204054 118 525
4204558 119 525
4208442 120 525
4208824 121 525
4213016 122 525
4215850 123 525
4215900 124 525
4218330 125 525
4221172 126 525
4223142 127 525
4224970 128 525
4225292 129 525
4226827 130 525
4228158 131 525
4231421 132 525
4235101 133 525
4236621 134 525
4239102 135 525
4239909 136 525
4241315 137 525
4241838 138 525
4242767 139 525
4244274 140 525
4244312 141 525
4246712 142 525
4249197 143 525
4249567 144 525
4250297 145 525
4251284 146 525
4251452 147 525
4256549 148 525
4256634 149 525
4256959 150 525
4259459 151 525
4262313 152 525
4264273 153 525
4264549 154 525
4265842 155 525
4266678 156 525
4267613 157 525
4268907 158 525
4271668 159 525
4271929 160 525
4274955 161 525
4275829 162 525
4278645 163 525
4279426 164 525
4279958 165 525
4280866 166 525
4281378 167 525
4283206 168 525
4285768 169 525
4287119 170 525
4287188 171 525
4287948 172 525
4290069 173 525
4291714 174 525
4291936 175 525
4293252 176 525
4295933 177 525
4296306 178 525
4297079 179 525
4298053 180 525
4298300 181 525
4300419 182 525
4300525 183 525
4301082 184 525
4301908 185 525
4302046 186 525
4305342 187 525
4305629 188 525
4305902 189 525
4307123 190 525
4308822 191 525
4309300 192 525
4310565 193 525
4312557 194 525
4315083 195 525
4316087 196 525
4318346 197 525
4319564 198 525
4321541 199 525
4321677 200 525
4323837 201 525
4324291 202 525
4324802 203 525
4327055 204 525
4328381 205 525
4328760 206 525
4330889 207 525
4330898 208 525
4332398 209 525
4332408 210 525
4333616 211 525
4337979 212 525
4338480 213 525
4345826 214 525
4346060 215 525
4348227 216 525
4349466 217 525
4349944 218 525
4350936 219 525
4352034 220 525
4352318 221 525
4355341 222 525
4355571 223 525
4356015 224 525
4356506 225 525
4357537 226 525
4357828 227 525
4359158 228 525
4361796 229 525
4362559 230 525
4364804 231 525
4365377 232 525
4366208 233 525
4367805 234 525
4368240 235 525
4369145 236 525
4369175 237 525
4369379 238 525
4369590 239 525
4369991 240 525
4371663 241 525
4372185 242 525
4372904 243 525
4373666 244 525
4374375 245 525
4374792 246 525
4374952 247 525
4376460 248 525
4376540 249 525
4376546 250 525
4376694 251 525
4377273 252 525
4378781 253 525
4380001 254 525
4381607 255 525
4383127 256 525
4384039 257 525
4384879 258 525
4385075 259 525
4385394 260 525
4386296 261 525
4386392 262 525
4387509 263 525
4387742 264 525
4389297 265 525
4390262 266 525
4390302 267 525
4391696 268 525
4392488 269 525
4393422 270 525
4393732 271 525
4395197 272 525
4395858 273 525
4399387 274 525
4400586 275 525
4402402 276 525
4403783 277 525
4403961 278 525
4405019 279 525
4413538 280 525
4413806 281 525
4414079 282 525
4414612 283 525
4415381 284 525
4416137 285 525
4419281 286 525
4420650 287 525
4422744 288 525
4425292 289 525
4425556 290 525
4426400 291 525
4427455 292 525
4427718 293 525
4428611 294 525
4429570 295 525
4430135 296 525
4431339 297 525
4433619 298 525
4433906 299 525
4434270 300 525
4436159 301 525
4436159 302 525
4436227 303 525
4436737 304 525
4437955 305 525
4438812 306 525
4440264 307 525
4440614 308 525
4440904 309 525
4441780 310 525
4442276 311 525
4442387 312 525
4443374 313 525
4444014 314 525
4444376 315 525
4445484 316 525
4446248 317 525
4446916 318 525
4450091 319 525
4451344 320 525
4453511 321 525
4454096 322 525
4458374 323 525
4461041 324 525
4461063 325 525
4462164 326 525
4465610 327 525
4465656 328 525
4467615 329 525
4468316 330 525
4468825 331 525
4470460 332 525
4470815 333 525
4470974 334 525
4473524 335 525
4476691 336 525
4479809 337 525
4480621 338 525
4482447 339 525
4482979 340 525
4482992 341 525
4484095 342 525
4485202 343 525
4485951 344 525
4487355 345 525
4488758 346 525
4488766 347 525
4490955 348 525
4490972 349 525
4491197 350 525
4491255 351 525
4491308 352 525
4491610 353 525
4492684 354 525
4493912 355 525
4494025 356 525
4495673 357 525
4496190 358 525
4496251 359 525
4497721 360 525
4500737 361 525
4500936 362 525
4501703 363 525
4507314 364 525
4508238 365 525
4509626 366 525
4510116 367 525
4510233 368 525
4510629 369 525
4511131 370 525
4512206 371 525
4513222 372 525
4514718 373 525
4516291 374 525
4519502 375 525
4519912 376 525
4521296 377 525
4521912 378 525
4523737 379 525
4523908 380 525
4526741 381 525
4527883 382 525
4528152 383 525
4533792 384 525
4537770 385 525
4538043 386 525
4538274 387 525
4545760 388 525
4546665 389 525
4548794 390 525
4549158 391 525
4554787 392 525
4555703 393 525
4555915 394 525
4557427 395 525
4557909 396 525
4558417 397 525
4562567 398 525
4566414 399 525
4568704 400 525
4569036 401 525
4569261 402 525
4570308 403 525
4572482 404 525
4574750 405 525
4578312 406 525
4583541 407 525
4584367 408 525
4586002 409 525
4586932 410 525
4587024 411 525
4595497 412 525
4597656 413 525
4597971 414 525
4601454 415 525
4603670 416 525
4606556 417 525
4609361 418 525
4612748 419 525
4614398 420 525
4617219 421 525
4617764 422 525
4623276 423 525
4623736 424 525
4627190 425 525
4627433 426 525
4627569 427 525
4632135 428 525
4635391 429 525
4637964 430 525
4638986 431 525
4640236 432 525
4640305 433 525
4640615 434 525
4649938 435 525
4655330 436 525
4659513 437 525
4659873 438 525
4662509 439 525
4667295 440 525
4669434 441 525
4670132 442 525
4674381 443 525
4675065 444 525
4675199 445 525
4685302 446 525
4686540 447 525
4695164 448 525
4696235 449 525
4700334 450 525
4702393 451 525
4703203 452 525
4707127 453 525
4708733 454 525
4710450 455 525
4712326 456 525
4719791 457 525
4730398 458 525
4768957 459 525
4786495 460 525
4786508 461 525
4788883 462 525
4799986 463 525
4800597 464 525
4807875 465 525
4833126 466 525
4870141 467 525
4898741 468 525
4914515 469 525
4954860 470 525
4984089 471 525
4987724 472 525
5025502 473 525
5035329 474 525
5040977 475 525
5075058 476 525
5139694 477 525
5153277 478 525
5164824 479 525
5225083 480 525
5263035 481 525
5336516 482 525
5352930 483 525
5480339 484 525
5543468 485 525
5614138 486 525
5641693 487 525
5780154 488 525
6172049 489 525
6253776 490 525
6319063 491 525
6331112 492 525
6392302 493 525
6490977 494 525
6770547 495 525
6787679 496 525
6886812 497 525
6986727 498 525
7264187 499 525
7832134 500 525
7927374 501 525
8367815 502 525
10594333 503 525
10798114 504 525
10888432 505 525
11163010 506 525
11194890 507 525
11398574 508 525
11695587 509 525
11759799 510 525
11854970 511 525
12403191 512 525
12627711 513 525
12628248 514 525
13352210 515 525
14050562 516 525
14545075 517 525
15946855 518 525
16591595 519 525
18909942 520 525
24511224 521 525
28020120 522 525
55343755 523 525
75391566 524 525
