Time Verties Edges
1 1.566 0.096
2 3.732 0.279
3 6.386 0.614
4 9.799 1.166
5 13.047 1.822
6 16.014 2.487
7 19.238 3.333
8 22.3 4.28
9 25.086 5.24
10 27.837 6.308
11 30.524 7.53
12 33.053 8.73
13 35.57 9.987
14 37.968 11.341
15 40.188 12.738
16 42.388 14.241
17 44.657 15.787
18 46.836 17.543
19 48.833 19.27
20 50.925 21.052
21 52.857 22.821
22 54.636 24.644
23 56.473 26.636
24 58.21 28.614
25 59.868 30.659
26 61.489 32.845
27 62.941 34.971
28 64.425 37.208
29 65.898 39.451
30 67.261 41.829
31 68.675 44.212
32 69.851 46.425
33 71.128 49.045
34 72.328 51.506
35 73.516 54.268
36 74.699 57.014
37 75.721 59.71
38 76.858 62.637
39 77.923 65.612
40 78.959 68.703
41 79.848 71.511
42 80.731 74.384
43 81.648 77.626
44 82.464 80.882
45 83.322 84.233
46 84.093 87.291
47 84.893 90.85
48 85.605 94.097
49 86.252 97.57
50 86.961 101.302
51 87.595 105.117
52 88.199 109.029
53 88.866 112.734
54 89.456 116.795
55 89.925 120.403
56 90.45 124.611
57 90.994 129.117
58 91.563 133.86
59 92.04 138.497
60 92.507 143.272
61 92.939 147.998
62 93.384 152.793
63 93.738 157.131
64 94.07 161.914
65 94.425 166.726
66 94.75 171.432
67 95.035 175.992
68 95.314 180.967
69 95.57 185.352
70 95.815 189.958
71 96.042 194.665
72 96.264 199.249
73 96.461 204.076
74 96.649 208.554
75 96.857 213.482
76 97.026 217.846
77 97.187 222.509
78 97.341 227.155
79 97.469 231.498
80 97.61 236.104
81 97.734 240.127
82 97.858 244.757
83 97.974 249.525
84 98.078 253.922
85 98.166 258.199
86 98.243 262.166
87 98.346 266.824
88 98.419 271.081
89 98.505 275.159
90 98.586 279.355
91 98.637 283.328
92 98.701 287.648
93 98.765 291.779
94 98.821 296.096
95 98.889 300.296
96 98.934 304.238
97 98.978 308.194
98 99.027 311.692
99 99.07 315.799
100 99.115 319.951
101 99.147 324.061
102 99.181 327.61
103 99.219 332.019
104 99.254 335.813
105 99.287 339.588
106 99.309 343.764
107 99.342 347.637
108 99.373 352.137
109 99.392 355.854
110 99.418 359.942
111 99.45 364.433
112 99.473 368.397
113 99.49 372.242
114 99.508 376.369
115 99.53 380.032
116 99.546 384.112
117 99.567 388.133
118 99.582 391.787
119 99.601 395.74
120 99.613 399.623
121 99.628 403.402
122 99.639 407.239
123 99.65 410.87
124 99.658 414.557
125 99.675 418.413
126 99.687 422.201
127 99.702 425.493
128 99.71 429.477
129 99.718 433.251
130 99.729 436.729
131 99.734 440.636
132 99.741 444.058
133 99.746 447.904
134 99.752 451.647
135 99.758 455.0
136 99.769 458.917
137 99.777 462.481
138 99.786 465.765
139 99.797 469.744
140 99.8 472.792
141 99.802 476.193
142 99.806 479.855
143 99.811 483.129
144 99.817 486.804
145 99.821 490.198
146 99.824 493.431
147 99.831 496.835
148 99.84 500.067
149 99.842 503.372
150 99.85 506.642
151 99.852 509.946
152 99.855 513.206
153 99.86 516.504
154 99.862 519.734
155 99.863 522.98
156 99.867 526.137
157 99.869 529.345
158 99.873 532.533
159 99.874 535.754
160 99.875 538.895
161 99.879 542.069
162 99.882 545.356
163 99.883 548.559
164 99.884 551.749
165 99.886 554.877
166 99.887 557.845
167 99.888 561.074
168 99.89 564.32
169 99.893 567.376
170 99.897 570.529
171 99.898 573.838
172 99.898 576.009
173 99.899 579.192
174 99.899 581.685
175 99.899 583.691
176 99.9 586.559
177 99.902 590.421
178 99.903 594.29
179 99.905 599.579
180 99.907 604.952
181 99.907 610.382
182 99.907 614.951
183 99.908 620.894
184 99.909 625.43
185 99.909 630.853
186 99.91 636.546
187 99.911 642.103
188 99.912 647.588
189 99.912 653.376
190 99.912 659.224
191 99.914 665.146
192 99.915 671.263
193 99.916 676.868
194 99.916 682.794
195 99.916 688.392
196 99.916 694.08
197 99.916 699.469
198 99.916 704.871
199 99.917 710.624
200 99.917 716.384
201 99.917 722.697
202 99.918 727.742
203 99.918 733.315
204 99.918 738.659
205 99.918 744.418
206 99.919 749.635
207 99.919 754.743
208 99.919 760.001
209 99.921 764.99
210 99.921 769.292
211 99.921 774.117
212 99.921 779.222
213 99.921 784.025
214 99.922 788.884
215 99.922 793.466
216 99.922 798.521
217 99.922 803.368
218 99.922 808.518
219 99.922 813.061
220 99.922 817.358
221 99.922 822.346
222 99.922 827.053
223 99.922 832.245
224 99.922 836.848
225 99.922 841.317
226 99.922 845.772
227 99.922 850.13
228 99.922 854.589
229 99.922 858.451
230 99.922 862.631
231 99.922 866.827
232 99.922 870.977
233 99.922 875.147
234 99.922 879.091
235 99.922 882.972
236 99.922 886.807
237 99.922 890.36
238 99.922 894.192
239 99.922 897.816
240 99.922 901.394
241 99.922 905.059
242 99.922 908.95
243 99.922 912.628
244 99.922 915.846
245 99.922 919.683
246 99.922 922.933
247 99.922 926.286
248 99.922 929.679
249 99.922 932.888
250 99.922 936.153
251 99.922 938.95
252 99.922 942.002
253 99.922 945.077
254 99.922 948.003
255 99.922 951.135
256 99.922 954.154
257 99.922 957.209
258 99.922 960.326
259 99.922 963.405
260 99.922 966.506
261 99.922 969.32
262 99.922 972.215
263 99.922 974.917
264 99.922 977.975
265 99.922 980.739
266 99.922 983.5
267 99.922 986.058
268 99.922 988.83
269 99.922 991.517
270 99.922 994.208
271 99.922 996.85
272 99.922 999.479
273 99.922 1002.267
274 99.922 1004.747
275 99.922 1007.367
276 99.922 1009.754
277 99.922 1012.056
278 99.922 1014.366
279 99.922 1016.7
280 99.922 1019.086
281 99.922 1021.458
282 99.922 1023.639
283 99.922 1025.792
284 99.922 1028.099
285 99.922 1030.5
286 99.922 1032.644
287 99.922 1034.883
288 99.922 1036.828
289 99.922 1038.961
290 99.922 1041.043
291 99.922 1043.097
292 99.922 1045.313
293 99.922 1047.481
294 99.922 1049.548
295 99.922 1051.577
296 99.922 1053.671
297 99.922 1055.693
298 99.922 1057.765
299 99.922 1059.651
300 99.922 1061.393
301 99.922 1062.511
302 99.922 1063.69
303 99.922 1064.236
