# load avg(tp, lat, bwr, bww, cpu, tps, brps, bwps), sd(...), ci(...)
1 1 83.2373869878 60.0668206923 1786365.00101 1356101.72167 3.20103773585 361.291603774 0.0 2893.35179245 1 0.0 0.0 0.0 0.0 0.0 0.0 0.0 0.0 1 0.0 0.0 0.0 0.0 0.0 0.0 0.0 0.0 
2 2 160.116009718 62.7436781843 3413944.95026 2591520.07395 3.99339622642 546.773584906 0.0 4375.8490566 2 0.0 0.0 0.0 0.0 0.0 0.0 0.0 0.0 2 0.0 0.0 0.0 0.0 0.0 0.0 0.0 0.0 
3 3 230.56751695 65.4274453293 4909768.71208 3724287.44936 4.6629245283 694.083490566 0.0 5740.10764151 3 0.0 0.0 0.0 0.0 0.0 0.0 0.0 0.0 3 0.0 0.0 0.0 0.0 0.0 0.0 0.0 0.0 
4 4 297.639693141 67.642510507 6335939.67323 4805068.11698 5.2358490566 682.921886792 0.0 7039.55754717 4 0.0 0.0 0.0 0.0 0.0 0.0 0.0 0.0 4 0.0 0.0 0.0 0.0 0.0 0.0 0.0 0.0 
5 5 1118.3560621 27.8999483045 23944585.2913 18234880.5334 13.1679843977 1986.84037736 0.0 24711.9885849 5 0.0 0.0 0.0 0.0 0.0 0.0 0.0 0.0 5 0.0 0.0 0.0 0.0 0.0 0.0 0.0 0.0 
6 6 1107.71085363 43.5014323828 23507387.0992 17837027.1472 13.3844339623 1977.73113208 0.0 24517.875566 6 0.0 0.0 0.0 0.0 0.0 0.0 0.0 0.0 6 0.0 0.0 0.0 0.0 0.0 0.0 0.0 0.0 
7 7 1094.97895297 47.3868805255 23256115.0724 17656526.6348 13.0970754717 1946.59613208 0.0 24219.6360377 7 0.0 0.0 0.0 0.0 0.0 0.0 0.0 0.0 7 0.0 0.0 0.0 0.0 0.0 0.0 0.0 0.0 
8 8 1092.48488696 49.0851729995 23191249.5941 17607394.2744 13.1251886792 1934.60377358 0.0 24144.0754717 8 0.0 0.0 0.0 0.0 0.0 0.0 0.0 0.0 8 0.0 0.0 0.0 0.0 0.0 0.0 0.0 0.0 
9 9 1096.23097162 49.4773373749 23476215.1516 17886046.4555 13.2741509434 1936.80188679 0.0 24228.1509434 9 0.0 0.0 0.0 0.0 0.0 0.0 0.0 0.0 9 0.0 0.0 0.0 0.0 0.0 0.0 0.0 0.0 
10 10 1796.31919207 38.3533774923 37948739.7676 28803497.0212 20.9816037736 3155.04018868 0.0 39363.8183962 10 0.0 0.0 0.0 0.0 0.0 0.0 0.0 0.0 10 0.0 0.0 0.0 0.0 0.0 0.0 0.0 0.0 
11 11 1806.7728204 41.9484063014 38555291.1522 29174335.8672 20.7732075472 3179.86792453 0.0 39626.8679245 11 0.0 0.0 0.0 0.0 0.0 0.0 0.0 0.0 11 0.0 0.0 0.0 0.0 0.0 0.0 0.0 0.0 
12 12 1799.1202604 45.6886615687 38212746.8819 28986251.1935 21.0456603774 3186.06603774 0.0 39495.0188679 12 0.0 0.0 0.0 0.0 0.0 0.0 0.0 0.0 12 0.0 0.0 0.0 0.0 0.0 0.0 0.0 0.0 
14 14 1809.25988136 49.4138444581 38190922.5702 28997066.4765 21.1348113208 3181.67924528 0.0 39640.6037736 14 0.0 0.0 0.0 0.0 0.0 0.0 0.0 0.0 14 0.0 0.0 0.0 0.0 0.0 0.0 0.0 0.0 
17 17 1944.10098778 53.8272224999 41205709.1437 31299710.3974 22.0058490566 3411.06603774 0.0 42683.0943396 17 0.0 0.0 0.0 0.0 0.0 0.0 0.0 0.0 17 0.0 0.0 0.0 0.0 0.0 0.0 0.0 0.0 
21 21 1942.34542097 63.461569413 41182935.4408 31285259.3844 22.635754717 3399.14811321 0.0 42650.8763208 21 0.0 0.0 0.0 0.0 0.0 0.0 0.0 0.0 21 0.0 0.0 0.0 0.0 0.0 0.0 0.0 0.0 
26 26 1948.28003895 74.4590301494 41651794.0359 31740467.3593 22.3973584906 3400.45349057 0.0 42721.0812264 26 0.0 0.0 0.0 0.0 0.0 0.0 0.0 0.0 26 0.0 0.0 0.0 0.0 0.0 0.0 0.0 0.0 
32 32 1971.11165806 88.3886619495 42209851.5796 31945044.9413 22.3793396226 3446.00943396 0.0 43241.8867925 32 0.0 0.0 0.0 0.0 0.0 0.0 0.0 0.0 32 0.0 0.0 0.0 0.0 0.0 0.0 0.0 0.0 
39 39 1941.38433818 107.850559626 41938223.9425 31780092.747 23.350754717 3401.88679245 0.0 42828.9056604 39 0.0 0.0 0.0 0.0 0.0 0.0 0.0 0.0 39 0.0 0.0 0.0 0.0 0.0 0.0 0.0 0.0 
47 47 1985.25164195 121.691242411 42554768.8952 32325130.6885 22.6024528302 3470.7809434 0.0 43630.8313208 47 0.0 0.0 0.0 0.0 0.0 0.0 0.0 0.0 47 0.0 0.0 0.0 0.0 0.0 0.0 0.0 0.0 
57 57 2027.25590378 143.165717208 43158859.5094 32737293.7359 22.4961320755 3539.66849057 0.0 44520.0510377 57 0.0 0.0 0.0 0.0 0.0 0.0 0.0 0.0 57 0.0 0.0 0.0 0.0 0.0 0.0 0.0 0.0 
69 69 2032.12158596 171.818990563 43032511.6425 32666730.6191 22.633133164 3533.11320755 0.0 44503.0943396 69 0.0 0.0 0.0 0.0 0.0 0.0 0.0 0.0 69 0.0 0.0 0.0 0.0 0.0 0.0 0.0 0.0 
83 83 2053.76510306 204.815882508 43360159.5575 32907926.7141 22.9675 3573.40566038 0.0 44964.754717 83 0.0 0.0 0.0 0.0 0.0 0.0 0.0 0.0 83 0.0 0.0 0.0 0.0 0.0 0.0 0.0 0.0 
100 100 2076.1011883 241.666075335 43992373.8528 33402770.7392 22.2101886792 3599.80188679 0.0 45592.0754717 100 0.0 0.0 0.0 0.0 0.0 0.0 0.0 0.0 100 0.0 0.0 0.0 0.0 0.0 0.0 0.0 0.0 
