15223262 0 1000
15976185 1 1000
16247954 2 1000
16854854 3 1000
17091891 4 1000
17255090 5 1000
17306423 6 1000
17340999 7 1000
17437932 8 1000
17503965 9 1000
17554746 10 1000
17586667 11 1000
17636584 12 1000
17666501 13 1000
17690291 14 1000
17718346 15 1000
17731420 16 1000
17758952 17 1000
17810023 18 1000
17865783 19 1000
17904731 20 1000
17926348 21 1000
17965251 22 1000
17978002 23 1000
17988175 24 1000
18014575 25 1000
18031468 26 1000
18065132 27 1000
18084953 28 1000
18112403 29 1000
18135280 30 1000
18162885 31 1000
18181051 32 1000
18217376 33 1000
18288797 34 1000
18303896 35 1000
18334613 36 1000
18377264 37 1000
18404506 38 1000
18422582 39 1000
18448858 40 1000
18475806 41 1000
18487340 42 1000
18522474 43 1000
18530759 44 1000
18543481 45 1000
18582090 46 1000
18610255 47 1000
18631396 48 1000
18647444 49 1000
18694897 50 1000
18719316 51 1000
18736470 52 1000
18771508 53 1000
18837983 54 1000
18860302 55 1000
18896993 56 1000
18935576 57 1000
18968030 58 1000
18992695 59 1000
19004854 60 1000
19030103 61 1000
19053686 62 1000
19066381 63 1000
19072438 64 1000
19081732 65 1000
19093521 66 1000
19103523 67 1000
19144262 68 1000
19179215 69 1000
19212692 70 1000
19231950 71 1000
19256005 72 1000
19296518 73 1000
19323743 74 1000
19367713 75 1000
19400801 76 1000
19426937 77 1000
19485850 78 1000
19549164 79 1000
19583844 80 1000
19614276 81 1000
19661796 82 1000
19683292 83 1000
19708566 84 1000
19741160 85 1000
19761509 86 1000
19792037 87 1000
19832751 88 1000
19847857 89 1000
19868628 90 1000
19881123 91 1000
19888782 92 1000
19903417 93 1000
19922713 94 1000
19928237 95 1000
19950602 96 1000
19979911 97 1000
20018677 98 1000
20029531 99 1000
20044844 100 1000
20056274 101 1000
20082467 102 1000
20086895 103 1000
20095795 104 1000
20123085 105 1000
20135887 106 1000
20145030 107 1000
20164209 108 1000
20190638 109 1000
20201935 110 1000
20214088 111 1000
20224957 112 1000
20231887 113 1000
20245044 114 1000
20266042 115 1000
20285180 116 1000
20292318 117 1000
20303870 118 1000
20316915 119 1000
20356273 120 1000
20376343 121 1000
20390717 122 1000
20412551 123 1000
20439232 124 1000
20443297 125 1000
20451538 126 1000
20469273 127 1000
20481824 128 1000
20507908 129 1000
20530834 130 1000
20535667 131 1000
20545310 132 1000
20569274 133 1000
20592171 134 1000
20616202 135 1000
20641211 136 1000
20654760 137 1000
20660474 138 1000
20667989 139 1000
20676074 140 1000
20698460 141 1000
20712296 142 1000
20722445 143 1000
20725429 144 1000
20741045 145 1000
20749184 146 1000
20762680 147 1000
20773103 148 1000
20800327 149 1000
20808522 150 1000
20827013 151 1000
20835927 152 1000
20851833 153 1000
20864517 154 1000
20875324 155 1000
20882334 156 1000
20890772 157 1000
20902570 158 1000
20917883 159 1000
20923838 160 1000
20930738 161 1000
20943956 162 1000
20947784 163 1000
20957607 164 1000
20983390 165 1000
20994908 166 1000
21013625 167 1000
21031940 168 1000
21038942 169 1000
21052499 170 1000
21058476 171 1000
21070494 172 1000
21082416 173 1000
21109136 174 1000
21114830 175 1000
21118136 176 1000
21122649 177 1000
21126822 178 1000
21149288 179 1000
21157257 180 1000
21172419 181 1000
21175977 182 1000
21199334 183 1000
21203243 184 1000
21207719 185 1000
21222141 186 1000
21227047 187 1000
21234421 188 1000
21243238 189 1000
21264627 190 1000
21281834 191 1000
21308075 192 1000
21320804 193 1000
21331125 194 1000
21342888 195 1000
21353549 196 1000
21363506 197 1000
21369390 198 1000
21381693 199 1000
21396286 200 1000
21410280 201 1000
21422175 202 1000
21430155 203 1000
21445739 204 1000
21460473 205 1000
21469690 206 1000
21476914 207 1000
21483349 208 1000
21505265 209 1000
21536137 210 1000
21546782 211 1000
21551262 212 1000
21572496 213 1000
21587203 214 1000
21601173 215 1000
21606317 216 1000
21617399 217 1000
21629755 218 1000
21638557 219 1000
21643075 220 1000
21656447 221 1000
21667585 222 1000
21679891 223 1000
21702614 224 1000
21711675 225 1000
21724778 226 1000
21731019 227 1000
21733174 228 1000
21741799 229 1000
21753273 230 1000
21766152 231 1000
21770444 232 1000
21779711 233 1000
21798777 234 1000
21805373 235 1000
21815408 236 1000
21838920 237 1000
21857359 238 1000
21882374 239 1000
21890703 240 1000
21904713 241 1000
21924458 242 1000
21929655 243 1000
21937482 244 1000
21943628 245 1000
21960248 246 1000
21967385 247 1000
21974581 248 1000
21992698 249 1000
21994550 250 1000
22007460 251 1000
22016770 252 1000
22024254 253 1000
22035915 254 1000
22044431 255 1000
22054208 256 1000
22070889 257 1000
22077626 258 1000
22082258 259 1000
22085640 260 1000
22107705 261 1000
22116101 262 1000
22124166 263 1000
22137845 264 1000
22148565 265 1000
22162909 266 1000
22175531 267 1000
22190147 268 1000
22197594 269 1000
22202770 270 1000
22215395 271 1000
22227626 272 1000
22232001 273 1000
22240201 274 1000
22246435 275 1000
22251922 276 1000
22267651 277 1000
22275785 278 1000
22290084 279 1000
22291608 280 1000
22304942 281 1000
22316353 282 1000
22327832 283 1000
22338171 284 1000
22348163 285 1000
22356253 286 1000
22368470 287 1000
22375821 288 1000
22381353 289 1000
22387715 290 1000
22404984 291 1000
22422406 292 1000
22436661 293 1000
22445917 294 1000
22453139 295 1000
22467966 296 1000
22493033 297 1000
22503299 298 1000
22507616 299 1000
22513970 300 1000
22531561 301 1000
22549742 302 1000
22552092 303 1000
22571722 304 1000
22584226 305 1000
22613588 306 1000
22623257 307 1000
22633067 308 1000
22640176 309 1000
22649912 310 1000
22662942 311 1000
22685845 312 1000
22695419 313 1000
22717163 314 1000
22743319 315 1000
22760909 316 1000
22780746 317 1000
22804930 318 1000
22820371 319 1000
22830553 320 1000
22833302 321 1000
22839721 322 1000
22846994 323 1000
22869368 324 1000
22891138 325 1000
22902713 326 1000
22913998 327 1000
22927002 328 1000
22951533 329 1000
22962912 330 1000
22973504 331 1000
22997287 332 1000
23001657 333 1000
23012641 334 1000
23020426 335 1000
23027903 336 1000
23030536 337 1000
23035726 338 1000
23040104 339 1000
23042067 340 1000
23051776 341 1000
23058507 342 1000
23067478 343 1000
23097127 344 1000
23108052 345 1000
23114617 346 1000
23120439 347 1000
23124590 348 1000
23130122 349 1000
23134772 350 1000
23148759 351 1000
23160598 352 1000
23168194 353 1000
23178208 354 1000
23199155 355 1000
23208113 356 1000
23215058 357 1000
23220625 358 1000
23228495 359 1000
23235842 360 1000
23246047 361 1000
23271126 362 1000
23292573 363 1000
23321999 364 1000
23338366 365 1000
23348852 366 1000
23362046 367 1000
23382091 368 1000
23391764 369 1000
23404625 370 1000
23412401 371 1000
23426948 372 1000
23451507 373 1000
23466539 374 1000
23484992 375 1000
23493545 376 1000
23498401 377 1000
23512181 378 1000
23529924 379 1000
23541231 380 1000
23552818 381 1000
23566813 382 1000
23573631 383 1000
23584846 384 1000
23595938 385 1000
23625611 386 1000
23638657 387 1000
23643934 388 1000
23660190 389 1000
23680187 390 1000
23699997 391 1000
23715356 392 1000
23723226 393 1000
23731809 394 1000
23736102 395 1000
23738672 396 1000
23750572 397 1000
23757357 398 1000
23767352 399 1000
23777909 400 1000
23783693 401 1000
23795935 402 1000
23802829 403 1000
23823454 404 1000
23831683 405 1000
23834916 406 1000
23850477 407 1000
23854579 408 1000
23867458 409 1000
23887846 410 1000
23895558 411 1000
23898864 412 1000
23912360 413 1000
23918921 414 1000
23942354 415 1000
23951347 416 1000
23964527 417 1000
23973227 418 1000
23991499 419 1000
23997499 420 1000
24010589 421 1000
24024568 422 1000
24040614 423 1000
24044589 424 1000
24050292 425 1000
24056827 426 1000
24070634 427 1000
24077275 428 1000
24084099 429 1000
24086076 430 1000
24100241 431 1000
24116991 432 1000
24120609 433 1000
24130040 434 1000
24145031 435 1000
24158370 436 1000
24165869 437 1000
24173242 438 1000
24181977 439 1000
24193152 440 1000
24202015 441 1000
24215794 442 1000
24229978 443 1000
24235544 444 1000
24253188 445 1000
24269801 446 1000
24278157 447 1000
24307081 448 1000
24320640 449 1000
24330362 450 1000
24348510 451 1000
24360590 452 1000
24381052 453 1000
24391978 454 1000
24402751 455 1000
24411228 456 1000
24437810 457 1000
24454622 458 1000
24475326 459 1000
24511742 460 1000
24517066 461 1000
24531805 462 1000
24546950 463 1000
24556345 464 1000
24568025 465 1000
24574968 466 1000
24585068 467 1000
24599392 468 1000
24605212 469 1000
24614201 470 1000
24621252 471 1000
24624890 472 1000
24644590 473 1000
24659437 474 1000
24666516 475 1000
24678246 476 1000
24689163 477 1000
24696217 478 1000
24713510 479 1000
24726126 480 1000
24730529 481 1000
24734957 482 1000
24742006 483 1000
24764714 484 1000
24776562 485 1000
24790382 486 1000
24812328 487 1000
24814845 488 1000
24832716 489 1000
24849936 490 1000
24868813 491 1000
24872419 492 1000
24889218 493 1000
24906183 494 1000
24913408 495 1000
24928454 496 1000
24938536 497 1000
24947220 498 1000
24953612 499 1000
24962846 500 1000
24974170 501 1000
24983868 502 1000
24990300 503 1000
25010950 504 1000
25031681 505 1000
25044271 506 1000
25063973 507 1000
25091153 508 1000
25109801 509 1000
25120149 510 1000
25128773 511 1000
25132244 512 1000
25136341 513 1000
25168090 514 1000
25174463 515 1000
25186670 516 1000
25196136 517 1000
25201475 518 1000
25218454 519 1000
25245104 520 1000
25267760 521 1000
25274566 522 1000
25283729 523 1000
25294188 524 1000
25306618 525 1000
25319554 526 1000
25331359 527 1000
25344963 528 1000
25363716 529 1000
25380397 530 1000
25394964 531 1000
25419611 532 1000
25427681 533 1000
25448729 534 1000
25457433 535 1000
25469669 536 1000
25475207 537 1000
25486701 538 1000
25491936 539 1000
25501691 540 1000
25509179 541 1000
25517019 542 1000
25535390 543 1000
25543711 544 1000
25547700 545 1000
25560958 546 1000
25566625 547 1000
25572648 548 1000
25579555 549 1000
25589536 550 1000
25594261 551 1000
25608157 552 1000
25614339 553 1000
25625366 554 1000
25636137 555 1000
25643347 556 1000
25654048 557 1000
25668939 558 1000
25684434 559 1000
25700778 560 1000
25712009 561 1000
25722733 562 1000
25728955 563 1000
25737967 564 1000
25748579 565 1000
25757558 566 1000
25768980 567 1000
25791888 568 1000
25798620 569 1000
25816310 570 1000
25829227 571 1000
25845054 572 1000
25861002 573 1000
25867757 574 1000
25877302 575 1000
25892339 576 1000
25908127 577 1000
25911071 578 1000
25928733 579 1000
25940707 580 1000
25952484 581 1000
25969150 582 1000
25974757 583 1000
25987364 584 1000
25994740 585 1000
26003863 586 1000
26012018 587 1000
26020680 588 1000
26026771 589 1000
26027812 590 1000
26034096 591 1000
26046110 592 1000
26062638 593 1000
26075967 594 1000
26080663 595 1000
26089220 596 1000
26109537 597 1000
26113815 598 1000
26132277 599 1000
26138103 600 1000
26146551 601 1000
26166461 602 1000
26175032 603 1000
26178687 604 1000
26194562 605 1000
26202839 606 1000
26213653 607 1000
26230811 608 1000
26238624 609 1000
26258376 610 1000
26263674 611 1000
26269388 612 1000
26275553 613 1000
26302450 614 1000
26317204 615 1000
26322445 616 1000
26330045 617 1000
26340534 618 1000
26353879 619 1000
26369424 620 1000
26372328 621 1000
26381909 622 1000
26387527 623 1000
26392626 624 1000
26409335 625 1000
26422814 626 1000
26430833 627 1000
26439250 628 1000
26451049 629 1000
26461981 630 1000
26470505 631 1000
26471632 632 1000
26476818 633 1000
26498292 634 1000
26506730 635 1000
26510473 636 1000
26517721 637 1000
26528201 638 1000
26543525 639 1000
26548164 640 1000
26563520 641 1000
26571766 642 1000
26583738 643 1000
26595818 644 1000
26606214 645 1000
26619006 646 1000
26634870 647 1000
26667218 648 1000
26680652 649 1000
26695173 650 1000
26709942 651 1000
26720079 652 1000
26730378 653 1000
26742905 654 1000
26764365 655 1000
26791199 656 1000
26811343 657 1000
26814255 658 1000
26824455 659 1000
26830500 660 1000
26835698 661 1000
26841704 662 1000
26850721 663 1000
26855821 664 1000
26865149 665 1000
26872799 666 1000
26882635 667 1000
26900344 668 1000
26922100 669 1000
26927710 670 1000
26939297 671 1000
26948768 672 1000
26971939 673 1000
26976272 674 1000
26993220 675 1000
27008383 676 1000
27018179 677 1000
27031238 678 1000
27043096 679 1000
27052658 680 1000
27064695 681 1000
27091141 682 1000
27109562 683 1000
27122207 684 1000
27139703 685 1000
27162353 686 1000
27179250 687 1000
27188008 688 1000
27193813 689 1000
27201792 690 1000
27213394 691 1000
27226913 692 1000
27237282 693 1000
27246984 694 1000
27254567 695 1000
27261294 696 1000
27272424 697 1000
27279790 698 1000
27307048 699 1000
27328118 700 1000
27357834 701 1000
27374704 702 1000
27391359 703 1000
27399856 704 1000
27421997 705 1000
27467712 706 1000
27489236 707 1000
27504360 708 1000
27519277 709 1000
27528650 710 1000
27539346 711 1000
27557037 712 1000
27574565 713 1000
27589962 714 1000
27601471 715 1000
27616277 716 1000
27627641 717 1000
27645368 718 1000
27656187 719 1000
27662283 720 1000
27673036 721 1000
27690358 722 1000
27694845 723 1000
27699358 724 1000
27715411 725 1000
27723073 726 1000
27728284 727 1000
27731143 728 1000
27738519 729 1000
27744650 730 1000
27755944 731 1000
27769312 732 1000
27777498 733 1000
27805685 734 1000
27819774 735 1000
27835093 736 1000
27848887 737 1000
27861677 738 1000
27880622 739 1000
27906079 740 1000
27913693 741 1000
27935846 742 1000
27951910 743 1000
27960760 744 1000
27973989 745 1000
28001030 746 1000
28007378 747 1000
28022132 748 1000
28046335 749 1000
28099656 750 1000
28121970 751 1000
28145536 752 1000
28163136 753 1000
28180513 754 1000
28190564 755 1000
28200081 756 1000
28204456 757 1000
28212533 758 1000
28235336 759 1000
28261052 760 1000
28268358 761 1000
28277362 762 1000
28292033 763 1000
28308682 764 1000
28323636 765 1000
28334323 766 1000
28355730 767 1000
28369387 768 1000
28395660 769 1000
28415052 770 1000
28444210 771 1000
28447560 772 1000
28465090 773 1000
28486174 774 1000
28514329 775 1000
28531850 776 1000
28549732 777 1000
28562631 778 1000
28580996 779 1000
28595279 780 1000
28610311 781 1000
28620196 782 1000
28626032 783 1000
28637793 784 1000
28657849 785 1000
28671216 786 1000
28687268 787 1000
28698162 788 1000
28721727 789 1000
28761630 790 1000
28780513 791 1000
28786759 792 1000
28796651 793 1000
28833982 794 1000
28841296 795 1000
28874035 796 1000
28887439 797 1000
28901217 798 1000
28913394 799 1000
28932433 800 1000
28943702 801 1000
28951384 802 1000
28963386 803 1000
28974361 804 1000
28986667 805 1000
28998511 806 1000
29017510 807 1000
29039245 808 1000
29059823 809 1000
29081465 810 1000
29089169 811 1000
29118813 812 1000
29140261 813 1000
29156065 814 1000
29184199 815 1000
29205804 816 1000
29239715 817 1000
29272875 818 1000
29319306 819 1000
29332859 820 1000
29344996 821 1000
29364758 822 1000
29386638 823 1000
29404496 824 1000
29409867 825 1000
29422952 826 1000
29435271 827 1000
29456972 828 1000
29467232 829 1000
29469352 830 1000
29486331 831 1000
29496114 832 1000
29501874 833 1000
29523835 834 1000
29538380 835 1000
29559892 836 1000
29571620 837 1000
29575312 838 1000
29588343 839 1000
29606278 840 1000
29615296 841 1000
29643899 842 1000
29687260 843 1000
29728089 844 1000
29772326 845 1000
29795709 846 1000
29823321 847 1000
29860354 848 1000
29889630 849 1000
29906402 850 1000
29928127 851 1000
29935703 852 1000
29948271 853 1000
29957709 854 1000
29971701 855 1000
30030362 856 1000
30061958 857 1000
30076543 858 1000
30084851 859 1000
30137073 860 1000
30173246 861 1000
30205144 862 1000
30216210 863 1000
30222364 864 1000
30267820 865 1000
30280283 866 1000
30297196 867 1000
30330283 868 1000
30353709 869 1000
30361784 870 1000
30429182 871 1000
30462762 872 1000
30488492 873 1000
30515970 874 1000
30529745 875 1000
30540140 876 1000
30553789 877 1000
30588899 878 1000
30608232 879 1000
30621573 880 1000
30637270 881 1000
30650632 882 1000
30657477 883 1000
30675664 884 1000
30684123 885 1000
30699095 886 1000
30719362 887 1000
30748392 888 1000
30783003 889 1000
30794037 890 1000
30813697 891 1000
30841622 892 1000
30879438 893 1000
30915684 894 1000
30954954 895 1000
30977563 896 1000
31043860 897 1000
31060307 898 1000
31072486 899 1000
31091485 900 1000
31140817 901 1000
31146203 902 1000
31187010 903 1000
31198222 904 1000
31275225 905 1000
31312908 906 1000
31323137 907 1000
31360535 908 1000
31386499 909 1000
31454865 910 1000
31477447 911 1000
31492288 912 1000
31506498 913 1000
31535621 914 1000
31559355 915 1000
31616795 916 1000
31641424 917 1000
31666270 918 1000
31683185 919 1000
31691227 920 1000
31703835 921 1000
31734487 922 1000
31760238 923 1000
31780105 924 1000
31807745 925 1000
31829803 926 1000
31858871 927 1000
31883790 928 1000
31908194 929 1000
31978327 930 1000
32028510 931 1000
32055807 932 1000
32071209 933 1000
32082589 934 1000
32151498 935 1000
32216341 936 1000
32257713 937 1000
32288037 938 1000
32316455 939 1000
32339991 940 1000
32456046 941 1000
32485712 942 1000
32505258 943 1000
32518250 944 1000
32552766 945 1000
32569016 946 1000
32622823 947 1000
32669196 948 1000
32696644 949 1000
32741174 950 1000
32774288 951 1000
32816199 952 1000
32872794 953 1000
32919777 954 1000
33026120 955 1000
33058001 956 1000
33129080 957 1000
33163628 958 1000
33208407 959 1000
33262041 960 1000
33325016 961 1000
33390323 962 1000
33425238 963 1000
33474578 964 1000
33596110 965 1000
33685021 966 1000
33704806 967 1000
33736960 968 1000
33835221 969 1000
33958901 970 1000
33981464 971 1000
34030489 972 1000
34101922 973 1000
34128702 974 1000
34165925 975 1000
34264033 976 1000
34301931 977 1000
34395790 978 1000
34475041 979 1000
34520417 980 1000
34553856 981 1000
34600508 982 1000
34631453 983 1000
34714251 984 1000
34772294 985 1000
34802692 986 1000
34886782 987 1000
34977283 988 1000
35062384 989 1000
35165549 990 1000
35206809 991 1000
35296858 992 1000
35356620 993 1000
35427409 994 1000
35477618 995 1000
35540960 996 1000
35661383 997 1000
35698279 998 1000
35789829 999 1000
