14380566 0 1000
15037258 1 1000
15286341 2 1000
15364657 3 1000
15598601 4 1000
15909133 5 1000
15972926 6 1000
16072957 7 1000
16165548 8 1000
16372271 9 1000
16452891 10 1000
16515459 11 1000
16630289 12 1000
16720095 13 1000
16813215 14 1000
16910447 15 1000
17183003 16 1000
17528057 17 1000
17662224 18 1000
17762733 19 1000
18035990 20 1000
18086030 21 1000
18199271 22 1000
18275790 23 1000
18309651 24 1000
18453256 25 1000
18494603 26 1000
18510031 27 1000
18524198 28 1000
18547139 29 1000
18559170 30 1000
18581298 31 1000
18611347 32 1000
18631669 33 1000
18656260 34 1000
18695224 35 1000
18723618 36 1000
18746806 37 1000
18783002 38 1000
18865885 39 1000
18897952 40 1000
18933937 41 1000
18980503 42 1000
19014617 43 1000
19045566 44 1000
19120283 45 1000
19136006 46 1000
19164856 47 1000
19201166 48 1000
19234057 49 1000
19291292 50 1000
19329457 51 1000
19363484 52 1000
19414953 53 1000
19440472 54 1000
19456673 55 1000
19471572 56 1000
19495568 57 1000
19523316 58 1000
19543752 59 1000
19570613 60 1000
19586831 61 1000
19624213 62 1000
19675056 63 1000
19698328 64 1000
19729326 65 1000
19751948 66 1000
19782933 67 1000
19822994 68 1000
19869390 69 1000
19914534 70 1000
19939592 71 1000
19959677 72 1000
19978371 73 1000
19996773 74 1000
20026295 75 1000
20071108 76 1000
20088648 77 1000
20099484 78 1000
20114154 79 1000
20122467 80 1000
20136996 81 1000
20148974 82 1000
20165946 83 1000
20185018 84 1000
20230048 85 1000
20249250 86 1000
20290870 87 1000
20326516 88 1000
20343441 89 1000
20367694 90 1000
20406964 91 1000
20419921 92 1000
20428732 93 1000
20443637 94 1000
20456803 95 1000
20469617 96 1000
20491787 97 1000
20501514 98 1000
20529332 99 1000
20575858 100 1000
20608508 101 1000
20630576 102 1000
20642034 103 1000
20671528 104 1000
20696155 105 1000
20717998 106 1000
20739056 107 1000
20755478 108 1000
20770869 109 1000
20785999 110 1000
20799516 111 1000
20806087 112 1000
20830953 113 1000
20862926 114 1000
20880070 115 1000
20907001 116 1000
20926746 117 1000
20939139 118 1000
20959943 119 1000
20984611 120 1000
20995223 121 1000
21014203 122 1000
21030880 123 1000
21053508 124 1000
21063298 125 1000
21082178 126 1000
21113225 127 1000
21130044 128 1000
21169601 129 1000
21196181 130 1000
21207967 131 1000
21221256 132 1000
21234377 133 1000
21246875 134 1000
21264250 135 1000
21289152 136 1000
21301849 137 1000
21327019 138 1000
21361747 139 1000
21374577 140 1000
21406327 141 1000
21440683 142 1000
21461492 143 1000
21492059 144 1000
21514631 145 1000
21530953 146 1000
21561124 147 1000
21597596 148 1000
21618229 149 1000
21639771 150 1000
21677957 151 1000
21694606 152 1000
21713277 153 1000
21732611 154 1000
21753332 155 1000
21769698 156 1000
21786901 157 1000
21796759 158 1000
21813051 159 1000
21830016 160 1000
21843187 161 1000
21853718 162 1000
21869438 163 1000
21884713 164 1000
21903896 165 1000
21928904 166 1000
21938473 167 1000
21945816 168 1000
21955730 169 1000
21970504 170 1000
21980249 171 1000
21991887 172 1000
22002940 173 1000
22025358 174 1000
22040963 175 1000
22062413 176 1000
22091289 177 1000
22111246 178 1000
22136938 179 1000
22169989 180 1000
22191670 181 1000
22205853 182 1000
22217678 183 1000
22230460 184 1000
22247708 185 1000
22262508 186 1000
22278829 187 1000
22303596 188 1000
22314796 189 1000
22332992 190 1000
22349406 191 1000
22359677 192 1000
22373209 193 1000
22397854 194 1000
22429987 195 1000
22449054 196 1000
22462384 197 1000
22480079 198 1000
22501952 199 1000
22518307 200 1000
22553752 201 1000
22567377 202 1000
22583256 203 1000
22611210 204 1000
22653948 205 1000
22678502 206 1000
22707102 207 1000
22737090 208 1000
22759432 209 1000
22778360 210 1000
22799586 211 1000
22821955 212 1000
22852427 213 1000
22859451 214 1000
22871867 215 1000
22882073 216 1000
22903326 217 1000
22920137 218 1000
22937441 219 1000
22946145 220 1000
22960361 221 1000
22975170 222 1000
22989334 223 1000
22999137 224 1000
23006252 225 1000
23014874 226 1000
23025512 227 1000
23032790 228 1000
23050752 229 1000
23068473 230 1000
23085803 231 1000
23110295 232 1000
23127333 233 1000
23142943 234 1000
23157292 235 1000
23172034 236 1000
23188469 237 1000
23203554 238 1000
23218783 239 1000
23238126 240 1000
23249034 241 1000
23263971 242 1000
23276972 243 1000
23290509 244 1000
23309401 245 1000
23332505 246 1000
23359221 247 1000
23372508 248 1000
23382972 249 1000
23400291 250 1000
23422134 251 1000
23429812 252 1000
23442583 253 1000
23464510 254 1000
23483608 255 1000
23494302 256 1000
23510289 257 1000
23520821 258 1000
23530297 259 1000
23538197 260 1000
23561175 261 1000
23578119 262 1000
23598951 263 1000
23622002 264 1000
23634911 265 1000
23640903 266 1000
23648365 267 1000
23665802 268 1000
23685359 269 1000
23696954 270 1000
23723324 271 1000
23733830 272 1000
23771313 273 1000
23807650 274 1000
23835908 275 1000
23859984 276 1000
23882837 277 1000
23907995 278 1000
23926616 279 1000
23940938 280 1000
23959577 281 1000
23971396 282 1000
23994207 283 1000
24002199 284 1000
24018779 285 1000
24027634 286 1000
24036385 287 1000
24045732 288 1000
24054491 289 1000
24067732 290 1000
24077022 291 1000
24092618 292 1000
24107703 293 1000
24119117 294 1000
24138055 295 1000
24153116 296 1000
24167902 297 1000
24178695 298 1000
24186747 299 1000
24202009 300 1000
24214542 301 1000
24227243 302 1000
24242990 303 1000
24259666 304 1000
24281326 305 1000
24298550 306 1000
24310982 307 1000
24337272 308 1000
24351850 309 1000
24378352 310 1000
24404296 311 1000
24423340 312 1000
24451560 313 1000
24467203 314 1000
24492860 315 1000
24509121 316 1000
24521122 317 1000
24534648 318 1000
24547483 319 1000
24556910 320 1000
24564712 321 1000
24572188 322 1000
24583607 323 1000
24590289 324 1000
24603750 325 1000
24610452 326 1000
24630260 327 1000
24641610 328 1000
24651277 329 1000
24669049 330 1000
24686375 331 1000
24703939 332 1000
24731193 333 1000
24742235 334 1000
24774268 335 1000
24791073 336 1000
24802979 337 1000
24831140 338 1000
24850394 339 1000
24862385 340 1000
24884255 341 1000
24910569 342 1000
24932687 343 1000
24955436 344 1000
24969227 345 1000
24984475 346 1000
24996083 347 1000
25004786 348 1000
25011761 349 1000
25026978 350 1000
25041880 351 1000
25062220 352 1000
25074471 353 1000
25086818 354 1000
25099990 355 1000
25110654 356 1000
25129699 357 1000
25151691 358 1000
25160204 359 1000
25176898 360 1000
25194247 361 1000
25205605 362 1000
25230872 363 1000
25250100 364 1000
25259830 365 1000
25269910 366 1000
25277461 367 1000
25291847 368 1000
25311107 369 1000
25324423 370 1000
25338735 371 1000
25354705 372 1000
25379624 373 1000
25403853 374 1000
25446563 375 1000
25461556 376 1000
25480669 377 1000
25494372 378 1000
25513270 379 1000
25524848 380 1000
25541919 381 1000
25559406 382 1000
25563235 383 1000
25580011 384 1000
25607585 385 1000
25634128 386 1000
25645534 387 1000
25661287 388 1000
25690535 389 1000
25714451 390 1000
25743510 391 1000
25766850 392 1000
25783823 393 1000
25803537 394 1000
25817048 395 1000
25832184 396 1000
25840896 397 1000
25852887 398 1000
25857377 399 1000
25866525 400 1000
25876278 401 1000
25882770 402 1000
25893989 403 1000
25909172 404 1000
25916322 405 1000
25932789 406 1000
25949592 407 1000
25964619 408 1000
25983653 409 1000
26000572 410 1000
26017111 411 1000
26035098 412 1000
26062164 413 1000
26083968 414 1000
26107691 415 1000
26125981 416 1000
26140585 417 1000
26152636 418 1000
26177347 419 1000
26188408 420 1000
26204614 421 1000
26242068 422 1000
26267024 423 1000
26288550 424 1000
26319963 425 1000
26346156 426 1000
26366525 427 1000
26382798 428 1000
26395958 429 1000
26411404 430 1000
26421754 431 1000
26438613 432 1000
26452039 433 1000
26467804 434 1000
26484366 435 1000
26505705 436 1000
26532536 437 1000
26548829 438 1000
26558112 439 1000
26585307 440 1000
26597892 441 1000
26615894 442 1000
26632330 443 1000
26651875 444 1000
26663180 445 1000
26689761 446 1000
26708673 447 1000
26728328 448 1000
26744026 449 1000
26777696 450 1000
26802061 451 1000
26813754 452 1000
26830472 453 1000
26850607 454 1000
26877008 455 1000
26912456 456 1000
26938776 457 1000
26953564 458 1000
26978310 459 1000
27006216 460 1000
27029007 461 1000
27045335 462 1000
27067306 463 1000
27096027 464 1000
27110337 465 1000
27122298 466 1000
27149480 467 1000
27186780 468 1000
27212250 469 1000
27237576 470 1000
27266118 471 1000
27292968 472 1000
27341379 473 1000
27358387 474 1000
27381495 475 1000
27415920 476 1000
27437369 477 1000
27476722 478 1000
27514506 479 1000
27526136 480 1000
27549285 481 1000
27578519 482 1000
27610531 483 1000
27638937 484 1000
27650905 485 1000
27670615 486 1000
27682775 487 1000
27702416 488 1000
27736817 489 1000
27777072 490 1000
27793625 491 1000
27810602 492 1000
27833118 493 1000
27863187 494 1000
27920702 495 1000
27943990 496 1000
27959406 497 1000
27978905 498 1000
28000809 499 1000
28013745 500 1000
28026798 501 1000
28060087 502 1000
28075357 503 1000
28096517 504 1000
28115511 505 1000
28151788 506 1000
28184869 507 1000
28206341 508 1000
28231216 509 1000
28259342 510 1000
28290042 511 1000
28315753 512 1000
28357883 513 1000
28382965 514 1000
28400136 515 1000
28432639 516 1000
28448249 517 1000
28480918 518 1000
28518423 519 1000
28548178 520 1000
28572831 521 1000
28591486 522 1000
28617013 523 1000
28637550 524 1000
28651333 525 1000
28690433 526 1000
28722130 527 1000
28743399 528 1000
28755360 529 1000
28774831 530 1000
28794187 531 1000
28817581 532 1000
28833628 533 1000
28853416 534 1000
28871064 535 1000
28906939 536 1000
28935588 537 1000
28969658 538 1000
28999047 539 1000
29016498 540 1000
29027374 541 1000
29040604 542 1000
29059346 543 1000
29070236 544 1000
29080646 545 1000
29095005 546 1000
29104944 547 1000
29119749 548 1000
29134668 549 1000
29147071 550 1000
29162435 551 1000
29176853 552 1000
29199896 553 1000
29229792 554 1000
29240943 555 1000
29266375 556 1000
29283323 557 1000
29313041 558 1000
29331689 559 1000
29347921 560 1000
29367738 561 1000
29376965 562 1000
29396420 563 1000
29413228 564 1000
29428827 565 1000
29453528 566 1000
29468987 567 1000
29487405 568 1000
29504171 569 1000
29515548 570 1000
29533467 571 1000
29551943 572 1000
29570214 573 1000
29589010 574 1000
29612952 575 1000
29630640 576 1000
29644750 577 1000
29659852 578 1000
29678960 579 1000
29702205 580 1000
29733358 581 1000
29746897 582 1000
29778425 583 1000
29795531 584 1000
29814318 585 1000
29860497 586 1000
29905803 587 1000
29926067 588 1000
29946677 589 1000
29962251 590 1000
29975951 591 1000
29992242 592 1000
30004096 593 1000
30016432 594 1000
30047477 595 1000
30066365 596 1000
30092240 597 1000
30100800 598 1000
30123655 599 1000
30158710 600 1000
30177086 601 1000
30191359 602 1000
30210857 603 1000
30245900 604 1000
30275280 605 1000
30310336 606 1000
30355426 607 1000
30392445 608 1000
30426198 609 1000
30452318 610 1000
30476412 611 1000
30484510 612 1000
30507390 613 1000
30524598 614 1000
30562621 615 1000
30599810 616 1000
30623952 617 1000
30667240 618 1000
30715426 619 1000
30748381 620 1000
30779257 621 1000
30803863 622 1000
30854295 623 1000
30881158 624 1000
30912864 625 1000
30936712 626 1000
30972164 627 1000
30998724 628 1000
31050582 629 1000
31075682 630 1000
31107835 631 1000
31120329 632 1000
31139753 633 1000
31153802 634 1000
31159303 635 1000
31170795 636 1000
31195420 637 1000
31231306 638 1000
31270241 639 1000
31316031 640 1000
31356031 641 1000
31371207 642 1000
31390939 643 1000
31413141 644 1000
31441333 645 1000
31462423 646 1000
31486906 647 1000
31512251 648 1000
31545223 649 1000
31595602 650 1000
31644343 651 1000
31672512 652 1000
31714646 653 1000
31769481 654 1000
31827786 655 1000
31877870 656 1000
31934808 657 1000
31972387 658 1000
31991371 659 1000
32020283 660 1000
32047533 661 1000
32139571 662 1000
32224754 663 1000
32287503 664 1000
32300013 665 1000
32343395 666 1000
32420965 667 1000
32456186 668 1000
32503430 669 1000
32529019 670 1000
32595402 671 1000
32635506 672 1000
32684534 673 1000
32740132 674 1000
32822800 675 1000
32923703 676 1000
32962696 677 1000
32991752 678 1000
33015867 679 1000
33048786 680 1000
33070566 681 1000
33101321 682 1000
33115914 683 1000
33162643 684 1000
33180996 685 1000
33207296 686 1000
33247826 687 1000
33302741 688 1000
33349290 689 1000
33425155 690 1000
33597129 691 1000
33664049 692 1000
33694604 693 1000
33722910 694 1000
33780023 695 1000
33822580 696 1000
33846821 697 1000
33904338 698 1000
33958300 699 1000
34016139 700 1000
34061723 701 1000
34105420 702 1000
34163185 703 1000
34189867 704 1000
34219706 705 1000
34247363 706 1000
34268560 707 1000
34317739 708 1000
34360320 709 1000
34375192 710 1000
34395165 711 1000
34456848 712 1000
34480129 713 1000
34513627 714 1000
34529434 715 1000
34568242 716 1000
34626284 717 1000
34650174 718 1000
34675642 719 1000
34693816 720 1000
34720363 721 1000
34744252 722 1000
34790137 723 1000
34826347 724 1000
34866421 725 1000
34883291 726 1000
34909244 727 1000
34925918 728 1000
34946991 729 1000
34969422 730 1000
34984030 731 1000
35012987 732 1000
35056777 733 1000
35129312 734 1000
35194507 735 1000
35247315 736 1000
35280903 737 1000
35324503 738 1000
35354246 739 1000
35402582 740 1000
35424535 741 1000
35450763 742 1000
35482094 743 1000
35513444 744 1000
35623764 745 1000
35726022 746 1000
35858826 747 1000
35889613 748 1000
35945896 749 1000
36089920 750 1000
36236491 751 1000
36275284 752 1000
36310474 753 1000
36373201 754 1000
36501059 755 1000
36530319 756 1000
36565932 757 1000
36614924 758 1000
36658040 759 1000
36706238 760 1000
36737201 761 1000
36764916 762 1000
36799054 763 1000
36831149 764 1000
36857021 765 1000
36884853 766 1000
36909237 767 1000
36945449 768 1000
36968332 769 1000
36989817 770 1000
37023420 771 1000
37065610 772 1000
37175695 773 1000
37216428 774 1000
37311903 775 1000
37351506 776 1000
37425440 777 1000
37488330 778 1000
37532886 779 1000
37578461 780 1000
37654105 781 1000
37716851 782 1000
37965166 783 1000
38010751 784 1000
38101933 785 1000
38163571 786 1000
38191353 787 1000
38250146 788 1000
38320819 789 1000
38341033 790 1000
38377215 791 1000
38412565 792 1000
38454145 793 1000
38501290 794 1000
38538575 795 1000
38580687 796 1000
38640956 797 1000
38678952 798 1000
38717970 799 1000
38766090 800 1000
38805801 801 1000
38839348 802 1000
38908140 803 1000
38968401 804 1000
39000514 805 1000
39022449 806 1000
39088294 807 1000
39134225 808 1000
39162484 809 1000
39194343 810 1000
39208057 811 1000
39233407 812 1000
39269017 813 1000
39293118 814 1000
39314464 815 1000
39358573 816 1000
39421493 817 1000
39466452 818 1000
39495096 819 1000
39519244 820 1000
39544117 821 1000
39563485 822 1000
39581121 823 1000
39593388 824 1000
39606673 825 1000
39640351 826 1000
39658828 827 1000
39690394 828 1000
39699501 829 1000
39718058 830 1000
39723959 831 1000
39738938 832 1000
39746703 833 1000
39761193 834 1000
39769215 835 1000
39781240 836 1000
39789946 837 1000
39796309 838 1000
39806637 839 1000
39815068 840 1000
39824544 841 1000
39833626 842 1000
39844131 843 1000
39851949 844 1000
39861325 845 1000
39872396 846 1000
39885235 847 1000
39891462 848 1000
39898216 849 1000
39906386 850 1000
39913199 851 1000
39917722 852 1000
39923646 853 1000
39932544 854 1000
39941122 855 1000
39954955 856 1000
39957993 857 1000
39963845 858 1000
39971303 859 1000
39975845 860 1000
39979836 861 1000
39984967 862 1000
39991903 863 1000
39999328 864 1000
40007101 865 1000
40014014 866 1000
40021478 867 1000
40026386 868 1000
40034045 869 1000
40039503 870 1000
40043608 871 1000
40051028 872 1000
40057264 873 1000
40062360 874 1000
40068224 875 1000
40072966 876 1000
40083446 877 1000
40088730 878 1000
40094285 879 1000
40100090 880 1000
40106943 881 1000
40111602 882 1000
40121577 883 1000
40132253 884 1000
40136830 885 1000
40145498 886 1000
40152434 887 1000
40164296 888 1000
40169724 889 1000
40176554 890 1000
40184520 891 1000
40190572 892 1000
40198282 893 1000
40214637 894 1000
40223947 895 1000
40240854 896 1000
40252286 897 1000
40271902 898 1000
40290181 899 1000
40303497 900 1000
40324268 901 1000
40344978 902 1000
40365964 903 1000
40378192 904 1000
40398484 905 1000
40415062 906 1000
40432707 907 1000
40454458 908 1000
40480653 909 1000
40509621 910 1000
40530801 911 1000
40541368 912 1000
40584644 913 1000
40613496 914 1000
40656531 915 1000
40742197 916 1000
40782746 917 1000
40822461 918 1000
40911813 919 1000
40952004 920 1000
40992664 921 1000
41031453 922 1000
41064668 923 1000
41096201 924 1000
41129124 925 1000
41159219 926 1000
41207608 927 1000
41247709 928 1000
41332744 929 1000
41373823 930 1000
41469490 931 1000
41595482 932 1000
41658230 933 1000
41694618 934 1000
41717787 935 1000
41766385 936 1000
41806049 937 1000
41865889 938 1000
41987141 939 1000
42134286 940 1000
42248045 941 1000
42425020 942 1000
42723521 943 1000
42983340 944 1000
43061418 945 1000
43129660 946 1000
43215090 947 1000
43273079 948 1000
43369808 949 1000
43521106 950 1000
44011642 951 1000
44289974 952 1000
44444711 953 1000
44638698 954 1000
44692409 955 1000
44753150 956 1000
44785850 957 1000
44838226 958 1000
44939433 959 1000
45030311 960 1000
45092099 961 1000
45142320 962 1000
45285969 963 1000
45345489 964 1000
45442026 965 1000
45512092 966 1000
45639888 967 1000
45805548 968 1000
46027954 969 1000
48024724 970 1000
48104108 971 1000
50251207 972 1000
52636921 973 1000
54202400 974 1000
54410570 975 1000
54793052 976 1000
56728144 977 1000
61725547 978 1000
67905038 979 1000
71250315 980 1000
72327905 981 1000
77943158 982 1000
81207079 983 1000
81313678 984 1000
82432502 985 1000
89295632 986 1000
94423522 987 1000
95686995 988 1000
98631250 989 1000
107129626 990 1000
109915096 991 1000
110213707 992 1000
113206097 993 1000
114207987 994 1000
115261773 995 1000
115349674 996 1000
117494409 997 1000
117807977 998 1000
120988446 999 1000
