# load avg(tp, lat, bwr, bww, cpu, tps, brps, bwps), sd(...), ci(...)
10 10 712.029854078 70.6163751669 3010595.36866 2084313.30012 2.79044811321 250.238849057 0.0 2089.18288679 10 0.0 0.0 0.0 0.0 0.0 0.0 0.0 0.0 10 0.0 0.0 0.0 0.0 0.0 0.0 0.0 0.0 
20 20 3550.57896766 40.7241577715 13555119.5326 8964995.64299 6.76485849057 557.653339623 0.0 6933.12560377 20 0.0 0.0 0.0 0.0 0.0 0.0 0.0 0.0 20 0.0 0.0 0.0 0.0 0.0 0.0 0.0 0.0 
30 30 3959.36058469 56.113017082 15425179.2224 10318355.8763 7.68594339623 655.012754717 0.0 8225.09683019 30 0.0 0.0 0.0 0.0 0.0 0.0 0.0 0.0 30 0.0 0.0 0.0 0.0 0.0 0.0 0.0 0.0 
40 40 6297.96261706 42.6640069499 25339194.1503 17198102.2327 11.8912971698 1133.11675472 0.0 14292.4126226 40 0.0 0.0 0.0 0.0 0.0 0.0 0.0 0.0 40 0.0 0.0 0.0 0.0 0.0 0.0 0.0 0.0 
50 50 6656.34981545 53.4652670905 26371208.7634 17790956.1121 12.1571226415 1157.51171698 0.0 14560.0016038 50 0.0 0.0 0.0 0.0 0.0 0.0 0.0 0.0 50 0.0 0.0 0.0 0.0 0.0 0.0 0.0 0.0 
60 60 7452.3185067 51.5188751536 30346996.2936 20521534.9406 13.3412755102 1316.69718 0.0 16705.26948 60 0.0 0.0 0.0 0.0 0.0 0.0 0.0 0.0 60 0.0 0.0 0.0 0.0 0.0 0.0 0.0 0.0 
70 70 7577.94662674 60.3334452759 30613285.5073 20701577.4189 13.3197959184 1333.61532408 0.0 16868.8140024 70 0.0 0.0 0.0 0.0 0.0 0.0 0.0 0.0 70 0.0 0.0 0.0 0.0 0.0 0.0 0.0 0.0 
80 80 7834.94766899 62.7914473907 31915155.2458 21616031.3653 13.6461479592 1381.78935592 0.0 17583.3603951 80 0.0 0.0 0.0 0.0 0.0 0.0 0.0 0.0 80 0.0 0.0 0.0 0.0 0.0 0.0 0.0 0.0 
90 90 7884.72373176 68.1580694763 31694942.931 21438333.2701 14.0800412736 1368.50213208 0.0 17355.8750566 90 0.0 0.0 0.0 0.0 0.0 0.0 0.0 0.0 90 0.0 0.0 0.0 0.0 0.0 0.0 0.0 0.0 
100 100 7945.70521443 72.7359722458 32326108.073 21889132.2912 13.6508418367 1396.85444286 0.0 17789.3732143 100 0.0 0.0 0.0 0.0 0.0 0.0 0.0 0.0 100 0.0 0.0 0.0 0.0 0.0 0.0 0.0 0.0 
110 110 7930.05674915 79.5387304515 32236162.9412 21798671.8346 13.7339285714 1399.98289796 0.0 17781.7600816 110 0.0 0.0 0.0 0.0 0.0 0.0 0.0 0.0 110 0.0 0.0 0.0 0.0 0.0 0.0 0.0 0.0 
120 120 8015.35780868 84.1091454702 32395307.2613 21907045.8422 13.7330867347 1407.6852449 0.0 17919.0272041 120 0.0 0.0 0.0 0.0 0.0 0.0 0.0 0.0 120 0.0 0.0 0.0 0.0 0.0 0.0 0.0 0.0 
