15550402 0 1000
15886590 1 1000
16604480 2 1000
16804587 3 1000
17196573 4 1000
17214576 5 1000
17251183 6 1000
17278378 7 1000
17416486 8 1000
17542168 9 1000
17572509 10 1000
17672729 11 1000
17702452 12 1000
17749171 13 1000
17804722 14 1000
17831691 15 1000
17852221 16 1000
17935203 17 1000
17982166 18 1000
18019558 19 1000
18040681 20 1000
18065436 21 1000
18113265 22 1000
18143383 23 1000
18206662 24 1000
18220626 25 1000
18237618 26 1000
18250670 27 1000
18271934 28 1000
18288803 29 1000
18324369 30 1000
18337071 31 1000
18357377 32 1000
18397348 33 1000
18468061 34 1000
18478969 35 1000
18511081 36 1000
18517186 37 1000
18524159 38 1000
18529734 39 1000
18545921 40 1000
18579055 41 1000
18613162 42 1000
18636155 43 1000
18661476 44 1000
18674708 45 1000
18689300 46 1000
18718840 47 1000
18814536 48 1000
18841492 49 1000
18873400 50 1000
18903250 51 1000
18929187 52 1000
18953151 53 1000
18963859 54 1000
19018530 55 1000
19029499 56 1000
19057997 57 1000
19082660 58 1000
19105201 59 1000
19133822 60 1000
19197278 61 1000
19241623 62 1000
19262168 63 1000
19278211 64 1000
19290435 65 1000
19301569 66 1000
19307586 67 1000
19358981 68 1000
19404460 69 1000
19424019 70 1000
19460003 71 1000
19469959 72 1000
19501522 73 1000
19504294 74 1000
19534801 75 1000
19542619 76 1000
19551373 77 1000
19564746 78 1000
19570064 79 1000
19607436 80 1000
19638134 81 1000
19700476 82 1000
19716472 83 1000
19725043 84 1000
19736059 85 1000
19767412 86 1000
19776525 87 1000
19783729 88 1000
19796530 89 1000
19805617 90 1000
19819848 91 1000
19824094 92 1000
19838248 93 1000
19851524 94 1000
19857885 95 1000
19877198 96 1000
19895078 97 1000
19905652 98 1000
19922115 99 1000
19937145 100 1000
19962741 101 1000
19980121 102 1000
20000984 103 1000
20015898 104 1000
20030478 105 1000
20034264 106 1000
20055206 107 1000
20073602 108 1000
20107409 109 1000
20126277 110 1000
20132608 111 1000
20146902 112 1000
20170367 113 1000
20181526 114 1000
20196978 115 1000
20208350 116 1000
20217024 117 1000
20223454 118 1000
20240251 119 1000
20265390 120 1000
20277024 121 1000
20322982 122 1000
20340886 123 1000
20359446 124 1000
20364446 125 1000
20375072 126 1000
20393092 127 1000
20414230 128 1000
20434151 129 1000
20455201 130 1000
20473369 131 1000
20504208 132 1000
20510531 133 1000
20524331 134 1000
20542977 135 1000
20552759 136 1000
20557367 137 1000
20566035 138 1000
20573070 139 1000
20579823 140 1000
20589382 141 1000
20601466 142 1000
20614252 143 1000
20621936 144 1000
20640495 145 1000
20659000 146 1000
20665512 147 1000
20670511 148 1000
20682330 149 1000
20693740 150 1000
20701016 151 1000
20711151 152 1000
20725377 153 1000
20733494 154 1000
20751238 155 1000
20764418 156 1000
20769177 157 1000
20778487 158 1000
20794053 159 1000
20802165 160 1000
20808079 161 1000
20818402 162 1000
20834586 163 1000
20840457 164 1000
20858827 165 1000
20866827 166 1000
20881038 167 1000
20889602 168 1000
20904824 169 1000
20929571 170 1000
20954778 171 1000
20959238 172 1000
20989266 173 1000
21026627 174 1000
21038933 175 1000
21058680 176 1000
21067855 177 1000
21071029 178 1000
21084035 179 1000
21105548 180 1000
21124444 181 1000
21138942 182 1000
21148291 183 1000
21160262 184 1000
21169937 185 1000
21184591 186 1000
21227394 187 1000
21241674 188 1000
21253599 189 1000
21266301 190 1000
21278965 191 1000
21293477 192 1000
21308116 193 1000
21312082 194 1000
21330370 195 1000
21338506 196 1000
21352339 197 1000
21359891 198 1000
21363105 199 1000
21369956 200 1000
21374760 201 1000
21382741 202 1000
21394733 203 1000
21397363 204 1000
21408425 205 1000
21409443 206 1000
21429127 207 1000
21449060 208 1000
21460183 209 1000
21476703 210 1000
21495501 211 1000
21499210 212 1000
21512170 213 1000
21518723 214 1000
21531628 215 1000
21544046 216 1000
21557835 217 1000
21566769 218 1000
21579482 219 1000
21594356 220 1000
21607617 221 1000
21617060 222 1000
21620582 223 1000
21629512 224 1000
21641220 225 1000
21649406 226 1000
21660410 227 1000
21665152 228 1000
21679027 229 1000
21683062 230 1000
21692582 231 1000
21700024 232 1000
21708040 233 1000
21715132 234 1000
21724635 235 1000
21740138 236 1000
21759373 237 1000
21768620 238 1000
21773396 239 1000
21782083 240 1000
21792440 241 1000
21796008 242 1000
21799407 243 1000
21805249 244 1000
21818250 245 1000
21835371 246 1000
21846700 247 1000
21861005 248 1000
21873260 249 1000
21879863 250 1000
21889835 251 1000
21904221 252 1000
21930613 253 1000
21948598 254 1000
21952021 255 1000
21965204 256 1000
21989120 257 1000
22009014 258 1000
22015979 259 1000
22037293 260 1000
22051737 261 1000
22059288 262 1000
22076266 263 1000
22085588 264 1000
22091530 265 1000
22108927 266 1000
22111429 267 1000
22123360 268 1000
22130380 269 1000
22139091 270 1000
22149990 271 1000
22160333 272 1000
22168976 273 1000
22178700 274 1000
22183569 275 1000
22206621 276 1000
22214795 277 1000
22221622 278 1000
22227803 279 1000
22253539 280 1000
22271488 281 1000
22284445 282 1000
22295879 283 1000
22316859 284 1000
22323846 285 1000
22328115 286 1000
22339427 287 1000
22351461 288 1000
22370194 289 1000
22386261 290 1000
22405315 291 1000
22411864 292 1000
22426978 293 1000
22443492 294 1000
22448719 295 1000
22457865 296 1000
22463554 297 1000
22480022 298 1000
22489355 299 1000
22492302 300 1000
22506912 301 1000
22513488 302 1000
22522083 303 1000
22542071 304 1000
22554013 305 1000
22560682 306 1000
22564601 307 1000
22573823 308 1000
22583864 309 1000
22595765 310 1000
22604666 311 1000
22614586 312 1000
22627898 313 1000
22639624 314 1000
22656670 315 1000
22676521 316 1000
22689213 317 1000
22693855 318 1000
22705105 319 1000
22712481 320 1000
22723285 321 1000
22728932 322 1000
22748841 323 1000
22758373 324 1000
22768201 325 1000
22783554 326 1000
22797898 327 1000
22808705 328 1000
22829699 329 1000
22846953 330 1000
22863073 331 1000
22867768 332 1000
22872088 333 1000
22882424 334 1000
22894836 335 1000
22904344 336 1000
22908115 337 1000
22920923 338 1000
22942821 339 1000
22948306 340 1000
22956939 341 1000
22967954 342 1000
22974718 343 1000
22979555 344 1000
22995268 345 1000
23016585 346 1000
23027918 347 1000
23032990 348 1000
23041613 349 1000
23051247 350 1000
23059525 351 1000
23067664 352 1000
23074511 353 1000
23085070 354 1000
23088538 355 1000
23104121 356 1000
23109880 357 1000
23116169 358 1000
23123179 359 1000
23131227 360 1000
23140304 361 1000
23154671 362 1000
23171759 363 1000
23187958 364 1000
23198835 365 1000
23218257 366 1000
23235834 367 1000
23246749 368 1000
23265705 369 1000
23276195 370 1000
23291583 371 1000
23297641 372 1000
23306787 373 1000
23323677 374 1000
23338252 375 1000
23350300 376 1000
23362799 377 1000
23377676 378 1000
23388984 379 1000
23404620 380 1000
23418350 381 1000
23435531 382 1000
23453816 383 1000
23473616 384 1000
23489667 385 1000
23512805 386 1000
23527538 387 1000
23535529 388 1000
23540817 389 1000
23552226 390 1000
23574280 391 1000
23587536 392 1000
23598247 393 1000
23605692 394 1000
23619479 395 1000
23639884 396 1000
23659040 397 1000
23675254 398 1000
23693018 399 1000
23697934 400 1000
23705300 401 1000
23723492 402 1000
23731495 403 1000
23744294 404 1000
23750166 405 1000
23771431 406 1000
23781536 407 1000
23785932 408 1000
23804414 409 1000
23809149 410 1000
23813545 411 1000
23829262 412 1000
23839034 413 1000
23853737 414 1000
23877829 415 1000
23882852 416 1000
23898547 417 1000
23909530 418 1000
23916111 419 1000
23931576 420 1000
23939109 421 1000
23941490 422 1000
23947980 423 1000
23956787 424 1000
23962485 425 1000
23974901 426 1000
23981292 427 1000
23992266 428 1000
23999370 429 1000
24004222 430 1000
24018160 431 1000
24025957 432 1000
24028996 433 1000
24039860 434 1000
24044041 435 1000
24062618 436 1000
24066785 437 1000
24071831 438 1000
24078358 439 1000
24087117 440 1000
24092171 441 1000
24103235 442 1000
24114042 443 1000
24119662 444 1000
24134001 445 1000
24145407 446 1000
24148274 447 1000
24159933 448 1000
24172972 449 1000
24182137 450 1000
24198992 451 1000
24205496 452 1000
24214880 453 1000
24251455 454 1000
24271748 455 1000
24278006 456 1000
24287425 457 1000
24295287 458 1000
24303739 459 1000
24312709 460 1000
24316721 461 1000
24321330 462 1000
24333107 463 1000
24339819 464 1000
24350490 465 1000
24361398 466 1000
24374739 467 1000
24382757 468 1000
24391165 469 1000
24399937 470 1000
24405598 471 1000
24409808 472 1000
24421191 473 1000
24430912 474 1000
24436597 475 1000
24442601 476 1000
24449297 477 1000
24453544 478 1000
24465911 479 1000
24477200 480 1000
24486844 481 1000
24495695 482 1000
24502754 483 1000
24513739 484 1000
24552301 485 1000
24563338 486 1000
24571025 487 1000
24582060 488 1000
24588246 489 1000
24595214 490 1000
24599530 491 1000
24612830 492 1000
24616361 493 1000
24622860 494 1000
24629124 495 1000
24638850 496 1000
24641400 497 1000
24646194 498 1000
24650034 499 1000
24659309 500 1000
24671741 501 1000
24677464 502 1000
24701333 503 1000
24707204 504 1000
24715213 505 1000
24720165 506 1000
24738365 507 1000
24743520 508 1000
24755532 509 1000
24764300 510 1000
24769122 511 1000
24781491 512 1000
24792708 513 1000
24798482 514 1000
24802466 515 1000
24812358 516 1000
24822604 517 1000
24831462 518 1000
24846972 519 1000
24859166 520 1000
24866158 521 1000
24877009 522 1000
24882668 523 1000
24886914 524 1000
24898048 525 1000
24914137 526 1000
24929808 527 1000
24936669 528 1000
24945151 529 1000
24950236 530 1000
24954343 531 1000
24968633 532 1000
24983406 533 1000
24999681 534 1000
25021061 535 1000
25029260 536 1000
25037035 537 1000
25056085 538 1000
25065597 539 1000
25088069 540 1000
25094192 541 1000
25102250 542 1000
25122428 543 1000
25130235 544 1000
25139095 545 1000
25157886 546 1000
25163277 547 1000
25175617 548 1000
25191195 549 1000
25202820 550 1000
25229084 551 1000
25240521 552 1000
25245288 553 1000
25253346 554 1000
25270312 555 1000
25277360 556 1000
25287701 557 1000
25292506 558 1000
25296035 559 1000
25308148 560 1000
25318057 561 1000
25334915 562 1000
25348005 563 1000
25356842 564 1000
25362260 565 1000
25368166 566 1000
25372533 567 1000
25379598 568 1000
25387155 569 1000
25392742 570 1000
25402468 571 1000
25408558 572 1000
25420392 573 1000
25425700 574 1000
25437265 575 1000
25446592 576 1000
25454703 577 1000
25457637 578 1000
25471190 579 1000
25478049 580 1000
25494860 581 1000
25499033 582 1000
25504017 583 1000
25511499 584 1000
25517909 585 1000
25521792 586 1000
25533293 587 1000
25543980 588 1000
25561781 589 1000
25577588 590 1000
25585396 591 1000
25602392 592 1000
25608427 593 1000
25618498 594 1000
25628849 595 1000
25636194 596 1000
25651669 597 1000
25663661 598 1000
25674226 599 1000
25686807 600 1000
25694301 601 1000
25701137 602 1000
25705791 603 1000
25716924 604 1000
25726832 605 1000
25731774 606 1000
25737721 607 1000
25753538 608 1000
25762821 609 1000
25772799 610 1000
25778948 611 1000
25785831 612 1000
25788291 613 1000
25799434 614 1000
25816250 615 1000
25823558 616 1000
25831350 617 1000
25850737 618 1000
25861435 619 1000
25875968 620 1000
25890686 621 1000
25893569 622 1000
25896233 623 1000
25901605 624 1000
25921486 625 1000
25932376 626 1000
25946130 627 1000
25949078 628 1000
25958018 629 1000
25979834 630 1000
25989467 631 1000
25998844 632 1000
26007667 633 1000
26025044 634 1000
26029251 635 1000
26036402 636 1000
26045507 637 1000
26055276 638 1000
26067582 639 1000
26079491 640 1000
26084730 641 1000
26087655 642 1000
26094120 643 1000
26101284 644 1000
26104759 645 1000
26116725 646 1000
26120387 647 1000
26126720 648 1000
26135860 649 1000
26151534 650 1000
26159651 651 1000
26172678 652 1000
26177562 653 1000
26189848 654 1000
26205725 655 1000
26225547 656 1000
26236016 657 1000
26253629 658 1000
26268922 659 1000
26295814 660 1000
26300325 661 1000
26310297 662 1000
26334501 663 1000
26349922 664 1000
26377426 665 1000
26391725 666 1000
26407477 667 1000
26422157 668 1000
26432453 669 1000
26448654 670 1000
26462000 671 1000
26477661 672 1000
26484034 673 1000
26506147 674 1000
26544599 675 1000
26568723 676 1000
26577970 677 1000
26590164 678 1000
26600004 679 1000
26605238 680 1000
26623719 681 1000
26648409 682 1000
26660356 683 1000
26664985 684 1000
26675777 685 1000
26688677 686 1000
26699330 687 1000
26712964 688 1000
26737368 689 1000
26765246 690 1000
26769564 691 1000
26782121 692 1000
26795287 693 1000
26807287 694 1000
26824378 695 1000
26832409 696 1000
26845256 697 1000
26857124 698 1000
26864778 699 1000
26875053 700 1000
26885381 701 1000
26891294 702 1000
26913873 703 1000
26925229 704 1000
26931042 705 1000
26937337 706 1000
26943908 707 1000
26957440 708 1000
26967728 709 1000
26970480 710 1000
26980811 711 1000
26995359 712 1000
27004090 713 1000
27028385 714 1000
27035185 715 1000
27045264 716 1000
27051982 717 1000
27070444 718 1000
27084786 719 1000
27091609 720 1000
27097142 721 1000
27106009 722 1000
27117873 723 1000
27137098 724 1000
27138915 725 1000
27156109 726 1000
27169349 727 1000
27182634 728 1000
27191096 729 1000
27200480 730 1000
27208230 731 1000
27233606 732 1000
27259399 733 1000
27266421 734 1000
27273240 735 1000
27284419 736 1000
27296046 737 1000
27307688 738 1000
27329075 739 1000
27335246 740 1000
27338637 741 1000
27345422 742 1000
27349959 743 1000
27353338 744 1000
27362682 745 1000
27369682 746 1000
27387521 747 1000
27396940 748 1000
27417215 749 1000
27439861 750 1000
27444162 751 1000
27452403 752 1000
27460905 753 1000
27470780 754 1000
27489547 755 1000
27498527 756 1000
27519404 757 1000
27530579 758 1000
27541183 759 1000
27545824 760 1000
27559681 761 1000
27575012 762 1000
27602698 763 1000
27614313 764 1000
27631439 765 1000
27643014 766 1000
27659621 767 1000
27668010 768 1000
27676406 769 1000
27693903 770 1000
27704827 771 1000
27714089 772 1000
27730684 773 1000
27761209 774 1000
27784836 775 1000
27820444 776 1000
27829197 777 1000
27838401 778 1000
27864139 779 1000
27880618 780 1000
27892552 781 1000
27897799 782 1000
27913779 783 1000
27924882 784 1000
27961488 785 1000
27990626 786 1000
27995411 787 1000
28018253 788 1000
28034173 789 1000
28046566 790 1000
28057480 791 1000
28073911 792 1000
28089487 793 1000
28111487 794 1000
28120350 795 1000
28136276 796 1000
28159321 797 1000
28189720 798 1000
28214293 799 1000
28236884 800 1000
28254326 801 1000
28267403 802 1000
28291951 803 1000
28310042 804 1000
28319405 805 1000
28327243 806 1000
28351078 807 1000
28393088 808 1000
28399569 809 1000
28405144 810 1000
28416736 811 1000
28440715 812 1000
28451156 813 1000
28474975 814 1000
28477557 815 1000
28488263 816 1000
28509518 817 1000
28522800 818 1000
28537463 819 1000
28550705 820 1000
28558400 821 1000
28574777 822 1000
28581365 823 1000
28583855 824 1000
28594115 825 1000
28603457 826 1000
28623744 827 1000
28636858 828 1000
28670691 829 1000
28690897 830 1000
28716632 831 1000
28729351 832 1000
28743709 833 1000
28748008 834 1000
28757733 835 1000
28766039 836 1000
28780522 837 1000
28788055 838 1000
28819759 839 1000
28840991 840 1000
28857534 841 1000
28877269 842 1000
28901407 843 1000
28904352 844 1000
28923358 845 1000
28934433 846 1000
28952468 847 1000
28971506 848 1000
28999684 849 1000
29006984 850 1000
29020565 851 1000
29039064 852 1000
29051799 853 1000
29072767 854 1000
29090181 855 1000
29098709 856 1000
29124199 857 1000
29131475 858 1000
29144784 859 1000
29155361 860 1000
29177663 861 1000
29192864 862 1000
29203114 863 1000
29229117 864 1000
29239690 865 1000
29250702 866 1000
29278328 867 1000
29285967 868 1000
29292601 869 1000
29308363 870 1000
29345343 871 1000
29348813 872 1000
29382538 873 1000
29407313 874 1000
29432408 875 1000
29441577 876 1000
29452480 877 1000
29467618 878 1000
29473618 879 1000
29498236 880 1000
29507506 881 1000
29524177 882 1000
29541327 883 1000
29570916 884 1000
29577299 885 1000
29590717 886 1000
29600964 887 1000
29623996 888 1000
29628922 889 1000
29644216 890 1000
29654964 891 1000
29666268 892 1000
29680299 893 1000
29696108 894 1000
29709259 895 1000
29721967 896 1000
29729967 897 1000
29733955 898 1000
29754109 899 1000
29767676 900 1000
29781472 901 1000
29786468 902 1000
29796328 903 1000
29806808 904 1000
29823913 905 1000
29844644 906 1000
29856090 907 1000
29868227 908 1000
29903177 909 1000
29917509 910 1000
29945220 911 1000
29955490 912 1000
29964547 913 1000
29989037 914 1000
30003823 915 1000
30036546 916 1000
30053723 917 1000
30073050 918 1000
30075466 919 1000
30102476 920 1000
30112283 921 1000
30130056 922 1000
30138877 923 1000
30146574 924 1000
30151337 925 1000
30184119 926 1000
30199122 927 1000
30267045 928 1000
30306647 929 1000
30339009 930 1000
30363112 931 1000
30395544 932 1000
30425069 933 1000
30432621 934 1000
30457703 935 1000
30478304 936 1000
30500464 937 1000
30520079 938 1000
30534361 939 1000
30558239 940 1000
30579323 941 1000
30596197 942 1000
30632935 943 1000
30647843 944 1000
30671072 945 1000
30702115 946 1000
30741939 947 1000
30753262 948 1000
30759154 949 1000
30776114 950 1000
30801662 951 1000
30818565 952 1000
30850028 953 1000
30930160 954 1000
30965414 955 1000
31007004 956 1000
31025511 957 1000
31043608 958 1000
31065847 959 1000
31093442 960 1000
31124017 961 1000
31134357 962 1000
31169487 963 1000
31192902 964 1000
31207062 965 1000
31224331 966 1000
31238899 967 1000
31248521 968 1000
31257215 969 1000
31282600 970 1000
31299276 971 1000
31311585 972 1000
31365010 973 1000
31393723 974 1000
31418026 975 1000
31434495 976 1000
31458304 977 1000
31489461 978 1000
31528115 979 1000
31555767 980 1000
31573074 981 1000
31580010 982 1000
31612077 983 1000
31626695 984 1000
31661620 985 1000
31694926 986 1000
31725365 987 1000
31761530 988 1000
31784037 989 1000
31794552 990 1000
31831417 991 1000
31850096 992 1000
31883070 993 1000
31918119 994 1000
31961362 995 1000
32013072 996 1000
32036719 997 1000
32065519 998 1000
32078075 999 1000
