11267744 0 1000
12382359 1 1000
12505977 2 1000
12680578 3 1000
13120103 4 1000
13288262 5 1000
13815927 6 1000
14651170 7 1000
14743577 8 1000
14903197 9 1000
15005872 10 1000
15188290 11 1000
15355421 12 1000
15559718 13 1000
15613290 14 1000
15680689 15 1000
15740043 16 1000
15877046 17 1000
16027085 18 1000
16192709 19 1000
16294402 20 1000
16447293 21 1000
16567361 22 1000
16680978 23 1000
16793110 24 1000
16880082 25 1000
16999963 26 1000
17066644 27 1000
17135683 28 1000
17220288 29 1000
17293475 30 1000
17357316 31 1000
17421328 32 1000
17458773 33 1000
17525791 34 1000
17575677 35 1000
17720439 36 1000
17802624 37 1000
17897769 38 1000
17979346 39 1000
18038935 40 1000
18110695 41 1000
18181952 42 1000
18217752 43 1000
18250174 44 1000
18304180 45 1000
18426814 46 1000
18491833 47 1000
18529105 48 1000
18592066 49 1000
18632431 50 1000
18684045 51 1000
18723546 52 1000
18755398 53 1000
18780637 54 1000
18813574 55 1000
18841632 56 1000
18900487 57 1000
18957685 58 1000
19002829 59 1000
19046028 60 1000
19067806 61 1000
19111793 62 1000
19146759 63 1000
19185995 64 1000
19253781 65 1000
19321040 66 1000
19386503 67 1000
19411294 68 1000
19481153 69 1000
19510143 70 1000
19561200 71 1000
19596138 72 1000
19637944 73 1000
19667353 74 1000
19728003 75 1000
19770980 76 1000
19825444 77 1000
19865572 78 1000
19900778 79 1000
19964058 80 1000
20009981 81 1000
20060309 82 1000
20099113 83 1000
20147523 84 1000
20180339 85 1000
20206686 86 1000
20246005 87 1000
20288884 88 1000
20337818 89 1000
20375465 90 1000
20402709 91 1000
20443177 92 1000
20476465 93 1000
20510343 94 1000
20549382 95 1000
20581095 96 1000
20628903 97 1000
20676392 98 1000
20715297 99 1000
20750154 100 1000
20779494 101 1000
20810658 102 1000
20842479 103 1000
20876264 104 1000
20907809 105 1000
20936789 106 1000
20973476 107 1000
20999275 108 1000
21021608 109 1000
21051117 110 1000
21083167 111 1000
21112676 112 1000
21145332 113 1000
21166333 114 1000
21192816 115 1000
21213887 116 1000
21247427 117 1000
21271997 118 1000
21286494 119 1000
21317466 120 1000
21361171 121 1000
21394621 122 1000
21421454 123 1000
21435771 124 1000
21465533 125 1000
21492287 126 1000
21509262 127 1000
21530229 128 1000
21558620 129 1000
21575291 130 1000
21595773 131 1000
21614055 132 1000
21642105 133 1000
21666602 134 1000
21688109 135 1000
21705082 136 1000
21737169 137 1000
21780716 138 1000
21794745 139 1000
21818355 140 1000
21839241 141 1000
21859720 142 1000
21881865 143 1000
21908455 144 1000
21933296 145 1000
21946441 146 1000
21961740 147 1000
21990804 148 1000
22006445 149 1000
22031272 150 1000
22053852 151 1000
22070140 152 1000
22089538 153 1000
22103052 154 1000
22131719 155 1000
22166547 156 1000
22189318 157 1000
22227493 158 1000
22251963 159 1000
22268547 160 1000
22281688 161 1000
22308945 162 1000
22324483 163 1000
22361763 164 1000
22379102 165 1000
22402529 166 1000
22422467 167 1000
22436367 168 1000
22454575 169 1000
22473478 170 1000
22485835 171 1000
22506094 172 1000
22536587 173 1000
22562222 174 1000
22591332 175 1000
22616444 176 1000
22632342 177 1000
22653650 178 1000
22672087 179 1000
22686231 180 1000
22704671 181 1000
22716259 182 1000
22734212 183 1000
22746291 184 1000
22771325 185 1000
22791336 186 1000
22802493 187 1000
22815279 188 1000
22830005 189 1000
22842128 190 1000
22865045 191 1000
22908601 192 1000
22935842 193 1000
22962387 194 1000
22975360 195 1000
22991706 196 1000
23019740 197 1000
23041846 198 1000
23060418 199 1000
23082922 200 1000
23111102 201 1000
23132689 202 1000
23152244 203 1000
23179440 204 1000
23207478 205 1000
23220466 206 1000
23237612 207 1000
23258834 208 1000
23289749 209 1000
23314561 210 1000
23332204 211 1000
23354880 212 1000
23373641 213 1000
23398580 214 1000
23421258 215 1000
23441332 216 1000
23457413 217 1000
23472422 218 1000
23501967 219 1000
23519835 220 1000
23541196 221 1000
23582598 222 1000
23601655 223 1000
23633027 224 1000
23673284 225 1000
23701027 226 1000
23728880 227 1000
23769691 228 1000
23796175 229 1000
23828566 230 1000
23852008 231 1000
23879862 232 1000
23910548 233 1000
23939909 234 1000
23953275 235 1000
23966498 236 1000
23984402 237 1000
24003725 238 1000
24020183 239 1000
24039860 240 1000
24064679 241 1000
24088316 242 1000
24103610 243 1000
24141300 244 1000
24169248 245 1000
24202002 246 1000
24227107 247 1000
24237296 248 1000
24246833 249 1000
24262046 250 1000
24283150 251 1000
24295726 252 1000
24320023 253 1000
24344470 254 1000
24361154 255 1000
24380613 256 1000
24408749 257 1000
24420493 258 1000
24451739 259 1000
24473734 260 1000
24509509 261 1000
24546304 262 1000
24585117 263 1000
24606513 264 1000
24634555 265 1000
24653244 266 1000
24690301 267 1000
24741496 268 1000
24765890 269 1000
24793883 270 1000
24808918 271 1000
24837402 272 1000
24854018 273 1000
24872674 274 1000
24895539 275 1000
24915972 276 1000
24951692 277 1000
24989949 278 1000
25009293 279 1000
25040712 280 1000
25068575 281 1000
25086437 282 1000
25114510 283 1000
25159334 284 1000
25199291 285 1000
25225510 286 1000
25250714 287 1000
25273278 288 1000
25300588 289 1000
25322118 290 1000
25351418 291 1000
25366118 292 1000
25392776 293 1000
25419040 294 1000
25434630 295 1000
25460849 296 1000
25474126 297 1000
25487933 298 1000
25502176 299 1000
25524928 300 1000
25546147 301 1000
25567185 302 1000
25601600 303 1000
25637884 304 1000
25692660 305 1000
25733271 306 1000
25760696 307 1000
25785243 308 1000
25805950 309 1000
25815616 310 1000
25825462 311 1000
25839476 312 1000
25854812 313 1000
25879577 314 1000
25905758 315 1000
25925870 316 1000
25957399 317 1000
25988948 318 1000
26010721 319 1000
26039726 320 1000
26070917 321 1000
26088083 322 1000
26108632 323 1000
26122953 324 1000
26136427 325 1000
26150057 326 1000
26166607 327 1000
26185416 328 1000
26198719 329 1000
26215331 330 1000
26239721 331 1000
26257820 332 1000
26283240 333 1000
26298522 334 1000
26309178 335 1000
26330678 336 1000
26352911 337 1000
26383762 338 1000
26397693 339 1000
26414545 340 1000
26427252 341 1000
26446154 342 1000
26469751 343 1000
26490862 344 1000
26508578 345 1000
26540869 346 1000
26563049 347 1000
26594719 348 1000
26617196 349 1000
26644212 350 1000
26672242 351 1000
26691005 352 1000
26712248 353 1000
26752370 354 1000
26769386 355 1000
26793624 356 1000
26828780 357 1000
26849382 358 1000
26865432 359 1000
26874342 360 1000
26887110 361 1000
26907472 362 1000
26926481 363 1000
26946565 364 1000
26966714 365 1000
26992064 366 1000
27009129 367 1000
27029666 368 1000
27049936 369 1000
27078777 370 1000
27103507 371 1000
27120273 372 1000
27137469 373 1000
27155636 374 1000
27185789 375 1000
27197071 376 1000
27219250 377 1000
27236684 378 1000
27251828 379 1000
27280276 380 1000
27301870 381 1000
27322976 382 1000
27338282 383 1000
27359654 384 1000
27380222 385 1000
27402695 386 1000
27417858 387 1000
27443607 388 1000
27462437 389 1000
27494843 390 1000
27521220 391 1000
27571321 392 1000
27598710 393 1000
27639665 394 1000
27658985 395 1000
27684943 396 1000
27696572 397 1000
27712705 398 1000
27731289 399 1000
27746534 400 1000
27763415 401 1000
27787241 402 1000
27810522 403 1000
27844222 404 1000
27868006 405 1000
27897407 406 1000
27919787 407 1000
27935296 408 1000
27953774 409 1000
27988191 410 1000
28030980 411 1000
28044613 412 1000
28061265 413 1000
28091728 414 1000
28112562 415 1000
28141490 416 1000
28161789 417 1000
28180325 418 1000
28204744 419 1000
28234996 420 1000
28252116 421 1000
28281274 422 1000
28319737 423 1000
28352148 424 1000
28370267 425 1000
28385324 426 1000
28399903 427 1000
28427816 428 1000
28462299 429 1000
28481040 430 1000
28496090 431 1000
28526459 432 1000
28554218 433 1000
28585312 434 1000
28601539 435 1000
28623591 436 1000
28645166 437 1000
28666103 438 1000
28705602 439 1000
28739939 440 1000
28772647 441 1000
28835190 442 1000
28877666 443 1000
28924294 444 1000
28956597 445 1000
28997654 446 1000
29037425 447 1000
29069634 448 1000
29111402 449 1000
29138854 450 1000
29190128 451 1000
29211308 452 1000
29252441 453 1000
29290902 454 1000
29345473 455 1000
29376394 456 1000
29406807 457 1000
29450152 458 1000
29484291 459 1000
29521993 460 1000
29559327 461 1000
29600805 462 1000
29632265 463 1000
29682655 464 1000
29761250 465 1000
29816584 466 1000
29876936 467 1000
29912827 468 1000
29962192 469 1000
29997253 470 1000
30041024 471 1000
30088603 472 1000
30108719 473 1000
30148459 474 1000
30211077 475 1000
30283380 476 1000
30379368 477 1000
30427438 478 1000
30457013 479 1000
30501488 480 1000
30541007 481 1000
30567794 482 1000
30593845 483 1000
30633341 484 1000
30677136 485 1000
30706627 486 1000
30732504 487 1000
30809101 488 1000
30887242 489 1000
30924860 490 1000
30971405 491 1000
31051261 492 1000
31099130 493 1000
31141122 494 1000
31177879 495 1000
31227709 496 1000
31260434 497 1000
31329471 498 1000
31363592 499 1000
31403191 500 1000
31464071 501 1000
31507528 502 1000
31543806 503 1000
31582642 504 1000
31633212 505 1000
31703449 506 1000
31769011 507 1000
31796648 508 1000
31827615 509 1000
31859341 510 1000
31898403 511 1000
31977701 512 1000
32024402 513 1000
32070584 514 1000
32118055 515 1000
32160697 516 1000
32199151 517 1000
32257193 518 1000
32299995 519 1000
32337760 520 1000
32383486 521 1000
32417760 522 1000
32445317 523 1000
32500967 524 1000
32576356 525 1000
32613712 526 1000
32637160 527 1000
32686937 528 1000
32749808 529 1000
32825486 530 1000
32863735 531 1000
32890478 532 1000
32979126 533 1000
33004264 534 1000
33047345 535 1000
33090975 536 1000
33126589 537 1000
33185929 538 1000
33235917 539 1000
33283925 540 1000
33328281 541 1000
33437134 542 1000
33513977 543 1000
33596395 544 1000
33640671 545 1000
33681808 546 1000
33754598 547 1000
33818741 548 1000
33868139 549 1000
33933691 550 1000
34027090 551 1000
34066089 552 1000
34121352 553 1000
34153407 554 1000
34203633 555 1000
34247441 556 1000
34279788 557 1000
34356367 558 1000
34409623 559 1000
34461289 560 1000
34557869 561 1000
34616895 562 1000
34682472 563 1000
34752690 564 1000
34811950 565 1000
34862425 566 1000
34924290 567 1000
34992210 568 1000
35040690 569 1000
35118191 570 1000
35159796 571 1000
35213438 572 1000
35261440 573 1000
35358389 574 1000
35428865 575 1000
35471313 576 1000
35517876 577 1000
35592614 578 1000
35639324 579 1000
35754085 580 1000
35829672 581 1000
35911481 582 1000
35953388 583 1000
35989222 584 1000
36049629 585 1000
36117370 586 1000
36170572 587 1000
36216294 588 1000
36350565 589 1000
36440298 590 1000
36520597 591 1000
36600403 592 1000
36667031 593 1000
36726634 594 1000
36802293 595 1000
36840506 596 1000
36879919 597 1000
36932710 598 1000
36985318 599 1000
37040212 600 1000
37076224 601 1000
37130556 602 1000
37178322 603 1000
37210629 604 1000
37242517 605 1000
37274661 606 1000
37309695 607 1000
37361423 608 1000
37401194 609 1000
37416703 610 1000
37454470 611 1000
37499166 612 1000
37546244 613 1000
37607525 614 1000
37640283 615 1000
37679392 616 1000
37724208 617 1000
37765277 618 1000
37785764 619 1000
37808456 620 1000
37838148 621 1000
37864178 622 1000
37877608 623 1000
37921651 624 1000
37949803 625 1000
37969778 626 1000
37985412 627 1000
38001302 628 1000
38020045 629 1000
38042613 630 1000
38058436 631 1000
38071571 632 1000
38098110 633 1000
38116776 634 1000
38146382 635 1000
38167518 636 1000
38188262 637 1000
38211358 638 1000
38235798 639 1000
38250012 640 1000
38265806 641 1000
38281659 642 1000
38294342 643 1000
38311288 644 1000
38327459 645 1000
38339958 646 1000
38360343 647 1000
38380133 648 1000
38394703 649 1000
38411258 650 1000
38428348 651 1000
38439715 652 1000
38452704 653 1000
38464584 654 1000
38473462 655 1000
38486792 656 1000
38511530 657 1000
38522452 658 1000
38537511 659 1000
38552113 660 1000
38567633 661 1000
38584887 662 1000
38603462 663 1000
38627080 664 1000
38659209 665 1000
38677281 666 1000
38693560 667 1000
38713112 668 1000
38731887 669 1000
38755271 670 1000
38772306 671 1000
38786969 672 1000
38797459 673 1000
38806312 674 1000
38824705 675 1000
38839006 676 1000
38848882 677 1000
38864403 678 1000
38882757 679 1000
38898609 680 1000
38927100 681 1000
38940311 682 1000
38958234 683 1000
38984556 684 1000
39001238 685 1000
39021578 686 1000
39039093 687 1000
39051687 688 1000
39061426 689 1000
39068371 690 1000
39077729 691 1000
39086109 692 1000
39098725 693 1000
39107475 694 1000
39119071 695 1000
39132438 696 1000
39146393 697 1000
39160304 698 1000
39170752 699 1000
39184909 700 1000
39196613 701 1000
39204242 702 1000
39215488 703 1000
39226337 704 1000
39239516 705 1000
39252782 706 1000
39266020 707 1000
39280074 708 1000
39292866 709 1000
39310112 710 1000
39332094 711 1000
39349113 712 1000
39367603 713 1000
39383227 714 1000
39404747 715 1000
39418927 716 1000
39426529 717 1000
39436016 718 1000
39443925 719 1000
39453620 720 1000
39467877 721 1000
39478368 722 1000
39489503 723 1000
39503317 724 1000
39512635 725 1000
39521149 726 1000
39534406 727 1000
39543572 728 1000
39556355 729 1000
39569791 730 1000
39580041 731 1000
39590454 732 1000
39601932 733 1000
39610946 734 1000
39620861 735 1000
39631095 736 1000
39644111 737 1000
39655415 738 1000
39666780 739 1000
39672732 740 1000
39680792 741 1000
39687450 742 1000
39696441 743 1000
39702526 744 1000
39712744 745 1000
39726068 746 1000
39740737 747 1000
39746242 748 1000
39751994 749 1000
39764824 750 1000
39773765 751 1000
39783322 752 1000
39789623 753 1000
39800716 754 1000
39807873 755 1000
39814309 756 1000
39821202 757 1000
39826362 758 1000
39833479 759 1000
39837104 760 1000
39842360 761 1000
39849327 762 1000
39854933 763 1000
39862126 764 1000
39869230 765 1000
39880841 766 1000
39890351 767 1000
39904026 768 1000
39911978 769 1000
39927542 770 1000
39934462 771 1000
39941875 772 1000
39948891 773 1000
39953945 774 1000
39962259 775 1000
39972317 776 1000
39981606 777 1000
39988563 778 1000
39993903 779 1000
39998955 780 1000
40005341 781 1000
40012514 782 1000
40017712 783 1000
40023803 784 1000
40030216 785 1000
40035966 786 1000
40040090 787 1000
40046308 788 1000
40053709 789 1000
40058125 790 1000
40062629 791 1000
40068216 792 1000
40075162 793 1000
40080000 794 1000
40086436 795 1000
40092616 796 1000
40097884 797 1000
40103156 798 1000
40107696 799 1000
40113856 800 1000
40121640 801 1000
40126767 802 1000
40135054 803 1000
40139222 804 1000
40146287 805 1000
40153301 806 1000
40158768 807 1000
40167820 808 1000
40175787 809 1000
40181922 810 1000
40186901 811 1000
40193655 812 1000
40199223 813 1000
40206171 814 1000
40217070 815 1000
40222901 816 1000
40234052 817 1000
40245125 818 1000
40259481 819 1000
40268094 820 1000
40274949 821 1000
40284341 822 1000
40291488 823 1000
40296524 824 1000
40304542 825 1000
40308898 826 1000
40319594 827 1000
40326671 828 1000
40332636 829 1000
40338952 830 1000
40345932 831 1000
40354503 832 1000
40366492 833 1000
40376690 834 1000
40383802 835 1000
40391810 836 1000
40403345 837 1000
40410060 838 1000
40418345 839 1000
40423783 840 1000
40432666 841 1000
40443399 842 1000
40455217 843 1000
40465081 844 1000
40484151 845 1000
40510014 846 1000
40529319 847 1000
40551367 848 1000
40568532 849 1000
40585967 850 1000
40596479 851 1000
40620273 852 1000
40644157 853 1000
40667720 854 1000
40686990 855 1000
40701759 856 1000
40715267 857 1000
40732416 858 1000
40760212 859 1000
40775319 860 1000
40793803 861 1000
40812554 862 1000
40834778 863 1000
40855198 864 1000
40869812 865 1000
40890247 866 1000
40908757 867 1000
40927972 868 1000
40944202 869 1000
40958285 870 1000
40974327 871 1000
40987876 872 1000
41010934 873 1000
41031784 874 1000
41058575 875 1000
41077649 876 1000
41107270 877 1000
41134024 878 1000
41165928 879 1000
41186635 880 1000
41208128 881 1000
41233264 882 1000
41255033 883 1000
41277553 884 1000
41306670 885 1000
41329106 886 1000
41362729 887 1000
41392321 888 1000
41410174 889 1000
41427930 890 1000
41467664 891 1000
41500211 892 1000
41522757 893 1000
41555606 894 1000
41585585 895 1000
41613589 896 1000
41636242 897 1000
41663193 898 1000
41674663 899 1000
41692819 900 1000
41711634 901 1000
41737039 902 1000
41763572 903 1000
41803896 904 1000
41832562 905 1000
41883391 906 1000
41926604 907 1000
41979990 908 1000
42038104 909 1000
42077209 910 1000
42111457 911 1000
42147132 912 1000
42195637 913 1000
42249985 914 1000
42313955 915 1000
42370338 916 1000
42461242 917 1000
42505730 918 1000
42520606 919 1000
42551915 920 1000
42646134 921 1000
42690855 922 1000
42721143 923 1000
42776897 924 1000
42840219 925 1000
42981691 926 1000
43019671 927 1000
43076743 928 1000
43174143 929 1000
43426063 930 1000
43565791 931 1000
43690866 932 1000
43788527 933 1000
43970671 934 1000
44084391 935 1000
44213231 936 1000
44373691 937 1000
44576495 938 1000
44766343 939 1000
45056126 940 1000
45345335 941 1000
45594258 942 1000
45740750 943 1000
46276379 944 1000
46885986 945 1000
47566606 946 1000
48097962 947 1000
48741681 948 1000
50187364 949 1000
50611223 950 1000
51065577 951 1000
52136227 952 1000
52628820 953 1000
52924200 954 1000
53209611 955 1000
54071758 956 1000
54473328 957 1000
55208319 958 1000
55686078 959 1000
55845711 960 1000
56376308 961 1000
58028616 962 1000
59642845 963 1000
60572829 964 1000
61047497 965 1000
61486686 966 1000
64124722 967 1000
64644187 968 1000
65666092 969 1000
66560850 970 1000
67298849 971 1000
68156648 972 1000
68839841 973 1000
71032689 974 1000
72706588 975 1000
76121375 976 1000
78415580 977 1000
79014983 978 1000
81106387 979 1000
81560354 980 1000
86509077 981 1000
90633977 982 1000
94392345 983 1000
97860022 984 1000
100788562 985 1000
102017922 986 1000
106278272 987 1000
108639093 988 1000
114701146 989 1000
118113211 990 1000
119820214 991 1000
120519369 992 1000
121214448 993 1000
125802639 994 1000
127691550 995 1000
129959170 996 1000
133600995 997 1000
139346285 998 1000
139849463 999 1000
