# load avg(tp, lat, bwr, bww, cpu, tps, brps, bwps), sd(...), ci(...)
100 100 12799.7924838 55.5622374059 34567746.7425 26213434.4301 18.9568641304 2507.68759259 0.0 31746.5697531 100 0.0 0.0 0.0 0.0 0.0 0.0 0.0 0.0 100 0.0 0.0 0.0 0.0 0.0 0.0 0.0 0.0 
150 150 2061.84006374 73.428512135 5578188.73857 4230791.09537 4.83186111111 568.304395062 0.0 5622.80132099 150 0.0 0.0 0.0 0.0 0.0 0.0 0.0 0.0 150 0.0 0.0 0.0 0.0 0.0 0.0 0.0 0.0 
195 195 4452.55767701 58.1342046158 11911203.0015 9032403.73688 8.05316666667 915.239123457 0.0 11303.668 195 0.0 0.0 0.0 0.0 0.0 0.0 0.0 0.0 195 0.0 0.0 0.0 0.0 0.0 0.0 0.0 0.0 
200 200 15728.8141401 72.4066264659 42381640.0932 32136015.863 22.7576666667 3036.50812346 0.0 38884.2697778 200 0.0 0.0 0.0 0.0 0.0 0.0 0.0 0.0 200 0.0 0.0 0.0 0.0 0.0 0.0 0.0 0.0 
253 253 7851.32513808 44.5338640571 21317761.1415 16164770.8588 12.8685416667 1565.79474074 0.0 19657.5193333 253 0.0 0.0 0.0 0.0 0.0 0.0 0.0 0.0 253 0.0 0.0 0.0 0.0 0.0 0.0 0.0 0.0 
300 300 15861.1635701 101.756350135 42768910.4594 32412603.3456 23.05575 3067.57355556 0.0 39168.8084074 300 0.0 0.0 0.0 0.0 0.0 0.0 0.0 0.0 300 0.0 0.0 0.0 0.0 0.0 0.0 0.0 0.0 
328 328 7934.77921252 51.5643173369 21390898.2739 16226607.8313 12.7863667929 1579.34218519 0.0 19803.6935432 328 0.0 0.0 0.0 0.0 0.0 0.0 0.0 0.0 328 0.0 0.0 0.0 0.0 0.0 0.0 0.0 0.0 
400 400 16077.2822143 126.6530871 43289275.7655 32835039.922 23.358971657 3097.89152073 0.0 39707.572108 400 0.0 0.0 0.0 0.0 0.0 0.0 0.0 0.0 400 0.0 0.0 0.0 0.0 0.0 0.0 0.0 0.0 
426 426 12132.416142 46.6329191462 32874579.4398 24921455.7182 18.8250105708 2371.72924242 0.0 30084.2945833 426 0.0 0.0 0.0 0.0 0.0 0.0 0.0 0.0 426 0.0 0.0 0.0 0.0 0.0 0.0 0.0 0.0 
500 500 16171.7396837 156.940469715 43599805.1097 33037950.2832 23.6003855048 3123.24088178 0.0 39996.1088986 500 0.0 0.0 0.0 0.0 0.0 0.0 0.0 0.0 500 0.0 0.0 0.0 0.0 0.0 0.0 0.0 0.0 
553 553 12903.0081237 56.4936505008 35043514.2047 26591694.38 20.3023280039 2530.52829334 0.0 31967.4936385 553 0.0 0.0 0.0 0.0 0.0 0.0 0.0 0.0 553 0.0 0.0 0.0 0.0 0.0 0.0 0.0 0.0 
718 718 14785.1587861 60.4667319324 39843671.5104 30226168.0605 22.6078662348 2880.67915921 0.0 36604.2824878 718 0.0 0.0 0.0 0.0 0.0 0.0 0.0 0.0 718 0.0 0.0 0.0 0.0 0.0 0.0 0.0 0.0 
933 933 15518.6367128 71.8214098249 41787112.2926 31685323.0326 23.7624128734 3012.11840446 0.0 38379.9612688 933 0.0 0.0 0.0 0.0 0.0 0.0 0.0 0.0 933 0.0 0.0 0.0 0.0 0.0 0.0 0.0 0.0 
1100 1100 16440.7362762 336.029687417 44405665.7514 33685450.005 23.71225 3163.447 0.0 40757.3679048 1100 0.0 0.0 0.0 0.0 0.0 0.0 0.0 0.0 1100 0.0 0.0 0.0 0.0 0.0 0.0 0.0 0.0 
1200 1200 16284.0179139 370.700165185 44095074.9794 33418508.5847 24.0926286765 3125.39527778 0.0 40279.451683 1200 0.0 0.0 0.0 0.0 0.0 0.0 0.0 0.0 1200 0.0 0.0 0.0 0.0 0.0 0.0 0.0 0.0 
1212 1212 15669.0617594 86.4329795325 42285683.2625 32109409.6743 23.9113235294 3032.95060411 0.0 38739.6617446 1212 0.0 0.0 0.0 0.0 0.0 0.0 0.0 0.0 1212 0.0 0.0 0.0 0.0 0.0 0.0 0.0 0.0 
1300 1300 16473.3591335 396.144856631 44371698.2544 33649457.3835 24.077195786 3160.98747475 0.0 40741.3561448 1300 0.0 0.0 0.0 0.0 0.0 0.0 0.0 0.0 1300 0.0 0.0 0.0 0.0 0.0 0.0 0.0 0.0 
1400 1400 16507.5609063 425.424366714 44444747.9466 33727717.0438 24.0830416667 3173.21016667 0.0 40902.6869259 1400 0.0 0.0 0.0 0.0 0.0 0.0 0.0 0.0 1400 0.0 0.0 0.0 0.0 0.0 0.0 0.0 0.0 
