12217501 0 1000
14856317 1 1000
15354065 2 1000
15696114 3 1000
16012813 4 1000
16334282 5 1000
16655364 6 1000
16909273 7 1000
17139642 8 1000
17327054 9 1000
17484798 10 1000
17625858 11 1000
17742994 12 1000
17862335 13 1000
18010539 14 1000
18119899 15 1000
18210641 16 1000
18306710 17 1000
18404400 18 1000
18495191 19 1000
18585093 20 1000
18678245 21 1000
18764726 22 1000
18863229 23 1000
18946363 24 1000
19022523 25 1000
19101714 26 1000
19195194 27 1000
19265413 28 1000
19351039 29 1000
19435481 30 1000
19531050 31 1000
19608735 32 1000
19691419 33 1000
19771481 34 1000
19862851 35 1000
19936206 36 1000
20008885 37 1000
20078363 38 1000
20136895 39 1000
20189651 40 1000
20242135 41 1000
20300833 42 1000
20355998 43 1000
20417320 44 1000
20458596 45 1000
20515935 46 1000
20563839 47 1000
20614055 48 1000
20659095 49 1000
20705036 50 1000
20740886 51 1000
20779382 52 1000
20817779 53 1000
20856684 54 1000
20901500 55 1000
20941847 56 1000
20989955 57 1000
21035459 58 1000
21075571 59 1000
21115010 60 1000
21153323 61 1000
21194613 62 1000
21235923 63 1000
21277100 64 1000
21313643 65 1000
21354681 66 1000
21389567 67 1000
21429647 68 1000
21467555 69 1000
21511234 70 1000
21549454 71 1000
21583086 72 1000
21617726 73 1000
21652538 74 1000
21683465 75 1000
21718106 76 1000
21758143 77 1000
21792247 78 1000
21825731 79 1000
21856351 80 1000
21890303 81 1000
21922886 82 1000
21964080 83 1000
22001484 84 1000
22039752 85 1000
22073838 86 1000
22110119 87 1000
22149260 88 1000
22180252 89 1000
22216901 90 1000
22248542 91 1000
22285639 92 1000
22323607 93 1000
22367885 94 1000
22400372 95 1000
22437403 96 1000
22472014 97 1000
22512099 98 1000
22552347 99 1000
22586216 100 1000
22621959 101 1000
22658501 102 1000
22694900 103 1000
22734615 104 1000
22768641 105 1000
22800558 106 1000
22842404 107 1000
22878200 108 1000
22911659 109 1000
22943967 110 1000
22981083 111 1000
23014270 112 1000
23043826 113 1000
23073833 114 1000
23111185 115 1000
23143287 116 1000
23176080 117 1000
23207438 118 1000
23238354 119 1000
23267182 120 1000
23295673 121 1000
23323048 122 1000
23353431 123 1000
23382241 124 1000
23408265 125 1000
23440525 126 1000
23464209 127 1000
23489508 128 1000
23522590 129 1000
23553726 130 1000
23583611 131 1000
23610863 132 1000
23640816 133 1000
23665037 134 1000
23692228 135 1000
23720440 136 1000
23751321 137 1000
23782181 138 1000
23813397 139 1000
23841890 140 1000
23867463 141 1000
23896263 142 1000
23917812 143 1000
23947356 144 1000
23972652 145 1000
23999514 146 1000
24028005 147 1000
24057345 148 1000
24087422 149 1000
24121496 150 1000
24153305 151 1000
24184063 152 1000
24215256 153 1000
24247079 154 1000
24278111 155 1000
24309272 156 1000
24339307 157 1000
24369555 158 1000
24399152 159 1000
24428133 160 1000
24459093 161 1000
24492228 162 1000
24517368 163 1000
24545165 164 1000
24569586 165 1000
24600803 166 1000
24629967 167 1000
24658681 168 1000
24689204 169 1000
24717045 170 1000
24746613 171 1000
24773662 172 1000
24799129 173 1000
24827342 174 1000
24852773 175 1000
24879929 176 1000
24910759 177 1000
24941501 178 1000
24966949 179 1000
24995224 180 1000
25022066 181 1000
25048004 182 1000
25077171 183 1000
25106655 184 1000
25135053 185 1000
25161523 186 1000
25187968 187 1000
25215759 188 1000
25244958 189 1000
25269237 190 1000
25293619 191 1000
25316034 192 1000
25339724 193 1000
25367345 194 1000
25391873 195 1000
25420355 196 1000
25448666 197 1000
25473229 198 1000
25497202 199 1000
25523244 200 1000
25547852 201 1000
25580036 202 1000
25604536 203 1000
25630914 204 1000
25655454 205 1000
25684337 206 1000
25712093 207 1000
25738355 208 1000
25769077 209 1000
25791357 210 1000
25820847 211 1000
25845055 212 1000
25866485 213 1000
25892254 214 1000
25922157 215 1000
25946612 216 1000
25975265 217 1000
26002775 218 1000
26025817 219 1000
26052266 220 1000
26077365 221 1000
26104199 222 1000
26130607 223 1000
26155888 224 1000
26179680 225 1000
26206032 226 1000
26232203 227 1000
26260829 228 1000
26284412 229 1000
26308868 230 1000
26332464 231 1000
26356117 232 1000
26377417 233 1000
26402951 234 1000
26426983 235 1000
26451741 236 1000
26477561 237 1000
26502194 238 1000
26530422 239 1000
26557885 240 1000
26582518 241 1000
26607553 242 1000
26631972 243 1000
26656390 244 1000
26681951 245 1000
26709506 246 1000
26736037 247 1000
26759583 248 1000
26787242 249 1000
26814930 250 1000
26839943 251 1000
26868414 252 1000
26895115 253 1000
26924100 254 1000
26952088 255 1000
26978028 256 1000
27007716 257 1000
27034268 258 1000
27060094 259 1000
27092240 260 1000
27121603 261 1000
27152223 262 1000
27181962 263 1000
27212549 264 1000
27246870 265 1000
27281560 266 1000
27313026 267 1000
27342204 268 1000
27371321 269 1000
27398747 270 1000
27432784 271 1000
27461930 272 1000
27493938 273 1000
27523603 274 1000
27553764 275 1000
27584955 276 1000
27619665 277 1000
27649091 278 1000
27681703 279 1000
27719816 280 1000
27747680 281 1000
27779077 282 1000
27806888 283 1000
27837537 284 1000
27871613 285 1000
27902938 286 1000
27933011 287 1000
27967146 288 1000
28002622 289 1000
28037487 290 1000
28071096 291 1000
28107523 292 1000
28141349 293 1000
28169515 294 1000
28202740 295 1000
28234747 296 1000
28269335 297 1000
28298453 298 1000
28327598 299 1000
28354902 300 1000
28379126 301 1000
28406348 302 1000
28438165 303 1000
28466020 304 1000
28496153 305 1000
28532473 306 1000
28563121 307 1000
28595651 308 1000
28628549 309 1000
28660079 310 1000
28698486 311 1000
28733124 312 1000
28766774 313 1000
28799911 314 1000
28835240 315 1000
28870505 316 1000
28908238 317 1000
28939131 318 1000
28971745 319 1000
29004981 320 1000
29044023 321 1000
29083879 322 1000
29125883 323 1000
29162839 324 1000
29203575 325 1000
29245081 326 1000
29285292 327 1000
29326894 328 1000
29362961 329 1000
29399816 330 1000
29435909 331 1000
29477749 332 1000
29519945 333 1000
29563441 334 1000
29602259 335 1000
29637953 336 1000
29681718 337 1000
29729275 338 1000
29766893 339 1000
29811270 340 1000
29848828 341 1000
29885504 342 1000
29928277 343 1000
29968660 344 1000
30016097 345 1000
30058042 346 1000
30096319 347 1000
30134203 348 1000
30175242 349 1000
30215003 350 1000
30257942 351 1000
30292113 352 1000
30329137 353 1000
30369645 354 1000
30410543 355 1000
30450651 356 1000
30491842 357 1000
30534020 358 1000
30577281 359 1000
30615068 360 1000
30654713 361 1000
30690586 362 1000
30736928 363 1000
30780479 364 1000
30827988 365 1000
30873043 366 1000
30917286 367 1000
30964857 368 1000
31002321 369 1000
31049270 370 1000
31095373 371 1000
31137679 372 1000
31183028 373 1000
31226098 374 1000
31271286 375 1000
31312543 376 1000
31354477 377 1000
31401878 378 1000
31452428 379 1000
31501124 380 1000
31546409 381 1000
31590725 382 1000
31633692 383 1000
31678934 384 1000
31722297 385 1000
31760638 386 1000
31802878 387 1000
31843647 388 1000
31885052 389 1000
31924696 390 1000
31971366 391 1000
32016652 392 1000
32061118 393 1000
32109668 394 1000
32152924 395 1000
32198658 396 1000
32249240 397 1000
32289643 398 1000
32337884 399 1000
32389548 400 1000
32432064 401 1000
32484997 402 1000
32528839 403 1000
32565348 404 1000
32614425 405 1000
32664363 406 1000
32710592 407 1000
32759997 408 1000
32810687 409 1000
32862110 410 1000
32914056 411 1000
32966666 412 1000
33032046 413 1000
33085821 414 1000
33139682 415 1000
33192379 416 1000
33245754 417 1000
33298401 418 1000
33352180 419 1000
33413013 420 1000
33480104 421 1000
33535803 422 1000
33587580 423 1000
33651821 424 1000
33707154 425 1000
33764338 426 1000
33821752 427 1000
33881654 428 1000
33942089 429 1000
33998269 430 1000
34052254 431 1000
34104747 432 1000
34159399 433 1000
34217449 434 1000
34280702 435 1000
34335058 436 1000
34393658 437 1000
34443866 438 1000
34491799 439 1000
34544936 440 1000
34594215 441 1000
34644269 442 1000
34687972 443 1000
34734279 444 1000
34781642 445 1000
34825814 446 1000
34873921 447 1000
34923586 448 1000
34964394 449 1000
35006127 450 1000
35047850 451 1000
35094795 452 1000
35145203 453 1000
35194461 454 1000
35246749 455 1000
35296345 456 1000
35349533 457 1000
35402334 458 1000
35445965 459 1000
35493192 460 1000
35547746 461 1000
35605606 462 1000
35666226 463 1000
35723465 464 1000
35778335 465 1000
35831697 466 1000
35886637 467 1000
35945040 468 1000
35994971 469 1000
36048679 470 1000
36097231 471 1000
36138304 472 1000
36178788 473 1000
36219011 474 1000
36264993 475 1000
36300724 476 1000
36341162 477 1000
36386899 478 1000
36432039 479 1000
36472199 480 1000
36518715 481 1000
36556931 482 1000
36590857 483 1000
36622405 484 1000
36654971 485 1000
36688763 486 1000
36717754 487 1000
36752728 488 1000
36781798 489 1000
36809280 490 1000
36840396 491 1000
36866995 492 1000
36899355 493 1000
36927111 494 1000
36963241 495 1000
36997415 496 1000
37027072 497 1000
37057861 498 1000
37089819 499 1000
37121625 500 1000
37153637 501 1000
37184287 502 1000
37218765 503 1000
37251649 504 1000
37284185 505 1000
37314270 506 1000
37348914 507 1000
37377049 508 1000
37409161 509 1000
37439854 510 1000
37470224 511 1000
37494082 512 1000
37523003 513 1000
37550373 514 1000
37582848 515 1000
37611397 516 1000
37636913 517 1000
37664433 518 1000
37686730 519 1000
37710227 520 1000
37732695 521 1000
37755452 522 1000
37776066 523 1000
37799101 524 1000
37825814 525 1000
37844925 526 1000
37865385 527 1000
37890965 528 1000
37916589 529 1000
37938931 530 1000
37961840 531 1000
37986032 532 1000
38007832 533 1000
38029505 534 1000
38054020 535 1000
38073178 536 1000
38096938 537 1000
38118796 538 1000
38139004 539 1000
38159279 540 1000
38179615 541 1000
38201083 542 1000
38220196 543 1000
38239136 544 1000
38256228 545 1000
38278372 546 1000
38296402 547 1000
38314595 548 1000
38332578 549 1000
38350564 550 1000
38370188 551 1000
38389660 552 1000
38409895 553 1000
38429435 554 1000
38446882 555 1000
38466490 556 1000
38484801 557 1000
38506412 558 1000
38525570 559 1000
38542687 560 1000
38562098 561 1000
38579419 562 1000
38599804 563 1000
38616403 564 1000
38632736 565 1000
38653430 566 1000
38672935 567 1000
38692636 568 1000
38707573 569 1000
38724833 570 1000
38745384 571 1000
38763530 572 1000
38778163 573 1000
38793126 574 1000
38810596 575 1000
38827596 576 1000
38843577 577 1000
38859070 578 1000
38873955 579 1000
38887008 580 1000
38904036 581 1000
38916486 582 1000
38930647 583 1000
38944571 584 1000
38960043 585 1000
38976746 586 1000
38991962 587 1000
39005829 588 1000
39019713 589 1000
39031396 590 1000
39044497 591 1000
39056930 592 1000
39071770 593 1000
39086084 594 1000
39097957 595 1000
39109473 596 1000
39122171 597 1000
39133593 598 1000
39144913 599 1000
39157927 600 1000
39168543 601 1000
39179433 602 1000
39192330 603 1000
39204485 604 1000
39216149 605 1000
39227718 606 1000
39240040 607 1000
39251239 608 1000
39262249 609 1000
39274608 610 1000
39285252 611 1000
39296915 612 1000
39308593 613 1000
39320489 614 1000
39331837 615 1000
39343925 616 1000
39354611 617 1000
39364829 618 1000
39376750 619 1000
39388828 620 1000
39398977 621 1000
39411405 622 1000
39423231 623 1000
39433910 624 1000
39444849 625 1000
39457126 626 1000
39468399 627 1000
39479030 628 1000
39493402 629 1000
39507044 630 1000
39519172 631 1000
39532135 632 1000
39543286 633 1000
39554271 634 1000
39564367 635 1000
39576049 636 1000
39587274 637 1000
39598342 638 1000
39610263 639 1000
39621911 640 1000
39633458 641 1000
39645388 642 1000
39657547 643 1000
39668984 644 1000
39680967 645 1000
39693144 646 1000
39703896 647 1000
39716055 648 1000
39727893 649 1000
39738679 650 1000
39750108 651 1000
39761413 652 1000
39771103 653 1000
39782796 654 1000
39792694 655 1000
39803607 656 1000
39813955 657 1000
39824015 658 1000
39832964 659 1000
39842999 660 1000
39852314 661 1000
39861618 662 1000
39872143 663 1000
39881961 664 1000
39891106 665 1000
39901276 666 1000
39909806 667 1000
39918278 668 1000
39925879 669 1000
39935085 670 1000
39942457 671 1000
39950166 672 1000
39959114 673 1000
39966770 674 1000
39973574 675 1000
39981754 676 1000
39989697 677 1000
39996861 678 1000
40005435 679 1000
40012902 680 1000
40019679 681 1000
40027194 682 1000
40033804 683 1000
40040307 684 1000
40047260 685 1000
40052719 686 1000
40060066 687 1000
40066888 688 1000
40072247 689 1000
40078783 690 1000
40085981 691 1000
40093660 692 1000
40101322 693 1000
40108364 694 1000
40114668 695 1000
40120559 696 1000
40127230 697 1000
40134248 698 1000
40141396 699 1000
40148252 700 1000
40155224 701 1000
40162674 702 1000
40170169 703 1000
40177195 704 1000
40184435 705 1000
40191460 706 1000
40198286 707 1000
40206053 708 1000
40213252 709 1000
40220695 710 1000
40227234 711 1000
40235546 712 1000
40243834 713 1000
40251082 714 1000
40259099 715 1000
40265956 716 1000
40274114 717 1000
40282200 718 1000
40291417 719 1000
40300433 720 1000
40308471 721 1000
40317978 722 1000
40327373 723 1000
40336263 724 1000
40346537 725 1000
40356486 726 1000
40367130 727 1000
40378730 728 1000
40388698 729 1000
40400298 730 1000
40410857 731 1000
40421621 732 1000
40433039 733 1000
40444113 734 1000
40454329 735 1000
40466703 736 1000
40477506 737 1000
40488552 738 1000
40501620 739 1000
40515270 740 1000
40528029 741 1000
40540498 742 1000
40551820 743 1000
40567074 744 1000
40579597 745 1000
40595940 746 1000
40610506 747 1000
40623430 748 1000
40637422 749 1000
40652191 750 1000
40666728 751 1000
40682135 752 1000
40696871 753 1000
40712791 754 1000
40725880 755 1000
40740406 756 1000
40753468 757 1000
40769000 758 1000
40785361 759 1000
40800867 760 1000
40815166 761 1000
40830665 762 1000
40846869 763 1000
40861597 764 1000
40876638 765 1000
40893003 766 1000
40909088 767 1000
40929274 768 1000
40947476 769 1000
40966162 770 1000
40985773 771 1000
41001916 772 1000
41019471 773 1000
41035120 774 1000
41055781 775 1000
41072725 776 1000
41091453 777 1000
41110795 778 1000
41130820 779 1000
41151118 780 1000
41170536 781 1000
41196347 782 1000
41217822 783 1000
41239279 784 1000
41260022 785 1000
41282248 786 1000
41302536 787 1000
41324492 788 1000
41345247 789 1000
41370305 790 1000
41390372 791 1000
41409145 792 1000
41432204 793 1000
41453567 794 1000
41478482 795 1000
41503283 796 1000
41528837 797 1000
41555404 798 1000
41576766 799 1000
41603591 800 1000
41629875 801 1000
41651991 802 1000
41676919 803 1000
41697169 804 1000
41719475 805 1000
41742457 806 1000
41766460 807 1000
41787881 808 1000
41809748 809 1000
41831729 810 1000
41855332 811 1000
41877278 812 1000
41904268 813 1000
41931351 814 1000
41963386 815 1000
41991535 816 1000
42021994 817 1000
42051602 818 1000
42084324 819 1000
42116690 820 1000
42144007 821 1000
42172029 822 1000
42204525 823 1000
42231103 824 1000
42258915 825 1000
42286465 826 1000
42316943 827 1000
42350094 828 1000
42378470 829 1000
42410273 830 1000
42445705 831 1000
42483999 832 1000
42518364 833 1000
42557130 834 1000
42596853 835 1000
42638809 836 1000
42680790 837 1000
42728599 838 1000
42782844 839 1000
42832929 840 1000
42882457 841 1000
42932995 842 1000
43004147 843 1000
43069901 844 1000
43121897 845 1000
43174928 846 1000
43226999 847 1000
43272988 848 1000
43335793 849 1000
43392233 850 1000
43458835 851 1000
43531478 852 1000
43630841 853 1000
43729251 854 1000
43847112 855 1000
43944704 856 1000
44037423 857 1000
44134488 858 1000
44258901 859 1000
44378566 860 1000
44485039 861 1000
44598061 862 1000
44712518 863 1000
44855496 864 1000
44983849 865 1000
45152586 866 1000
45325858 867 1000
45546508 868 1000
45799828 869 1000
46015481 870 1000
46203068 871 1000
46399465 872 1000
46585851 873 1000
46771960 874 1000
47082569 875 1000
47456061 876 1000
47890678 877 1000
48337353 878 1000
48556232 879 1000
48963892 880 1000
49457802 881 1000
50082696 882 1000
50585141 883 1000
51237798 884 1000
51813289 885 1000
52397550 886 1000
52929537 887 1000
53433407 888 1000
53863471 889 1000
54379920 890 1000
54971666 891 1000
55373710 892 1000
55999734 893 1000
56573457 894 1000
57214215 895 1000
57851194 896 1000
59041437 897 1000
59942107 898 1000
60743321 899 1000
61664121 900 1000
62245396 901 1000
62992831 902 1000
63650899 903 1000
64170534 904 1000
64887576 905 1000
65711579 906 1000
66788860 907 1000
68293584 908 1000
70003451 909 1000
71421003 910 1000
72382260 911 1000
73319590 912 1000
74168440 913 1000
74691288 914 1000
75221834 915 1000
75598764 916 1000
75836697 917 1000
76097778 918 1000
76342186 919 1000
76580305 920 1000
76788436 921 1000
76979409 922 1000
77179561 923 1000
77367650 924 1000
77515967 925 1000
77689747 926 1000
77825590 927 1000
77935153 928 1000
78062716 929 1000
78165594 930 1000
78259505 931 1000
78353711 932 1000
78454565 933 1000
78558355 934 1000
78699550 935 1000
78873919 936 1000
79074427 937 1000
79243222 938 1000
79396731 939 1000
79579850 940 1000
79766330 941 1000
79987389 942 1000
80302021 943 1000
80614224 944 1000
80953199 945 1000
81438027 946 1000
81942634 947 1000
83040174 948 1000
85391630 949 1000
89791256 950 1000
91802644 951 1000
95321715 952 1000
99014388 953 1000
101464843 954 1000
103104141 955 1000
105024377 956 1000
107155473 957 1000
109247706 958 1000
112310507 959 1000
114619127 960 1000
117482226 961 1000
120132789 962 1000
122109287 963 1000
126259505 964 1000
128746670 965 1000
134098667 966 1000
137055171 967 1000
143331260 968 1000
148466046 969 1000
154239654 970 1000
160135124 971 1000
163912007 972 1000
168873241 973 1000
176910173 974 1000
180240017 975 1000
186211955 976 1000
193231949 977 1000
199744150 978 1000
213083063 979 1000
227070788 980 1000
233091801 981 1000
240080812 982 1000
253917031 983 1000
263051894 984 1000
272615701 985 1000
278371928 986 1000
286288660 987 1000
294566544 988 1000
307543057 989 1000
323315281 990 1000
334175974 991 1000
350503385 992 1000
365309192 993 1000
371602515 994 1000
382993131 995 1000
397392294 996 1000
401636005 997 1000
414824379 998 1000
433428184 999 1000
