# load avg(tp, lat, bwr, bww, cpu, tps, brps, bwps), sd(...), ci(...)
10 10 1946.7850271 33.4380531247 20605843.9716 15590103.2001 12.5785 1148.9642224 0.0 14463.5707154 10 0.0 0.0 0.0 0.0 0.0 0.0 0.0 0.0 10 0.0 0.0 0.0 0.0 0.0 0.0 0.0 0.0 
20 20 3294.11279564 40.8866028567 35281089.9161 26770545.3837 19.9971818182 1932.36005844 0.0 24384.0310433 20 0.0 0.0 0.0 0.0 0.0 0.0 0.0 0.0 20 0.0 0.0 0.0 0.0 0.0 0.0 0.0 0.0 
30 30 3788.65145347 49.216045374 40368412.6794 30571142.0875 22.1585454545 2205.80468831 0.0 27952.1164762 30 0.0 0.0 0.0 0.0 0.0 0.0 0.0 0.0 30 0.0 0.0 0.0 0.0 0.0 0.0 0.0 0.0 
40 40 3909.65630601 60.9968867349 41683787.4084 31635312.9578 23.2053636364 2262.58418182 0.0 28773.994 40 0.0 0.0 0.0 0.0 0.0 0.0 0.0 0.0 40 0.0 0.0 0.0 0.0 0.0 0.0 0.0 0.0 
50 50 3952.78804706 70.9801831938 41614082.3108 31564610.2763 23.1734545455 2280.19548485 0.0 29029.7867576 50 0.0 0.0 0.0 0.0 0.0 0.0 0.0 0.0 50 0.0 0.0 0.0 0.0 0.0 0.0 0.0 0.0 
60 60 3945.07389868 84.3995000271 42429925.3861 32217257.4212 23.5396287879 2280.62500112 0.0 29035.9123962 60 0.0 0.0 0.0 0.0 0.0 0.0 0.0 0.0 60 0.0 0.0 0.0 0.0 0.0 0.0 0.0 0.0 
70 70 3980.12508265 95.7074380133 42877738.2077 32511131.8456 23.1468396226 2318.01122642 0.0 29488.1845912 70 0.0 0.0 0.0 0.0 0.0 0.0 0.0 0.0 70 0.0 0.0 0.0 0.0 0.0 0.0 0.0 0.0 
80 80 4050.32267886 105.98309106 43672095.5035 33057350.1818 22.7184313725 2351.91111928 0.0 29962.5172367 80 0.0 0.0 0.0 0.0 0.0 0.0 0.0 0.0 80 0.0 0.0 0.0 0.0 0.0 0.0 0.0 0.0 
90 90 4042.46672809 116.834705307 43604509.1774 33050181.3681 23.0353301887 2348.15525157 0.0 29932.7242138 90 0.0 0.0 0.0 0.0 0.0 0.0 0.0 0.0 90 0.0 0.0 0.0 0.0 0.0 0.0 0.0 0.0 
100 100 4038.86918696 125.123731863 43575564.24 33005953.6233 23.3871226415 2348.64798742 0.0 29938.8641195 100 0.0 0.0 0.0 0.0 0.0 0.0 0.0 0.0 100 0.0 0.0 0.0 0.0 0.0 0.0 0.0 0.0 
110 110 4028.68345784 137.315226862 43789556.1858 33247425.1343 23.475283926 2343.20525157 0.0 29886.0313836 110 0.0 0.0 0.0 0.0 0.0 0.0 0.0 0.0 110 0.0 0.0 0.0 0.0 0.0 0.0 0.0 0.0 
120 120 4089.38672193 147.301196848 44192716.5028 33449372.2662 23.2902358491 2371.91622642 0.0 30276.7094025 120 0.0 0.0 0.0 0.0 0.0 0.0 0.0 0.0 120 0.0 0.0 0.0 0.0 0.0 0.0 0.0 0.0 
130 130 4094.59854032 159.843588484 44168323.7569 33500793.3036 22.9906862745 2379.26352941 0.0 30348.6181373 130 0.0 0.0 0.0 0.0 0.0 0.0 0.0 0.0 130 0.0 0.0 0.0 0.0 0.0 0.0 0.0 0.0 
140 140 4042.67066972 174.088980611 43689320.5376 33055791.9185 23.5730188679 2347.53066329 0.0 29945.6361594 140 0.0 0.0 0.0 0.0 0.0 0.0 0.0 0.0 140 0.0 0.0 0.0 0.0 0.0 0.0 0.0 0.0 
150 150 4110.44216474 183.273248261 44476418.1373 33651000.6707 23.2223529412 2385.65676471 0.0 30469.1744118 150 0.0 0.0 0.0 0.0 0.0 0.0 0.0 0.0 150 0.0 0.0 0.0 0.0 0.0 0.0 0.0 0.0 
160 160 4081.58203249 196.865618499 43899170.9423 33263455.4893 23.9098584906 2368.58404903 0.0 30238.5089011 160 0.0 0.0 0.0 0.0 0.0 0.0 0.0 0.0 160 0.0 0.0 0.0 0.0 0.0 0.0 0.0 0.0 
170 170 4122.00708682 207.000193969 44770016.189 33983886.3698 23.324245283 2399.97764151 0.0 30665.4429245 170 0.0 0.0 0.0 0.0 0.0 0.0 0.0 0.0 170 0.0 0.0 0.0 0.0 0.0 0.0 0.0 0.0 
180 180 4095.9837903 220.689013225 44254884.3858 33601039.4081 23.3520597662 2372.99039216 0.0 30350.9832353 180 0.0 0.0 0.0 0.0 0.0 0.0 0.0 0.0 180 0.0 0.0 0.0 0.0 0.0 0.0 0.0 0.0 
190 190 4064.44263809 234.773292683 43972634.9276 33286322.5541 23.7027222424 2352.83443396 0.0 30140.2833333 190 0.0 0.0 0.0 0.0 0.0 0.0 0.0 0.0 190 0.0 0.0 0.0 0.0 0.0 0.0 0.0 0.0 
200 200 4134.50143784 242.930233527 44470498.3735 33741815.8404 23.4174509804 2395.53222222 0.0 30665.4318301 200 0.0 0.0 0.0 0.0 0.0 0.0 0.0 0.0 200 0.0 0.0 0.0 0.0 0.0 0.0 0.0 0.0 
