# load avg(tp, lat, bwr, bww, cpu, tps, brps, bwps), sd(...), ci(...)
2 2 34.2667649226 58.4987265 746537.55399 569971.499096 2.62298245614 251.280263158 0.0 2010.73403509 2 0.0 0.0 0.0 0.0 0.0 0.0 0.0 0.0 2 0.0 0.0 0.0 0.0 0.0 0.0 0.0 0.0 
4 4 66.9520736008 59.9006169115 1444052.7043 1101401.00852 3.06304041353 327.368421053 0.0 2618.66666667 4 0.0 0.0 0.0 0.0 0.0 0.0 0.0 0.0 4 0.0 0.0 0.0 0.0 0.0 0.0 0.0 0.0 
6 6 98.8396868279 61.0989232162 2148878.91549 1632733.45375 3.51716165414 407.056754386 0.0 3256.8045614 6 0.0 0.0 0.0 0.0 0.0 0.0 0.0 0.0 6 0.0 0.0 0.0 0.0 0.0 0.0 0.0 0.0 
8 8 129.302153871 61.9731493031 2783925.20423 2114235.44217 3.82455357143 475.0 0.0 3799.22807018 8 0.0 0.0 0.0 0.0 0.0 0.0 0.0 0.0 8 0.0 0.0 0.0 0.0 0.0 0.0 0.0 0.0 
10 10 1788.89514788 38.5917979249 38120681.8549 29027095.7611 21.9654652256 3135.16192982 0.0 39576.9338596 10 0.0 0.0 0.0 0.0 0.0 0.0 0.0 0.0 10 0.0 0.0 0.0 0.0 0.0 0.0 0.0 0.0 
12 12 188.258652463 63.9691559476 4037749.81255 3064097.04759 4.39909931078 619.377192982 0.0 4956.49122807 12 0.0 0.0 0.0 0.0 0.0 0.0 0.0 0.0 12 0.0 0.0 0.0 0.0 0.0 0.0 0.0 0.0 
14 14 215.643619134 65.3836148724 4616371.62543 3504665.51809 4.67016760652 683.631578947 0.0 5477.12280702 14 0.0 0.0 0.0 0.0 0.0 0.0 0.0 0.0 14 0.0 0.0 0.0 0.0 0.0 0.0 0.0 0.0 
16 16 243.444836113 66.2022511106 5215419.24186 3960105.17855 4.8901268797 687.400877193 0.0 6028.28692982 16 0.0 0.0 0.0 0.0 0.0 0.0 0.0 0.0 16 0.0 0.0 0.0 0.0 0.0 0.0 0.0 0.0 
18 18 269.970126531 67.3791355727 5811803.98267 4412702.90339 5.20383928571 682.282280702 0.0 6550.29289474 18 0.0 0.0 0.0 0.0 0.0 0.0 0.0 0.0 18 0.0 0.0 0.0 0.0 0.0 0.0 0.0 0.0 
20 20 296.865352054 67.9739961226 6359619.78985 4829192.64075 5.38116071429 680.596491228 0.0 7072.84210526 20 0.0 0.0 0.0 0.0 0.0 0.0 0.0 0.0 20 0.0 0.0 0.0 0.0 0.0 0.0 0.0 0.0 
22 22 1959.77251798 65.5055389028 41945311.1107 31846537.8719 23.4896428571 3422.04616855 0.0 43439.9259712 22 0.0 0.0 0.0 0.0 0.0 0.0 0.0 0.0 22 0.0 0.0 0.0 0.0 0.0 0.0 0.0 0.0 
24 24 1919.36156201 71.3133120975 40826785.8926 30864120.8859 23.7866964286 3332.958125 0.0 42389.4614286 24 0.0 0.0 0.0 0.0 0.0 0.0 0.0 0.0 24 0.0 0.0 0.0 0.0 0.0 0.0 0.0 0.0 
26 26 1953.99625254 73.7646107675 41652822.2122 31630035.5976 23.0883928571 3425.91964286 0.0 43546.0 26 0.0 0.0 0.0 0.0 0.0 0.0 0.0 0.0 26 0.0 0.0 0.0 0.0 0.0 0.0 0.0 0.0 
28 28 1946.41880277 79.7047850002 41947390.364 31835301.7797 23.8854464286 3393.39473684 0.0 43064.2807018 28 0.0 0.0 0.0 0.0 0.0 0.0 0.0 0.0 28 0.0 0.0 0.0 0.0 0.0 0.0 0.0 0.0 
30 30 2008.4603444 81.458939739 42775559.8294 32369798.1749 23.080625 3486.55649123 0.0 44394.2581579 30 0.0 0.0 0.0 0.0 0.0 0.0 0.0 0.0 30 0.0 0.0 0.0 0.0 0.0 0.0 0.0 0.0 
50 50 2009.31095535 125.943508485 43011755.0453 32630905.5661 23.4296428571 3510.0 0.0 44722.4285714 50 0.0 0.0 0.0 0.0 0.0 0.0 0.0 0.0 50 0.0 0.0 0.0 0.0 0.0 0.0 0.0 0.0 
70 70 2062.26335749 170.626679665 44535081.4452 33676742.4074 23.5175454545 3558.20535714 0.0 45447.6428571 70 0.0 0.0 0.0 0.0 0.0 0.0 0.0 0.0 70 0.0 0.0 0.0 0.0 0.0 0.0 0.0 0.0 
90 90 2052.72753101 220.553014653 44319421.8926 33552866.5241 23.299245283 3562.95264151 0.0 45565.8172642 90 0.0 0.0 0.0 0.0 0.0 0.0 0.0 0.0 90 0.0 0.0 0.0 0.0 0.0 0.0 0.0 0.0 
100 100 2059.31943835 243.868070157 44236415.5037 33575279.6628 23.3545283019 3575.23622642 0.0 45761.5322642 100 0.0 0.0 0.0 0.0 0.0 0.0 0.0 0.0 100 0.0 0.0 0.0 0.0 0.0 0.0 0.0 0.0 
110 110 2063.54091278 267.21941254 44542253.5907 33810408.7562 23.7197272727 3567.08668831 0.0 45709.7662338 110 0.0 0.0 0.0 0.0 0.0 0.0 0.0 0.0 110 0.0 0.0 0.0 0.0 0.0 0.0 0.0 0.0 
120 120 2052.81477062 293.511485231 44208460.9315 33537527.7743 23.2608653846 3561.0 0.0 45713.2307692 120 0.0 0.0 0.0 0.0 0.0 0.0 0.0 0.0 120 0.0 0.0 0.0 0.0 0.0 0.0 0.0 0.0 
