# load avg(tp, lat, bwr, bww, cpu, tps, brps, bwps), sd(...), ci(...)
2 2 2604.38189726 19.594418955 34385188.3362 21131514.3226 19.5736792453 3454.73584906 0.0 56909.2830189 2 0.0 0.0 0.0 0.0 0.0 0.0 0.0 0.0 2 0.0 0.0 0.0 0.0 0.0 0.0 0.0 0.0 
4 4 3549.51735802 28.9652830358 46574052.6717 28688916.4815 23.1916037736 3014.89745283 0.0 73531.045 4 0.0 0.0 0.0 0.0 0.0 0.0 0.0 0.0 4 0.0 0.0 0.0 0.0 0.0 0.0 0.0 0.0 
6 6 4141.16896563 36.7533745202 53276024.3335 32800275.119 25.3298742138 2600.33962264 0.0 83866.4150943 6 0.0 0.0 0.0 0.0 0.0 0.0 0.0 0.0 6 0.0 0.0 0.0 0.0 0.0 0.0 0.0 0.0 
8 8 4517.51921652 46.0911413927 58942679.2749 36277723.8123 26.7980188679 2265.59688679 0.0 91054.5115094 8 0.0 0.0 0.0 0.0 0.0 0.0 0.0 0.0 8 0.0 0.0 0.0 0.0 0.0 0.0 0.0 0.0 
10 10 4818.0922354 53.3819561491 62179756.1602 38052461.5372 27.4810377358 2033.5 0.0 95845.7358491 10 0.0 0.0 0.0 0.0 0.0 0.0 0.0 0.0 10 0.0 0.0 0.0 0.0 0.0 0.0 0.0 0.0 
20 20 5553.74067641 97.0842403965 71653360.8293 43499589.5314 29.9618105951 1479.10773585 0.0 109058.174528 20 0.0 0.0 0.0 0.0 0.0 0.0 0.0 0.0 20 0.0 0.0 0.0 0.0 0.0 0.0 0.0 0.0 
30 30 5801.37121888 134.560905247 74416632.6792 45285846.5828 30.7421788824 1199.7622061 0.0 114397.387007 30 0.0 0.0 0.0 0.0 0.0 0.0 0.0 0.0 30 0.0 0.0 0.0 0.0 0.0 0.0 0.0 0.0 
40 40 5915.33276255 175.252580343 76042946.98 46329383.5947 31.2682855588 1044.44375907 0.0 116393.277213 40 0.0 0.0 0.0 0.0 0.0 0.0 0.0 0.0 40 0.0 0.0 0.0 0.0 0.0 0.0 0.0 0.0 
50 50 6162.0686132 218.722790071 79116099.2629 47980556.1803 31.078877551 935.633985714 0.0 121539.909492 50 0.0 0.0 0.0 0.0 0.0 0.0 0.0 0.0 50 0.0 0.0 0.0 0.0 0.0 0.0 0.0 0.0 
60 60 6016.91451605 274.703631098 77291762.1508 46974802.2167 32.0694230769 902.470576923 0.0 119170.645865 60 0.0 0.0 0.0 0.0 0.0 0.0 0.0 0.0 60 0.0 0.0 0.0 0.0 0.0 0.0 0.0 0.0 
70 70 5992.75088693 314.219996438 77100041.0991 47086535.7375 32.5281730769 878.365384615 0.0 117447.538462 70 0.0 0.0 0.0 0.0 0.0 0.0 0.0 0.0 70 0.0 0.0 0.0 0.0 0.0 0.0 0.0 0.0 
80 80 6143.94767971 343.517099264 78895413.1072 47814175.9002 31.3404081633 831.137346939 0.0 121269.568061 80 0.0 0.0 0.0 0.0 0.0 0.0 0.0 0.0 80 0.0 0.0 0.0 0.0 0.0 0.0 0.0 0.0 
90 90 6077.87842418 435.185306616 78533408.7156 47693706.9544 30.8295918367 844.305102041 0.0 120068.037959 90 0.0 0.0 0.0 0.0 0.0 0.0 0.0 0.0 90 0.0 0.0 0.0 0.0 0.0 0.0 0.0 0.0 
