15541720 0 1000
15849467 1 1000
15976050 2 1000
16160953 3 1000
16804083 4 1000
17431031 5 1000
18222439 6 1000
18854153 7 1000
19258554 8 1000
19521824 9 1000
20031957 10 1000
20203708 11 1000
20302369 12 1000
20823654 13 1000
20962603 14 1000
21198643 15 1000
21629689 16 1000
21923279 17 1000
21994191 18 1000
22240783 19 1000
22535169 20 1000
22628118 21 1000
22747724 22 1000
22997767 23 1000
23047114 24 1000
23284017 25 1000
23483743 26 1000
23716193 27 1000
23750722 28 1000
23963324 29 1000
24342177 30 1000
24551620 31 1000
24639765 32 1000
24876530 33 1000
24979786 34 1000
25286314 35 1000
25352192 36 1000
25423801 37 1000
25486167 38 1000
25638101 39 1000
25819845 40 1000
25979274 41 1000
26088142 42 1000
26196441 43 1000
26266462 44 1000
26452585 45 1000
26480780 46 1000
26566173 47 1000
26730186 48 1000
26881253 49 1000
27002605 50 1000
27106587 51 1000
27166816 52 1000
27245946 53 1000
27319781 54 1000
27485579 55 1000
27538298 56 1000
27606665 57 1000
27646424 58 1000
27673411 59 1000
27708028 60 1000
27751814 61 1000
27796490 62 1000
27823778 63 1000
28090489 64 1000
28187742 65 1000
28239374 66 1000
28398719 67 1000
28476529 68 1000
28496893 69 1000
28512671 70 1000
28582545 71 1000
28609592 72 1000
28686941 73 1000
28750734 74 1000
28807793 75 1000
28825247 76 1000
28957496 77 1000
28983553 78 1000
29070162 79 1000
29127499 80 1000
29249109 81 1000
29291303 82 1000
29516758 83 1000
29608045 84 1000
29650977 85 1000
29696969 86 1000
29795536 87 1000
29843080 88 1000
29883877 89 1000
29917113 90 1000
29989846 91 1000
30102054 92 1000
30180534 93 1000
30247402 94 1000
30298868 95 1000
30359800 96 1000
30399684 97 1000
30448571 98 1000
30488750 99 1000
30603893 100 1000
30704575 101 1000
30730795 102 1000
30810839 103 1000
31041311 104 1000
31083707 105 1000
31320865 106 1000
31383940 107 1000
31407761 108 1000
31490070 109 1000
31561592 110 1000
31665232 111 1000
31827305 112 1000
31865850 113 1000
31922330 114 1000
32023209 115 1000
32256353 116 1000
32280833 117 1000
32417325 118 1000
32457796 119 1000
32489695 120 1000
32513747 121 1000
32624512 122 1000
32680252 123 1000
32785849 124 1000
32838133 125 1000
32859950 126 1000
32932690 127 1000
32975956 128 1000
33033345 129 1000
33068617 130 1000
33115347 131 1000
33179026 132 1000
33312221 133 1000
33447735 134 1000
33505626 135 1000
33621191 136 1000
33685277 137 1000
33730920 138 1000
33755440 139 1000
33820150 140 1000
33885891 141 1000
33967036 142 1000
34018743 143 1000
34084734 144 1000
34105019 145 1000
34172526 146 1000
34217975 147 1000
34254984 148 1000
34276975 149 1000
34315706 150 1000
34342234 151 1000
34349407 152 1000
34365755 153 1000
34412498 154 1000
34426034 155 1000
34531857 156 1000
34553308 157 1000
34574358 158 1000
34603988 159 1000
34648003 160 1000
34773519 161 1000
34794283 162 1000
34814314 163 1000
34831881 164 1000
34913077 165 1000
34973054 166 1000
35086056 167 1000
35182310 168 1000
35218147 169 1000
35385623 170 1000
35428948 171 1000
35462708 172 1000
35512090 173 1000
35530124 174 1000
35601150 175 1000
35672618 176 1000
35709552 177 1000
35753203 178 1000
35781869 179 1000
35798986 180 1000
35825852 181 1000
35858343 182 1000
35909712 183 1000
35950854 184 1000
36106257 185 1000
36204001 186 1000
36224970 187 1000
36237307 188 1000
36305616 189 1000
36348188 190 1000
36384032 191 1000
36461645 192 1000
36485698 193 1000
36515874 194 1000
36543622 195 1000
36590188 196 1000
36612496 197 1000
36616601 198 1000
36669923 199 1000
36687511 200 1000
36730803 201 1000
36753110 202 1000
36799995 203 1000
36819023 204 1000
36870798 205 1000
36889690 206 1000
36898624 207 1000
36926254 208 1000
36966384 209 1000
37020294 210 1000
37036456 211 1000
37121505 212 1000
37144505 213 1000
37160016 214 1000
37172903 215 1000
37185190 216 1000
37228650 217 1000
37257737 218 1000
37267286 219 1000
37303727 220 1000
37319414 221 1000
37334738 222 1000
37346213 223 1000
37353961 224 1000
37384584 225 1000
37402472 226 1000
37438617 227 1000
37465753 228 1000
37482431 229 1000
37498976 230 1000
37515031 231 1000
37572348 232 1000
37588306 233 1000
37611096 234 1000
37639955 235 1000
37678667 236 1000
37707585 237 1000
37794298 238 1000
37812299 239 1000
37829900 240 1000
37851982 241 1000
37862717 242 1000
37877575 243 1000
37927865 244 1000
37949301 245 1000
37962330 246 1000
37979014 247 1000
37992229 248 1000
38002837 249 1000
38040231 250 1000
38050318 251 1000
38074166 252 1000
38089696 253 1000
38116413 254 1000
38160330 255 1000
38169951 256 1000
38209973 257 1000
38235704 258 1000
38272081 259 1000
38298325 260 1000
38321624 261 1000
38342721 262 1000
38347855 263 1000
38369629 264 1000
38382137 265 1000
38407969 266 1000
38426236 267 1000
38449810 268 1000
38470220 269 1000
38490007 270 1000
38513471 271 1000
38522260 272 1000
38529708 273 1000
38543936 274 1000
38555224 275 1000
38559761 276 1000
38582934 277 1000
38615708 278 1000
38629175 279 1000
38650455 280 1000
38681176 281 1000
38686366 282 1000
38738435 283 1000
38761210 284 1000
38777348 285 1000
38806052 286 1000
38820624 287 1000
38824724 288 1000
38836990 289 1000
38874061 290 1000
38905963 291 1000
38913011 292 1000
38931125 293 1000
38938324 294 1000
38946358 295 1000
38954786 296 1000
38985421 297 1000
38996406 298 1000
39025480 299 1000
39042528 300 1000
39048867 301 1000
39078722 302 1000
39087834 303 1000
39100958 304 1000
39122228 305 1000
39146890 306 1000
39176322 307 1000
39190049 308 1000
39231001 309 1000
39239848 310 1000
39270272 311 1000
39295871 312 1000
39322722 313 1000
39417897 314 1000
39431366 315 1000
39445640 316 1000
39455005 317 1000
39478978 318 1000
39493436 319 1000
39499652 320 1000
39517786 321 1000
39526265 322 1000
39580242 323 1000
39607576 324 1000
39632456 325 1000
39655870 326 1000
39658873 327 1000
39676407 328 1000
39707997 329 1000
39768024 330 1000
39776703 331 1000
39814706 332 1000
39839069 333 1000
39853912 334 1000
39876325 335 1000
39916116 336 1000
39947867 337 1000
39966860 338 1000
39987738 339 1000
40003191 340 1000
40015755 341 1000
40034132 342 1000
40040790 343 1000
40053415 344 1000
40059032 345 1000
40066848 346 1000
40077538 347 1000
40097524 348 1000
40107371 349 1000
40125264 350 1000
40136884 351 1000
40155892 352 1000
40176599 353 1000
40190174 354 1000
40225469 355 1000
40226369 356 1000
40230468 357 1000
40232669 358 1000
40245152 359 1000
40251414 360 1000
40273479 361 1000
40299822 362 1000
40311729 363 1000
40338483 364 1000
40359838 365 1000
40372592 366 1000
40393898 367 1000
40434249 368 1000
40442858 369 1000
40453964 370 1000
40464285 371 1000
40491387 372 1000
40509210 373 1000
40516414 374 1000
40541004 375 1000
40557784 376 1000
40579788 377 1000
40586387 378 1000
40611703 379 1000
40639583 380 1000
40654495 381 1000
40668863 382 1000
40684070 383 1000
40700887 384 1000
40717996 385 1000
40757756 386 1000
40780000 387 1000
40811234 388 1000
40836766 389 1000
40846606 390 1000
40863976 391 1000
40872215 392 1000
40886862 393 1000
40913012 394 1000
40944249 395 1000
40985608 396 1000
41019129 397 1000
41040996 398 1000
41076512 399 1000
41079459 400 1000
41130973 401 1000
41151930 402 1000
41185899 403 1000
41206159 404 1000
41228207 405 1000
41243234 406 1000
41272836 407 1000
41294354 408 1000
41303282 409 1000
41314939 410 1000
41321673 411 1000
41347869 412 1000
41353224 413 1000
41359631 414 1000
41364712 415 1000
41373870 416 1000
41401703 417 1000
41422595 418 1000
41452068 419 1000
41474622 420 1000
41489654 421 1000
41512998 422 1000
41543232 423 1000
41560464 424 1000
41570818 425 1000
41584759 426 1000
41609235 427 1000
41628440 428 1000
41642683 429 1000
41654248 430 1000
41675208 431 1000
41687303 432 1000
41698992 433 1000
41733852 434 1000
41764012 435 1000
41782836 436 1000
41804820 437 1000
41833849 438 1000
41845645 439 1000
41855158 440 1000
41878993 441 1000
41896584 442 1000
41908005 443 1000
41913261 444 1000
41955433 445 1000
41969516 446 1000
41983384 447 1000
42036897 448 1000
42051882 449 1000
42066263 450 1000
42074364 451 1000
42080139 452 1000
42088873 453 1000
42096909 454 1000
42116098 455 1000
42131262 456 1000
42172481 457 1000
42187212 458 1000
42195576 459 1000
42215663 460 1000
42227849 461 1000
42251479 462 1000
42268166 463 1000
42280736 464 1000
42285716 465 1000
42291338 466 1000
42313572 467 1000
42321728 468 1000
42334846 469 1000
42343222 470 1000
42368504 471 1000
42378453 472 1000
42392313 473 1000
42401554 474 1000
42414312 475 1000
42420355 476 1000
42437222 477 1000
42446052 478 1000
42473941 479 1000
42482048 480 1000
42507813 481 1000
42515738 482 1000
42523403 483 1000
42537342 484 1000
42551571 485 1000
42555055 486 1000
42582177 487 1000
42621527 488 1000
42629742 489 1000
42638461 490 1000
42696326 491 1000
42722126 492 1000
42756322 493 1000
42764078 494 1000
42788055 495 1000
42798391 496 1000
42815646 497 1000
42817828 498 1000
42825998 499 1000
42830004 500 1000
42839847 501 1000
42842635 502 1000
42855076 503 1000
42869938 504 1000
42895587 505 1000
42900532 506 1000
42917803 507 1000
42933458 508 1000
42947476 509 1000
42965920 510 1000
42992303 511 1000
43007054 512 1000
43009781 513 1000
43020988 514 1000
43034955 515 1000
43043320 516 1000
43051883 517 1000
43052741 518 1000
43065611 519 1000
43082523 520 1000
43100548 521 1000
43102544 522 1000
43126280 523 1000
43133083 524 1000
43140708 525 1000
43149764 526 1000
43158760 527 1000
43182430 528 1000
43192384 529 1000
43197080 530 1000
43207604 531 1000
43217296 532 1000
43234149 533 1000
43251466 534 1000
43257449 535 1000
43269395 536 1000
43276671 537 1000
43292222 538 1000
43324555 539 1000
43347068 540 1000
43368243 541 1000
43376701 542 1000
43381574 543 1000
43396891 544 1000
43413650 545 1000
43418671 546 1000
43423270 547 1000
43443880 548 1000
43458269 549 1000
43477203 550 1000
43493004 551 1000
43506915 552 1000
43524229 553 1000
43554504 554 1000
43563324 555 1000
43579705 556 1000
43597623 557 1000
43609776 558 1000
43638175 559 1000
43646959 560 1000
43660031 561 1000
43676211 562 1000
43698011 563 1000
43721150 564 1000
43730451 565 1000
43747831 566 1000
43764710 567 1000
43780952 568 1000
43793914 569 1000
43849510 570 1000
43866975 571 1000
43890561 572 1000
43900208 573 1000
43904484 574 1000
43920864 575 1000
43933049 576 1000
43953861 577 1000
43960222 578 1000
43988627 579 1000
43997449 580 1000
44005839 581 1000
44025448 582 1000
44050487 583 1000
44073065 584 1000
44088294 585 1000
44100291 586 1000
44112164 587 1000
44124556 588 1000
44130783 589 1000
44156058 590 1000
44166139 591 1000
44189684 592 1000
44238925 593 1000
44275781 594 1000
44298425 595 1000
44304234 596 1000
44342747 597 1000
44354825 598 1000
44362328 599 1000
44372828 600 1000
44375889 601 1000
44388789 602 1000
44404990 603 1000
44423078 604 1000
44429235 605 1000
44439632 606 1000
44456865 607 1000
44475326 608 1000
44489810 609 1000
44506828 610 1000
44533594 611 1000
44542700 612 1000
44552451 613 1000
44579573 614 1000
44623291 615 1000
44633698 616 1000
44643870 617 1000
44663197 618 1000
44672410 619 1000
44683400 620 1000
44705825 621 1000
44708794 622 1000
44725669 623 1000
44750116 624 1000
44758919 625 1000
44769644 626 1000
44799727 627 1000
44820095 628 1000
44856448 629 1000
44870647 630 1000
44889097 631 1000
44895033 632 1000
44913522 633 1000
44925412 634 1000
44956685 635 1000
44973001 636 1000
44979414 637 1000
45000107 638 1000
45021843 639 1000
45054854 640 1000
45071668 641 1000
45089026 642 1000
45114737 643 1000
45127786 644 1000
45145253 645 1000
45153270 646 1000
45158795 647 1000
45203860 648 1000
45224594 649 1000
45232235 650 1000
45240927 651 1000
45250469 652 1000
45276550 653 1000
45282194 654 1000
45302839 655 1000
45339860 656 1000
45361060 657 1000
45374652 658 1000
45412603 659 1000
45425564 660 1000
45455541 661 1000
45493890 662 1000
45511715 663 1000
45519424 664 1000
45535728 665 1000
45561739 666 1000
45564650 667 1000
45573525 668 1000
45583925 669 1000
45590954 670 1000
45598140 671 1000
45604569 672 1000
45631953 673 1000
45635764 674 1000
45656449 675 1000
45666256 676 1000
45670906 677 1000
45673909 678 1000
45690764 679 1000
45692670 680 1000
45704030 681 1000
45716821 682 1000
45730535 683 1000
45757214 684 1000
45779962 685 1000
45788063 686 1000
45791061 687 1000
45813604 688 1000
45846153 689 1000
45866435 690 1000
45869582 691 1000
45892190 692 1000
45916528 693 1000
45944141 694 1000
45954833 695 1000
45961082 696 1000
45966856 697 1000
45984802 698 1000
46012294 699 1000
46030717 700 1000
46043575 701 1000
46076348 702 1000
46082971 703 1000
46093184 704 1000
46112132 705 1000
46121761 706 1000
46127388 707 1000
46132439 708 1000
46158883 709 1000
46189858 710 1000
46211411 711 1000
46232909 712 1000
46245672 713 1000
46278919 714 1000
46290529 715 1000
46297923 716 1000
46316275 717 1000
46326709 718 1000
46342597 719 1000
46348254 720 1000
46373998 721 1000
46396092 722 1000
46401072 723 1000
46411170 724 1000
46418292 725 1000
46440320 726 1000
46456194 727 1000
46472095 728 1000
46475288 729 1000
46493353 730 1000
46497378 731 1000
46524591 732 1000
46532454 733 1000
46564404 734 1000
46593913 735 1000
46617933 736 1000
46622413 737 1000
46631786 738 1000
46637280 739 1000
46644746 740 1000
46666174 741 1000
46689798 742 1000
46695946 743 1000
46712130 744 1000
46725586 745 1000
46738017 746 1000
46748649 747 1000
46758471 748 1000
46782211 749 1000
46824597 750 1000
46865468 751 1000
46880052 752 1000
46891336 753 1000
46938687 754 1000
46954139 755 1000
46966803 756 1000
46988761 757 1000
47007875 758 1000
47019631 759 1000
47028809 760 1000
47033233 761 1000
47064776 762 1000
47090925 763 1000
47097163 764 1000
47154272 765 1000
47171386 766 1000
47186282 767 1000
47225175 768 1000
47240779 769 1000
47260350 770 1000
47280265 771 1000
47301028 772 1000
47309687 773 1000
47318831 774 1000
47343525 775 1000
47357064 776 1000
47366881 777 1000
47375451 778 1000
47381388 779 1000
47385720 780 1000
47399933 781 1000
47418085 782 1000
47426791 783 1000
47444358 784 1000
47468982 785 1000
47485960 786 1000
47494382 787 1000
47518497 788 1000
47535011 789 1000
47550876 790 1000
47567673 791 1000
47586880 792 1000
47591332 793 1000
47613410 794 1000
47624715 795 1000
47636305 796 1000
47653780 797 1000
47662590 798 1000
47671378 799 1000
47679248 800 1000
47692548 801 1000
47710108 802 1000
47721908 803 1000
47773830 804 1000
47799738 805 1000
47814831 806 1000
47830353 807 1000
47850110 808 1000
47884483 809 1000
47905462 810 1000
47921413 811 1000
47933366 812 1000
47952400 813 1000
47983795 814 1000
48003804 815 1000
48034138 816 1000
48059763 817 1000
48063776 818 1000
48078146 819 1000
48108243 820 1000
48130455 821 1000
48147991 822 1000
48159359 823 1000
48172026 824 1000
48193725 825 1000
48205899 826 1000
48212428 827 1000
48217762 828 1000
48226532 829 1000
48243930 830 1000
48259983 831 1000
48291492 832 1000
48298840 833 1000
48307556 834 1000
48326006 835 1000
48347783 836 1000
48355733 837 1000
48367201 838 1000
48382049 839 1000
48403953 840 1000
48422489 841 1000
48435716 842 1000
48449405 843 1000
48469114 844 1000
48491253 845 1000
48514380 846 1000
48533642 847 1000
48561097 848 1000
48563796 849 1000
48603621 850 1000
48632700 851 1000
48643363 852 1000
48656078 853 1000
48675687 854 1000
48682745 855 1000
48716986 856 1000
48745240 857 1000
48781591 858 1000
48800793 859 1000
48817617 860 1000
48835154 861 1000
48857818 862 1000
48864690 863 1000
48868379 864 1000
48891953 865 1000
48907399 866 1000
48950995 867 1000
48968974 868 1000
48980099 869 1000
48999041 870 1000
49020664 871 1000
49042864 872 1000
49044211 873 1000
49055428 874 1000
49068777 875 1000
49102538 876 1000
49135452 877 1000
49143660 878 1000
49167539 879 1000
49179226 880 1000
49201411 881 1000
49212809 882 1000
49230763 883 1000
49233614 884 1000
49252137 885 1000
49277746 886 1000
49290942 887 1000
49320349 888 1000
49331809 889 1000
49376451 890 1000
49391447 891 1000
49410819 892 1000
49424971 893 1000
49445514 894 1000
49458234 895 1000
49484187 896 1000
49509095 897 1000
49515992 898 1000
49530041 899 1000
49538655 900 1000
49562850 901 1000
49595732 902 1000
49634598 903 1000
49640561 904 1000
49649602 905 1000
49658026 906 1000
49669304 907 1000
49698941 908 1000
49734659 909 1000
49770834 910 1000
49788267 911 1000
49815914 912 1000
49824727 913 1000
49842290 914 1000
49865658 915 1000
49878311 916 1000
49897416 917 1000
49933632 918 1000
49973588 919 1000
49990816 920 1000
50009590 921 1000
50033190 922 1000
50043274 923 1000
50066327 924 1000
50102008 925 1000
50129311 926 1000
50143471 927 1000
50170872 928 1000
50178834 929 1000
50198622 930 1000
50223663 931 1000
50244658 932 1000
50253139 933 1000
50273677 934 1000
50298568 935 1000
50317932 936 1000
50324605 937 1000
50341584 938 1000
50359188 939 1000
50366458 940 1000
50386936 941 1000
50414965 942 1000
50437675 943 1000
50449951 944 1000
50462364 945 1000
50481011 946 1000
50488792 947 1000
50506047 948 1000
50541115 949 1000
50581471 950 1000
50594189 951 1000
50618313 952 1000
50643949 953 1000
50652217 954 1000
50667539 955 1000
50702194 956 1000
50715235 957 1000
50720861 958 1000
50764780 959 1000
50785824 960 1000
50803884 961 1000
50821453 962 1000
50847577 963 1000
50876965 964 1000
50887126 965 1000
50889634 966 1000
50899449 967 1000
50909756 968 1000
50930477 969 1000
50943425 970 1000
50960455 971 1000
50962068 972 1000
50973726 973 1000
51002223 974 1000
51019634 975 1000
51031986 976 1000
51038419 977 1000
51049033 978 1000
51064732 979 1000
51095092 980 1000
51106929 981 1000
51113321 982 1000
51152578 983 1000
51176836 984 1000
51190335 985 1000
51198807 986 1000
51231533 987 1000
51250900 988 1000
51276650 989 1000
51289444 990 1000
51303229 991 1000
51332629 992 1000
51358352 993 1000
51383010 994 1000
51391094 995 1000
51414526 996 1000
51446886 997 1000
51460942 998 1000
51481746 999 1000
