# load avg(tp, lat, bwr, bww, cpu, tps, brps, bwps), sd(...), ci(...)
2 2 864.983285803 58.0782016447 425118.694795 388862.90432 1.7558490566 2.64150943396 0.0 22.641509434 2 0.0 0.0 0.0 0.0 0.0 0.0 0.0 0.0 2 0.0 0.0 0.0 0.0 0.0 0.0 0.0 0.0 
4 4 1452.23265477 71.1422190499 654771.835712 593703.619967 1.82311320755 2.66037735849 0.0 22.9433962264 4 0.0 0.0 0.0 0.0 0.0 0.0 0.0 0.0 4 0.0 0.0 0.0 0.0 0.0 0.0 0.0 0.0 
8 8 55456.1331618 10.0361343309 21866388.6478 19573018.8353 15.7585849057 2.74528301887 0.0 23.0943396226 8 0.0 0.0 0.0 0.0 0.0 0.0 0.0 0.0 8 0.0 0.0 0.0 0.0 0.0 0.0 0.0 0.0 
16 16 97214.8661044 12.0534226255 39436596.5878 35240814.3212 27.3706603774 2.53773584906 0.0 22.641509434 16 0.0 0.0 0.0 0.0 0.0 0.0 0.0 0.0 16 0.0 0.0 0.0 0.0 0.0 0.0 0.0 0.0 
20 20 110557.185951 12.9388240723 44975706.3097 40387835.9624 31.0136792453 2.79245283019 0.0 23.320754717 20 0.0 0.0 0.0 0.0 0.0 0.0 0.0 0.0 20 0.0 0.0 0.0 0.0 0.0 0.0 0.0 0.0 
24 24 123332.038353 14.1357153659 49547196.4579 44384442.5596 32.7352830189 2.75367924528 0.0 23.0106603774 24 0.0 0.0 0.0 0.0 0.0 0.0 0.0 0.0 24 0.0 0.0 0.0 0.0 0.0 0.0 0.0 0.0 
28 28 129972.502842 15.8097544782 52587473.3253 46963977.1299 34.3170754717 2.59433962264 0.0 21.8113207547 28 0.0 0.0 0.0 0.0 0.0 0.0 0.0 0.0 28 0.0 0.0 0.0 0.0 0.0 0.0 0.0 0.0 
32 32 129557.143417 16.3108141828 52704924.7526 47099551.6144 34.1921698113 2.64150943396 0.0 22.8679245283 32 0.0 0.0 0.0 0.0 0.0 0.0 0.0 0.0 32 0.0 0.0 0.0 0.0 0.0 0.0 0.0 0.0 
45 45 130830.982722 19.0326660263 52884004.6307 47385017.6933 35.1779245283 2.48113207547 0.0 21.5094339623 45 0.0 0.0 0.0 0.0 0.0 0.0 0.0 0.0 45 0.0 0.0 0.0 0.0 0.0 0.0 0.0 0.0 
60 60 136174.359276 20.8125385478 55105566.6807 49376289.785 36.2887735849 2.78216981132 0.0 22.6348113208 60 0.0 0.0 0.0 0.0 0.0 0.0 0.0 0.0 60 0.0 0.0 0.0 0.0 0.0 0.0 0.0 0.0 
64 64 138164.141489 21.9825970942 56386736.6561 50649852.1741 36.68 2.33018867925 0.0 20.0 64 0.0 0.0 0.0 0.0 0.0 0.0 0.0 0.0 64 0.0 0.0 0.0 0.0 0.0 0.0 0.0 0.0 
75 75 137606.701232 23.2113288567 54774858.0992 49095515.8136 37.3198181818 2.30357142857 0.0 20.2142857143 75 0.0 0.0 0.0 0.0 0.0 0.0 0.0 0.0 75 0.0 0.0 0.0 0.0 0.0 0.0 0.0 0.0 
90 90 137899.2254 25.8612439224 56064812.6343 50226476.9011 36.8702884615 2.79179245283 0.0 24.145754717 90 0.0 0.0 0.0 0.0 0.0 0.0 0.0 0.0 90 0.0 0.0 0.0 0.0 0.0 0.0 0.0 0.0 
105 105 140101.907265 28.0099025767 57494356.5068 51618359.3121 37.2699056604 2.86622641509 0.0 23.4582075472 105 0.0 0.0 0.0 0.0 0.0 0.0 0.0 0.0 105 0.0 0.0 0.0 0.0 0.0 0.0 0.0 0.0 
120 120 138831.00913 30.6586443588 56447520.222 50545211.1959 37.6044339623 2.45396226415 0.0 21.4431132075 120 0.0 0.0 0.0 0.0 0.0 0.0 0.0 0.0 120 0.0 0.0 0.0 0.0 0.0 0.0 0.0 0.0 
