2611373 0 1000
2747315 1 1000
2813651 2 1000
2842422 3 1000
2878914 4 1000
2911181 5 1000
2937389 6 1000
2953043 7 1000
2973415 8 1000
2984308 9 1000
3006142 10 1000
3029096 11 1000
3046182 12 1000
3057918 13 1000
3063726 14 1000
3072986 15 1000
3083181 16 1000
3089975 17 1000
3098194 18 1000
3105689 19 1000
3118098 20 1000
3124904 21 1000
3130015 22 1000
3135255 23 1000
3142793 24 1000
3150269 25 1000
3160973 26 1000
3169738 27 1000
3177127 28 1000
3182874 29 1000
3191449 30 1000
3198151 31 1000
3206270 32 1000
3210959 33 1000
3217544 34 1000
3227297 35 1000
3232613 36 1000
3235925 37 1000
3241163 38 1000
3246707 39 1000
3254164 40 1000
3259543 41 1000
3265275 42 1000
3269496 43 1000
3274269 44 1000
3279640 45 1000
3283096 46 1000
3290232 47 1000
3297704 48 1000
3303954 49 1000
3311473 50 1000
3317198 51 1000
3321683 52 1000
3325962 53 1000
3327904 54 1000
3330285 55 1000
3333505 56 1000
3336708 57 1000
3340744 58 1000
3345175 59 1000
3351117 60 1000
3354882 61 1000
3358633 62 1000
3361864 63 1000
3369130 64 1000
3373353 65 1000
3378104 66 1000
3382751 67 1000
3385623 68 1000
3390989 69 1000
3394441 70 1000
3398575 71 1000
3401581 72 1000
3404990 73 1000
3407809 74 1000
3411803 75 1000
3415381 76 1000
3418200 77 1000
3421336 78 1000
3425260 79 1000
3427157 80 1000
3429668 81 1000
3432474 82 1000
3436971 83 1000
3439748 84 1000
3444720 85 1000
3449397 86 1000
3452467 87 1000
3456091 88 1000
3460063 89 1000
3463903 90 1000
3466426 91 1000
3467999 92 1000
3470041 93 1000
3473196 94 1000
3474825 95 1000
3477119 96 1000
3480542 97 1000
3483947 98 1000
3485374 99 1000
3487252 100 1000
3489422 101 1000
3491406 102 1000
3493313 103 1000
3495770 104 1000
3498292 105 1000
3500262 106 1000
3504268 107 1000
3506887 108 1000
3511071 109 1000
3513547 110 1000
3517063 111 1000
3519114 112 1000
3521741 113 1000
3524694 114 1000
3528535 115 1000
3531263 116 1000
3534140 117 1000
3537031 118 1000
3539566 119 1000
3542141 120 1000
3544622 121 1000
3547485 122 1000
3549152 123 1000
3550945 124 1000
3554157 125 1000
3556643 126 1000
3559621 127 1000
3561061 128 1000
3562847 129 1000
3565426 130 1000
3567338 131 1000
3569905 132 1000
3572685 133 1000
3574038 134 1000
3576544 135 1000
3578629 136 1000
3581371 137 1000
3583280 138 1000
3584979 139 1000
3586604 140 1000
3587642 141 1000
3589771 142 1000
3593162 143 1000
3595473 144 1000
3597762 145 1000
3600169 146 1000
3603222 147 1000
3604511 148 1000
3606153 149 1000
3607856 150 1000
3609694 151 1000
3612062 152 1000
3613060 153 1000
3616110 154 1000
3617826 155 1000
3619934 156 1000
3621630 157 1000
3624198 158 1000
3625399 159 1000
3626797 160 1000
3628698 161 1000
3630210 162 1000
3631325 163 1000
3632841 164 1000
3635868 165 1000
3637662 166 1000
3640040 167 1000
3641231 168 1000
3642530 169 1000
3645430 170 1000
3646807 171 1000
3649433 172 1000
3650880 173 1000
3652808 174 1000
3655123 175 1000
3656644 176 1000
3657681 177 1000
3659277 178 1000
3660675 179 1000
3661791 180 1000
3662783 181 1000
3664883 182 1000
3666105 183 1000
3667011 184 1000
3668264 185 1000
3669486 186 1000
3670742 187 1000
3672749 188 1000
3673812 189 1000
3675327 190 1000
3677169 191 1000
3678463 192 1000
3680495 193 1000
3681608 194 1000
3684345 195 1000
3684997 196 1000
3686679 197 1000
3687956 198 1000
3689206 199 1000
3690481 200 1000
3691382 201 1000
3692455 202 1000
3693578 203 1000
3694538 204 1000
3697513 205 1000
3699735 206 1000
3701566 207 1000
3703720 208 1000
3706400 209 1000
3707739 210 1000
3709027 211 1000
3710596 212 1000
3711959 213 1000
3714103 214 1000
3715711 215 1000
3717566 216 1000
3718191 217 1000
3720081 218 1000
3722060 219 1000
3723004 220 1000
3723704 221 1000
3724906 222 1000
3726461 223 1000
3728546 224 1000
3729433 225 1000
3731525 226 1000
3732040 227 1000
3733223 228 1000
3735266 229 1000
3737070 230 1000
3738174 231 1000
3739617 232 1000
3741415 233 1000
3742564 234 1000
3744177 235 1000
3745868 236 1000
3746779 237 1000
3748843 238 1000
3749870 239 1000
3751258 240 1000
3751808 241 1000
3752407 242 1000
3753759 243 1000
3755407 244 1000
3756737 245 1000
3758110 246 1000
3759261 247 1000
3760902 248 1000
3762565 249 1000
3763393 250 1000
3765268 251 1000
3767312 252 1000
3769312 253 1000
3771304 254 1000
3772853 255 1000
3774200 256 1000
3775293 257 1000
3776302 258 1000
3778616 259 1000
3779928 260 1000
3781078 261 1000
3782675 262 1000
3783589 263 1000
3785957 264 1000
3786889 265 1000
3788211 266 1000
3789749 267 1000
3790632 268 1000
3792317 269 1000
3792898 270 1000
3793944 271 1000
3795360 272 1000
3797771 273 1000
3799616 274 1000
3800459 275 1000
3801555 276 1000
3803120 277 1000
3804657 278 1000
3806344 279 1000
3807193 280 1000
3808073 281 1000
3808749 282 1000
3810305 283 1000
3811603 284 1000
3812890 285 1000
3814099 286 1000
3814665 287 1000
3816064 288 1000
3817943 289 1000
3819565 290 1000
3820359 291 1000
3822098 292 1000
3823932 293 1000
3825192 294 1000
3826076 295 1000
3827986 296 1000
3828997 297 1000
3829724 298 1000
3830515 299 1000
3831533 300 1000
3832587 301 1000
3833341 302 1000
3834716 303 1000
3836045 304 1000
3836730 305 1000
3838821 306 1000
3839468 307 1000
3840298 308 1000
3841360 309 1000
3842089 310 1000
3843126 311 1000
3843698 312 1000
3844695 313 1000
3846062 314 1000
3846781 315 1000
3848150 316 1000
3849147 317 1000
3850938 318 1000
3851976 319 1000
3852700 320 1000
3853720 321 1000
3854846 322 1000
3855863 323 1000
3857063 324 1000
3858063 325 1000
3859442 326 1000
3860187 327 1000
3861369 328 1000
3861972 329 1000
3862663 330 1000
3864136 331 1000
3866447 332 1000
3867688 333 1000
3868711 334 1000
3869991 335 1000
3872086 336 1000
3872912 337 1000
3874957 338 1000
3875987 339 1000
3877223 340 1000
3878139 341 1000
3878550 342 1000
3879588 343 1000
3880522 344 1000
3881561 345 1000
3882421 346 1000
3883049 347 1000
3883846 348 1000
3885275 349 1000
3886351 350 1000
3887741 351 1000
3889280 352 1000
3889821 353 1000
3891280 354 1000
3892614 355 1000
3892968 356 1000
3894064 357 1000
3895502 358 1000
3896086 359 1000
3897858 360 1000
3898811 361 1000
3900070 362 1000
3901611 363 1000
3902535 364 1000
3903257 365 1000
3904659 366 1000
3905653 367 1000
3906721 368 1000
3907346 369 1000
3908897 370 1000
3909727 371 1000
3910816 372 1000
3911721 373 1000
3912535 374 1000
3913534 375 1000
3914198 376 1000
3915204 377 1000
3916401 378 1000
3917227 379 1000
3918538 380 1000
3919535 381 1000
3919905 382 1000
3920488 383 1000
3921818 384 1000
3922316 385 1000
3923378 386 1000
3923806 387 1000
3924996 388 1000
3925984 389 1000
3926583 390 1000
3927534 391 1000
3928433 392 1000
3929294 393 1000
3930370 394 1000
3931032 395 1000
3932067 396 1000
3933423 397 1000
3934106 398 1000
3934964 399 1000
3936084 400 1000
3937380 401 1000
3938291 402 1000
3939122 403 1000
3939761 404 1000
3940540 405 1000
3941993 406 1000
3942675 407 1000
3943806 408 1000
3945034 409 1000
3945983 410 1000
3946619 411 1000
3947671 412 1000
3948738 413 1000
3949164 414 1000
3950853 415 1000
3951988 416 1000
3953095 417 1000
3953750 418 1000
3954391 419 1000
3954922 420 1000
3956070 421 1000
3957257 422 1000
3958076 423 1000
3958956 424 1000
3959976 425 1000
3961027 426 1000
3962339 427 1000
3963920 428 1000
3964769 429 1000
3966176 430 1000
3966771 431 1000
3967468 432 1000
3967955 433 1000
3969375 434 1000
3970031 435 1000
3970509 436 1000
3971979 437 1000
3972597 438 1000
3973376 439 1000
3974288 440 1000
3975699 441 1000
3976474 442 1000
3978130 443 1000
3978855 444 1000
3979793 445 1000
3980833 446 1000
3981293 447 1000
3982245 448 1000
3983350 449 1000
3984039 450 1000
3985009 451 1000
3985923 452 1000
3986545 453 1000
3987440 454 1000
3988369 455 1000
3989109 456 1000
3990467 457 1000
3991223 458 1000
3992474 459 1000
3993521 460 1000
3994541 461 1000
3995938 462 1000
3997125 463 1000
3997813 464 1000
3998373 465 1000
3999220 466 1000
3999733 467 1000
4000907 468 1000
4002125 469 1000
4003087 470 1000
4004298 471 1000
4005357 472 1000
4006293 473 1000
4007298 474 1000
4008783 475 1000
4009784 476 1000
4010475 477 1000
4011468 478 1000
4013130 479 1000
4014005 480 1000
4014608 481 1000
4015395 482 1000
4016464 483 1000
4017551 484 1000
4018572 485 1000
4019227 486 1000
4020190 487 1000
4021188 488 1000
4022269 489 1000
4023067 490 1000
4023685 491 1000
4024834 492 1000
4026261 493 1000
4027121 494 1000
4027743 495 1000
4028376 496 1000
4029633 497 1000
4031387 498 1000
4032498 499 1000
4033442 500 1000
4034434 501 1000
4035288 502 1000
4036276 503 1000
4037541 504 1000
4038090 505 1000
4038876 506 1000
4040029 507 1000
4041541 508 1000
4042652 509 1000
4043336 510 1000
4044348 511 1000
4045915 512 1000
4046807 513 1000
4047644 514 1000
4048447 515 1000
4049370 516 1000
4050314 517 1000
4051665 518 1000
4053130 519 1000
4054080 520 1000
4054911 521 1000
4056139 522 1000
4056992 523 1000
4057505 524 1000
4058804 525 1000
4060545 526 1000
4061611 527 1000
4062500 528 1000
4063136 529 1000
4064097 530 1000
4065251 531 1000
4066145 532 1000
4066803 533 1000
4067724 534 1000
4068383 535 1000
4069163 536 1000
4070581 537 1000
4071806 538 1000
4072602 539 1000
4073991 540 1000
4074521 541 1000
4075704 542 1000
4076673 543 1000
4077374 544 1000
4078304 545 1000
4079844 546 1000
4080998 547 1000
4081471 548 1000
4082268 549 1000
4083009 550 1000
4084023 551 1000
4084853 552 1000
4086106 553 1000
4086759 554 1000
4087532 555 1000
4088218 556 1000
4088914 557 1000
4090146 558 1000
4091572 559 1000
4093143 560 1000
4094845 561 1000
4096188 562 1000
4097721 563 1000
4098766 564 1000
4099461 565 1000
4100390 566 1000
4101699 567 1000
4103174 568 1000
4104068 569 1000
4104902 570 1000
4105832 571 1000
4106521 572 1000
4107890 573 1000
4109232 574 1000
4109972 575 1000
4110752 576 1000
4111681 577 1000
4112429 578 1000
4113326 579 1000
4114389 580 1000
4115801 581 1000
4116384 582 1000
4117575 583 1000
4118448 584 1000
4119499 585 1000
4120857 586 1000
4122586 587 1000
4123845 588 1000
4125191 589 1000
4125958 590 1000
4127285 591 1000
4128693 592 1000
4129397 593 1000
4130205 594 1000
4131255 595 1000
4132297 596 1000
4133687 597 1000
4134355 598 1000
4135410 599 1000
4136291 600 1000
4137785 601 1000
4138584 602 1000
4139562 603 1000
4140357 604 1000
4141929 605 1000
4143100 606 1000
4143919 607 1000
4145066 608 1000
4146159 609 1000
4146966 610 1000
4148640 611 1000
4149214 612 1000
4150358 613 1000
4151781 614 1000
4152726 615 1000
4153442 616 1000
4154386 617 1000
4155052 618 1000
4156168 619 1000
4157744 620 1000
4159949 621 1000
4160762 622 1000
4161335 623 1000
4162164 624 1000
4163407 625 1000
4164888 626 1000
4166610 627 1000
4167572 628 1000
4169209 629 1000
4170952 630 1000
4171875 631 1000
4173052 632 1000
4174673 633 1000
4176019 634 1000
4177177 635 1000
4178891 636 1000
4180043 637 1000
4181922 638 1000
4183031 639 1000
4183936 640 1000
4185299 641 1000
4186838 642 1000
4188219 643 1000
4188519 644 1000
4189765 645 1000
4190757 646 1000
4191641 647 1000
4193066 648 1000
4194245 649 1000
4194956 650 1000
4196276 651 1000
4196765 652 1000
4198200 653 1000
4199242 654 1000
4200387 655 1000
4201373 656 1000
4202816 657 1000
4204108 658 1000
4205826 659 1000
4207271 660 1000
4208139 661 1000
4209067 662 1000
4210364 663 1000
4210798 664 1000
4212713 665 1000
4213799 666 1000
4214795 667 1000
4215545 668 1000
4216743 669 1000
4217276 670 1000
4219038 671 1000
4220801 672 1000
4222103 673 1000
4223040 674 1000
4224156 675 1000
4224918 676 1000
4225879 677 1000
4227007 678 1000
4227643 679 1000
4229856 680 1000
4230831 681 1000
4232509 682 1000
4233641 683 1000
4234930 684 1000
4236088 685 1000
4237155 686 1000
4239721 687 1000
4241638 688 1000
4243082 689 1000
4244585 690 1000
4246539 691 1000
4248650 692 1000
4249262 693 1000
4251017 694 1000
4251954 695 1000
4252573 696 1000
4254020 697 1000
4255594 698 1000
4256594 699 1000
4258192 700 1000
4259160 701 1000
4260688 702 1000
4261639 703 1000
4263698 704 1000
4264714 705 1000
4265979 706 1000
4267132 707 1000
4268512 708 1000
4269735 709 1000
4271025 710 1000
4272611 711 1000
4274540 712 1000
4275474 713 1000
4276109 714 1000
4277924 715 1000
4278962 716 1000
4280481 717 1000
4282556 718 1000
4283797 719 1000
4285829 720 1000
4287452 721 1000
4288584 722 1000
4289325 723 1000
4290213 724 1000
4292303 725 1000
4294276 726 1000
4296276 727 1000
4297344 728 1000
4298900 729 1000
4300632 730 1000
4301430 731 1000
4302968 732 1000
4303970 733 1000
4305398 734 1000
4307089 735 1000
4309241 736 1000
4310639 737 1000
4311550 738 1000
4312672 739 1000
4314092 740 1000
4314780 741 1000
4316483 742 1000
4317457 743 1000
4319916 744 1000
4321137 745 1000
4322590 746 1000
4324243 747 1000
4325276 748 1000
4327593 749 1000
4328859 750 1000
4330202 751 1000
4332161 752 1000
4333704 753 1000
4336818 754 1000
4338794 755 1000
4340559 756 1000
4341959 757 1000
4343424 758 1000
4346053 759 1000
4347732 760 1000
4349606 761 1000
4351950 762 1000
4353748 763 1000
4355832 764 1000
4357143 765 1000
4357931 766 1000
4360119 767 1000
4361710 768 1000
4364352 769 1000
4366984 770 1000
4368779 771 1000
4369637 772 1000
4371620 773 1000
4372357 774 1000
4375027 775 1000
4376933 776 1000
4378900 777 1000
4380006 778 1000
4381321 779 1000
4382475 780 1000
4384729 781 1000
4386069 782 1000
4388943 783 1000
4391391 784 1000
4393688 785 1000
4395444 786 1000
4398370 787 1000
4400201 788 1000
4401763 789 1000
4402684 790 1000
4404830 791 1000
4406833 792 1000
4408822 793 1000
4410501 794 1000
4413110 795 1000
4415125 796 1000
4417551 797 1000
4419908 798 1000
4421612 799 1000
4423111 800 1000
4425206 801 1000
4427066 802 1000
4430079 803 1000
4431239 804 1000
4432772 805 1000
4433631 806 1000
4435229 807 1000
4437605 808 1000
4439321 809 1000
4442297 810 1000
4444833 811 1000
4446897 812 1000
4449960 813 1000
4451574 814 1000
4452958 815 1000
4454351 816 1000
4457109 817 1000
4459184 818 1000
4461580 819 1000
4462505 820 1000
4463301 821 1000
4466799 822 1000
4468803 823 1000
4472937 824 1000
4474965 825 1000
4476976 826 1000
4478078 827 1000
4481063 828 1000
4484084 829 1000
4485210 830 1000
4486966 831 1000
4489517 832 1000
4491060 833 1000
4492559 834 1000
4495785 835 1000
4498242 836 1000
4500648 837 1000
4503517 838 1000
4506791 839 1000
4508438 840 1000
4512387 841 1000
4514776 842 1000
4517344 843 1000
4519096 844 1000
4522840 845 1000
4525294 846 1000
4527671 847 1000
4530265 848 1000
4532100 849 1000
4534305 850 1000
4536996 851 1000
4539320 852 1000
4542463 853 1000
4544610 854 1000
4547363 855 1000
4550258 856 1000
4552125 857 1000
4554659 858 1000
4558031 859 1000
4562944 860 1000
4563952 861 1000
4567830 862 1000
4569818 863 1000
4574046 864 1000
4575587 865 1000
4577849 866 1000
4579575 867 1000
4582567 868 1000
4584382 869 1000
4586308 870 1000
4590317 871 1000
4593127 872 1000
4595539 873 1000
4598082 874 1000
4602051 875 1000
4604175 876 1000
4606920 877 1000
4609962 878 1000
4612766 879 1000
4615185 880 1000
4618520 881 1000
4621526 882 1000
4625793 883 1000
4629312 884 1000
4631866 885 1000
4634326 886 1000
4638309 887 1000
4639990 888 1000
4643736 889 1000
4649627 890 1000
4656545 891 1000
4662188 892 1000
4664175 893 1000
4666661 894 1000
4670949 895 1000
4673066 896 1000
4676171 897 1000
4679715 898 1000
4682981 899 1000
4686576 900 1000
4689390 901 1000
4691817 902 1000
4694172 903 1000
4698594 904 1000
4703223 905 1000
4708730 906 1000
4712058 907 1000
4719681 908 1000
4724624 909 1000
4730139 910 1000
4733462 911 1000
4738139 912 1000
4745267 913 1000
4749696 914 1000
4760692 915 1000
4768853 916 1000
4773224 917 1000
4776922 918 1000
4778687 919 1000
4787035 920 1000
4790037 921 1000
4795834 922 1000
4801574 923 1000
4805239 924 1000
4810118 925 1000
4817083 926 1000
4828170 927 1000
4832937 928 1000
4844406 929 1000
4848540 930 1000
4852892 931 1000
4862931 932 1000
4865454 933 1000
4874832 934 1000
4879728 935 1000
4887889 936 1000
4894939 937 1000
4900901 938 1000
4907620 939 1000
4913637 940 1000
4917739 941 1000
4925174 942 1000
4930445 943 1000
4936190 944 1000
4943715 945 1000
4952306 946 1000
4955429 947 1000
4960757 948 1000
4966733 949 1000
4978230 950 1000
4985529 951 1000
5001082 952 1000
5008140 953 1000
5015132 954 1000
5019992 955 1000
5024041 956 1000
5039995 957 1000
5047686 958 1000
5054405 959 1000
5065806 960 1000
5076200 961 1000
5084505 962 1000
5090814 963 1000
5099049 964 1000
5110066 965 1000
5123833 966 1000
5131088 967 1000
5143049 968 1000
5160409 969 1000
5169641 970 1000
5176813 971 1000
5181018 972 1000
5198079 973 1000
5206598 974 1000
5216342 975 1000
5223232 976 1000
5234678 977 1000
5256191 978 1000
5269133 979 1000
5288555 980 1000
5308395 981 1000
5322956 982 1000
5340975 983 1000
5349781 984 1000
5361983 985 1000
5389628 986 1000
5404824 987 1000
5427732 988 1000
5439725 989 1000
5465445 990 1000
5490976 991 1000
5523487 992 1000
5538053 993 1000
5552370 994 1000
5572721 995 1000
5604111 996 1000
5629058 997 1000
5655725 998 1000
5680505 999 1000
