3115657 0 1000
3349693 1 1000
3434575 2 1000
3474819 3 1000
3502015 4 1000
3531724 5 1000
3572743 6 1000
3586381 7 1000
3608506 8 1000
3622545 9 1000
3632973 10 1000
3649282 11 1000
3660166 12 1000
3670376 13 1000
3678346 14 1000
3686103 15 1000
3690671 16 1000
3697412 17 1000
3703678 18 1000
3711984 19 1000
3716682 20 1000
3722753 21 1000
3730411 22 1000
3740384 23 1000
3750580 24 1000
3759323 25 1000
3765622 26 1000
3773611 27 1000
3780594 28 1000
3786133 29 1000
3792008 30 1000
3797678 31 1000
3806726 32 1000
3814972 33 1000
3825753 34 1000
3831469 35 1000
3836134 36 1000
3842399 37 1000
3854955 38 1000
3860495 39 1000
3864448 40 1000
3867611 41 1000
3871583 42 1000
3875827 43 1000
3885385 44 1000
3889859 45 1000
3895529 46 1000
3901427 47 1000
3908285 48 1000
3912550 49 1000
3918241 50 1000
3923506 51 1000
3930248 52 1000
3934411 53 1000
3938568 54 1000
3941623 55 1000
3949280 56 1000
3953180 57 1000
3958253 58 1000
3962001 59 1000
3967815 60 1000
3972186 61 1000
3978534 62 1000
3985515 63 1000
3991390 64 1000
3996063 65 1000
4002951 66 1000
4008467 67 1000
4012328 68 1000
4016651 69 1000
4020591 70 1000
4026374 71 1000
4033263 72 1000
4038115 73 1000
4043625 74 1000
4049980 75 1000
4054215 76 1000
4061070 77 1000
4067539 78 1000
4074031 79 1000
4080739 80 1000
4085662 81 1000
4089557 82 1000
4096289 83 1000
4101928 84 1000
4109710 85 1000
4118592 86 1000
4123092 87 1000
4131418 88 1000
4139144 89 1000
4144608 90 1000
4151559 91 1000
4156374 92 1000
4165881 93 1000
4169343 94 1000
4172994 95 1000
4178849 96 1000
4183839 97 1000
4187755 98 1000
4195846 99 1000
4201236 100 1000
4206675 101 1000
4211526 102 1000
4219134 103 1000
4224199 104 1000
4229146 105 1000
4239042 106 1000
4243031 107 1000
4249721 108 1000
4255637 109 1000
4259660 110 1000
4271286 111 1000
4276078 112 1000
4280777 113 1000
4286159 114 1000
4291681 115 1000
4297719 116 1000
4303289 117 1000
4309163 118 1000
4314537 119 1000
4320220 120 1000
4324342 121 1000
4332962 122 1000
4340880 123 1000
4347282 124 1000
4354639 125 1000
4360563 126 1000
4365744 127 1000
4373652 128 1000
4381326 129 1000
4385970 130 1000
4392978 131 1000
4402272 132 1000
4408199 133 1000
4413552 134 1000
4420256 135 1000
4425746 136 1000
4432175 137 1000
4438461 138 1000
4444941 139 1000
4450575 140 1000
4461334 141 1000
4466629 142 1000
4478119 143 1000
4485473 144 1000
4491884 145 1000
4496971 146 1000
4501679 147 1000
4508129 148 1000
4514361 149 1000
4523506 150 1000
4529951 151 1000
4536755 152 1000
4547326 153 1000
4558055 154 1000
4565468 155 1000
4571885 156 1000
4581284 157 1000
4584692 158 1000
4595393 159 1000
4601177 160 1000
4611053 161 1000
4617274 162 1000
4624224 163 1000
4631670 164 1000
4635094 165 1000
4640923 166 1000
4650659 167 1000
4659357 168 1000
4666824 169 1000
4673824 170 1000
4682285 171 1000
4691935 172 1000
4701546 173 1000
4707351 174 1000
4713525 175 1000
4721360 176 1000
4726181 177 1000
4732199 178 1000
4742169 179 1000
4748183 180 1000
4752362 181 1000
4759860 182 1000
4765905 183 1000
4774066 184 1000
4781672 185 1000
4787389 186 1000
4797932 187 1000
4807604 188 1000
4811238 189 1000
4822866 190 1000
4830703 191 1000
4836878 192 1000
4850291 193 1000
4856398 194 1000
4862827 195 1000
4868263 196 1000
4874310 197 1000
4884317 198 1000
4893851 199 1000
4906685 200 1000
4914332 201 1000
4922982 202 1000
4933333 203 1000
4940611 204 1000
4951065 205 1000
4956512 206 1000
4962012 207 1000
4970437 208 1000
4975819 209 1000
4980524 210 1000
4986314 211 1000
4992754 212 1000
4996582 213 1000
5005067 214 1000
5014006 215 1000
5024101 216 1000
5029599 217 1000
5034719 218 1000
5043890 219 1000
5046534 220 1000
5049930 221 1000
5053887 222 1000
5058940 223 1000
5063180 224 1000
5067696 225 1000
5073332 226 1000
5080056 227 1000
5085512 228 1000
5095251 229 1000
5099627 230 1000
5106756 231 1000
5109578 232 1000
5114756 233 1000
5117958 234 1000
5123509 235 1000
5126290 236 1000
5130853 237 1000
5134680 238 1000
5138297 239 1000
5145703 240 1000
5148615 241 1000
5153017 242 1000
5156850 243 1000
5161038 244 1000
5166772 245 1000
5170479 246 1000
5174497 247 1000
5179657 248 1000
5181541 249 1000
5185705 250 1000
5190952 251 1000
5194696 252 1000
5199263 253 1000
5204475 254 1000
5208409 255 1000
5211547 256 1000
5215666 257 1000
5217474 258 1000
5220504 259 1000
5222584 260 1000
5225934 261 1000
5229496 262 1000
5231961 263 1000
5234913 264 1000
5237018 265 1000
5240670 266 1000
5243814 267 1000
5245955 268 1000
5250361 269 1000
5251629 270 1000
5255008 271 1000
5256579 272 1000
5259903 273 1000
5261917 274 1000
5264270 275 1000
5267470 276 1000
5270402 277 1000
5272580 278 1000
5275555 279 1000
5277752 280 1000
5280477 281 1000
5282768 282 1000
5285256 283 1000
5287186 284 1000
5289637 285 1000
5291467 286 1000
5294203 287 1000
5296328 288 1000
5299407 289 1000
5303312 290 1000
5305297 291 1000
5307270 292 1000
5309196 293 1000
5312484 294 1000
5316899 295 1000
5319365 296 1000
5322564 297 1000
5327284 298 1000
5329156 299 1000
5331932 300 1000
5334646 301 1000
5337082 302 1000
5339389 303 1000
5341555 304 1000
5345063 305 1000
5346398 306 1000
5350729 307 1000
5356021 308 1000
5359161 309 1000
5362221 310 1000
5366350 311 1000
5370296 312 1000
5372113 313 1000
5375572 314 1000
5378750 315 1000
5382335 316 1000
5384609 317 1000
5386034 318 1000
5388563 319 1000
5392823 320 1000
5396868 321 1000
5400879 322 1000
5404287 323 1000
5406303 324 1000
5408496 325 1000
5411769 326 1000
5414900 327 1000
5417009 328 1000
5420375 329 1000
5423392 330 1000
5426925 331 1000
5429115 332 1000
5432043 333 1000
5434630 334 1000
5439858 335 1000
5443016 336 1000
5444914 337 1000
5447647 338 1000
5451368 339 1000
5455112 340 1000
5459006 341 1000
5461041 342 1000
5463237 343 1000
5465043 344 1000
5467760 345 1000
5471948 346 1000
5474660 347 1000
5477797 348 1000
5480592 349 1000
5484099 350 1000
5487764 351 1000
5489469 352 1000
5492110 353 1000
5495691 354 1000
5497596 355 1000
5499637 356 1000
5502671 357 1000
5506723 358 1000
5510425 359 1000
5514829 360 1000
5517511 361 1000
5519540 362 1000
5522217 363 1000
5525829 364 1000
5527663 365 1000
5531134 366 1000
5534927 367 1000
5538930 368 1000
5543513 369 1000
5546315 370 1000
5549363 371 1000
5551897 372 1000
5553789 373 1000
5556943 374 1000
5558384 375 1000
5559677 376 1000
5562935 377 1000
5566734 378 1000
5568810 379 1000
5573412 380 1000
5575684 381 1000
5579771 382 1000
5583958 383 1000
5585895 384 1000
5589594 385 1000
5593201 386 1000
5597215 387 1000
5599591 388 1000
5602477 389 1000
5606856 390 1000
5610138 391 1000
5613152 392 1000
5616307 393 1000
5621296 394 1000
5624302 395 1000
5627314 396 1000
5631383 397 1000
5634460 398 1000
5637180 399 1000
5641799 400 1000
5643980 401 1000
5647042 402 1000
5649471 403 1000
5653206 404 1000
5656435 405 1000
5659490 406 1000
5661403 407 1000
5664587 408 1000
5668079 409 1000
5671534 410 1000
5675444 411 1000
5679522 412 1000
5684041 413 1000
5689384 414 1000
5693544 415 1000
5697312 416 1000
5702391 417 1000
5706661 418 1000
5709866 419 1000
5715994 420 1000
5719426 421 1000
5725104 422 1000
5729146 423 1000
5733102 424 1000
5736831 425 1000
5738979 426 1000
5743268 427 1000
5747119 428 1000
5749861 429 1000
5753323 430 1000
5758527 431 1000
5764192 432 1000
5768968 433 1000
5775248 434 1000
5777627 435 1000
5781551 436 1000
5787562 437 1000
5792748 438 1000
5796687 439 1000
5798560 440 1000
5801189 441 1000
5806674 442 1000
5811990 443 1000
5818134 444 1000
5820936 445 1000
5825381 446 1000
5831546 447 1000
5835663 448 1000
5840581 449 1000
5845801 450 1000
5850741 451 1000
5855475 452 1000
5860109 453 1000
5862692 454 1000
5868662 455 1000
5873313 456 1000
5876752 457 1000
5880592 458 1000
5886648 459 1000
5890785 460 1000
5894212 461 1000
5899710 462 1000
5904396 463 1000
5910219 464 1000
5919941 465 1000
5925501 466 1000
5930895 467 1000
5936702 468 1000
5943886 469 1000
5949710 470 1000
5952205 471 1000
5957393 472 1000
5963600 473 1000
5966582 474 1000
5970966 475 1000
5975041 476 1000
5979516 477 1000
5986907 478 1000
5991967 479 1000
6000146 480 1000
6004074 481 1000
6011007 482 1000
6017522 483 1000
6023240 484 1000
6028457 485 1000
6033901 486 1000
6039303 487 1000
6044289 488 1000
6047352 489 1000
6051690 490 1000
6056698 491 1000
6064585 492 1000
6072116 493 1000
6079026 494 1000
6084926 495 1000
6092679 496 1000
6098247 497 1000
6104919 498 1000
6112256 499 1000
6116193 500 1000
6127292 501 1000
6131394 502 1000
6142796 503 1000
6147631 504 1000
6153632 505 1000
6159002 506 1000
6162978 507 1000
6166733 508 1000
6173073 509 1000
6180812 510 1000
6186281 511 1000
6194518 512 1000
6199595 513 1000
6202745 514 1000
6210338 515 1000
6218132 516 1000
6224668 517 1000
6233361 518 1000
6239918 519 1000
6244496 520 1000
6249715 521 1000
6254535 522 1000
6260117 523 1000
6264799 524 1000
6271661 525 1000
6280571 526 1000
6287071 527 1000
6294244 528 1000
6296890 529 1000
6303010 530 1000
6313419 531 1000
6318707 532 1000
6325756 533 1000
6331711 534 1000
6335445 535 1000
6342189 536 1000
6348226 537 1000
6353348 538 1000
6359561 539 1000
6365839 540 1000
6372854 541 1000
6377319 542 1000
6383302 543 1000
6388315 544 1000
6392163 545 1000
6398402 546 1000
6405464 547 1000
6412904 548 1000
6421018 549 1000
6426325 550 1000
6430440 551 1000
6436945 552 1000
6446100 553 1000
6450627 554 1000
6457046 555 1000
6461247 556 1000
6469121 557 1000
6474107 558 1000
6479964 559 1000
6485815 560 1000
6492659 561 1000
6503158 562 1000
6507328 563 1000
6511337 564 1000
6515253 565 1000
6520072 566 1000
6527390 567 1000
6534140 568 1000
6539213 569 1000
6547379 570 1000
6555497 571 1000
6562135 572 1000
6572444 573 1000
6581673 574 1000
6585852 575 1000
6591066 576 1000
6599110 577 1000
6607409 578 1000
6611504 579 1000
6618859 580 1000
6627342 581 1000
6636607 582 1000
6643177 583 1000
6652554 584 1000
6658646 585 1000
6665711 586 1000
6672268 587 1000
6681996 588 1000
6689579 589 1000
6698845 590 1000
6708089 591 1000
6718256 592 1000
6730192 593 1000
6738793 594 1000
6750634 595 1000
6757171 596 1000
6763833 597 1000
6777211 598 1000
6785207 599 1000
6792426 600 1000
6808007 601 1000
6813684 602 1000
6821502 603 1000
6834543 604 1000
6843050 605 1000
6853014 606 1000
6863721 607 1000
6874627 608 1000
6878951 609 1000
6885753 610 1000
6896565 611 1000
6904232 612 1000
6908944 613 1000
6914486 614 1000
6924609 615 1000
6931814 616 1000
6937000 617 1000
6943285 618 1000
6952053 619 1000
6961522 620 1000
6971763 621 1000
6982413 622 1000
6991121 623 1000
6996885 624 1000
7007856 625 1000
7012802 626 1000
7020886 627 1000
7034963 628 1000
7042899 629 1000
7052019 630 1000
7064315 631 1000
7073588 632 1000
7080961 633 1000
7089553 634 1000
7100722 635 1000
7110967 636 1000
7119358 637 1000
7126961 638 1000
7135913 639 1000
7141520 640 1000
7152063 641 1000
7159317 642 1000
7166959 643 1000
7172417 644 1000
7178213 645 1000
7185825 646 1000
7191834 647 1000
7201509 648 1000
7210271 649 1000
7222675 650 1000
7229199 651 1000
7237644 652 1000
7247246 653 1000
7258511 654 1000
7267843 655 1000
7276015 656 1000
7283113 657 1000
7290952 658 1000
7302532 659 1000
7311760 660 1000
7317512 661 1000
7329836 662 1000
7337361 663 1000
7343004 664 1000
7354991 665 1000
7361453 666 1000
7367450 667 1000
7372856 668 1000
7379075 669 1000
7391002 670 1000
7396031 671 1000
7402614 672 1000
7410131 673 1000
7414721 674 1000
7424318 675 1000
7429459 676 1000
7434880 677 1000
7440362 678 1000
7445524 679 1000
7451851 680 1000
7458042 681 1000
7466379 682 1000
7472500 683 1000
7482501 684 1000
7489907 685 1000
7496007 686 1000
7504887 687 1000
7511936 688 1000
7519066 689 1000
7525364 690 1000
7533526 691 1000
7539490 692 1000
7545894 693 1000
7551280 694 1000
7560701 695 1000
7567868 696 1000
7573605 697 1000
7581035 698 1000
7586370 699 1000
7590002 700 1000
7595326 701 1000
7599763 702 1000
7607255 703 1000
7615662 704 1000
7622398 705 1000
7628265 706 1000
7634489 707 1000
7639467 708 1000
7646865 709 1000
7652989 710 1000
7657508 711 1000
7665988 712 1000
7673303 713 1000
7681059 714 1000
7689057 715 1000
7696746 716 1000
7704558 717 1000
7714089 718 1000
7721010 719 1000
7729561 720 1000
7736220 721 1000
7742336 722 1000
7751227 723 1000
7757721 724 1000
7765535 725 1000
7777244 726 1000
7787716 727 1000
7794717 728 1000
7805494 729 1000
7811603 730 1000
7820803 731 1000
7829569 732 1000
7837567 733 1000
7846929 734 1000
7854537 735 1000
7860171 736 1000
7871891 737 1000
7877807 738 1000
7884818 739 1000
7893424 740 1000
7902808 741 1000
7912276 742 1000
7918991 743 1000
7926829 744 1000
7932077 745 1000
7941080 746 1000
7948646 747 1000
7959357 748 1000
7972993 749 1000
7982153 750 1000
8005297 751 1000
8014767 752 1000
8022603 753 1000
8034961 754 1000
8046909 755 1000
8056934 756 1000
8065400 757 1000
8078707 758 1000
8090369 759 1000
8098151 760 1000
8106911 761 1000
8119776 762 1000
8133853 763 1000
8156447 764 1000
8174897 765 1000
8190710 766 1000
8205909 767 1000
8226373 768 1000
8249729 769 1000
8278105 770 1000
8291447 771 1000
8319172 772 1000
8350691 773 1000
8399350 774 1000
8427630 775 1000
8466559 776 1000
8500705 777 1000
8547424 778 1000
8604885 779 1000
8676721 780 1000
8723281 781 1000
8745658 782 1000
8766559 783 1000
8803230 784 1000
8821864 785 1000
8841548 786 1000
8876476 787 1000
8895936 788 1000
8912410 789 1000
8926615 790 1000
8938696 791 1000
8954993 792 1000
8968363 793 1000
8988462 794 1000
8998980 795 1000
9010537 796 1000
9021137 797 1000
9029142 798 1000
9039361 799 1000
9046622 800 1000
9057016 801 1000
9061409 802 1000
9071168 803 1000
9078288 804 1000
9084409 805 1000
9090423 806 1000
9095500 807 1000
9100558 808 1000
9105817 809 1000
9112184 810 1000
9119076 811 1000
9124877 812 1000
9129301 813 1000
9132838 814 1000
9135530 815 1000
9140092 816 1000
9145992 817 1000
9149145 818 1000
9153349 819 1000
9158611 820 1000
9162918 821 1000
9168861 822 1000
9173305 823 1000
9179445 824 1000
9183076 825 1000
9187460 826 1000
9191742 827 1000
9197631 828 1000
9201793 829 1000
9204687 830 1000
9210208 831 1000
9214855 832 1000
9216596 833 1000
9221600 834 1000
9225840 835 1000
9228723 836 1000
9232049 837 1000
9236198 838 1000
9240637 839 1000
9242475 840 1000
9246078 841 1000
9249560 842 1000
9252463 843 1000
9255607 844 1000
9260711 845 1000
9268405 846 1000
9271411 847 1000
9274072 848 1000
9277431 849 1000
9281017 850 1000
9284938 851 1000
9290212 852 1000
9293640 853 1000
9299334 854 1000
9304433 855 1000
9309026 856 1000
9314746 857 1000
9321561 858 1000
9326321 859 1000
9329751 860 1000
9338728 861 1000
9345526 862 1000
9360341 863 1000
9369572 864 1000
9381618 865 1000
9389387 866 1000
9403002 867 1000
9415499 868 1000
9425920 869 1000
9438718 870 1000
9452255 871 1000
9462529 872 1000
9483742 873 1000
9505851 874 1000
9522189 875 1000
9563215 876 1000
9600782 877 1000
9621447 878 1000
9660851 879 1000
9701553 880 1000
9757924 881 1000
9827993 882 1000
9891197 883 1000
10036319 884 1000
10103869 885 1000
10187928 886 1000
10240252 887 1000
10299324 888 1000
10343039 889 1000
10418843 890 1000
10450632 891 1000
10483689 892 1000
10512597 893 1000
10533695 894 1000
10558746 895 1000
10580666 896 1000
10595361 897 1000
10610448 898 1000
10621447 899 1000
10633555 900 1000
10646895 901 1000
10655546 902 1000
10670067 903 1000
10691026 904 1000
10700894 905 1000
10714360 906 1000
10726313 907 1000
10744716 908 1000
10754762 909 1000
10768799 910 1000
10779701 911 1000
10791851 912 1000
10808063 913 1000
10816586 914 1000
10828385 915 1000
10841362 916 1000
10860286 917 1000
10891444 918 1000
10930915 919 1000
10982384 920 1000
11015909 921 1000
11062735 922 1000
11118775 923 1000
11170910 924 1000
11208102 925 1000
11277550 926 1000
11323348 927 1000
11371153 928 1000
11450575 929 1000
11493589 930 1000
11534543 931 1000
11567705 932 1000
11613071 933 1000
11651361 934 1000
11706831 935 1000
11732835 936 1000
11776487 937 1000
11831860 938 1000
11876421 939 1000
11914186 940 1000
11966907 941 1000
11996606 942 1000
12065697 943 1000
12129435 944 1000
12252347 945 1000
12406242 946 1000
12547283 947 1000
12799757 948 1000
12926599 949 1000
13040840 950 1000
13182315 951 1000
13607978 952 1000
13942607 953 1000
14072939 954 1000
14125547 955 1000
14192549 956 1000
14240192 957 1000
14313386 958 1000
14347388 959 1000
14404768 960 1000
14436145 961 1000
14488669 962 1000
14556595 963 1000
14704267 964 1000
15059199 965 1000
15399043 966 1000
15567042 967 1000
15760807 968 1000
15897614 969 1000
15995706 970 1000
16061694 971 1000
16092786 972 1000
16143934 973 1000
16199921 974 1000
16231886 975 1000
16264044 976 1000
16308751 977 1000
16330750 978 1000
16357867 979 1000
16376559 980 1000
16396726 981 1000
16420148 982 1000
16435101 983 1000
16446695 984 1000
16470759 985 1000
16483815 986 1000
16500773 987 1000
16518507 988 1000
16534726 989 1000
16541090 990 1000
16547426 991 1000
16568132 992 1000
16578271 993 1000
16592255 994 1000
16606950 995 1000
16620834 996 1000
16638793 997 1000
16653996 998 1000
16658921 999 1000
