2777444 0 1000
3014112 1 1000
3076297 2 1000
3125421 3 1000
3165574 4 1000
3202248 5 1000
3226847 6 1000
3243784 7 1000
3255586 8 1000
3269126 9 1000
3284671 10 1000
3300488 11 1000
3317535 12 1000
3329412 13 1000
3343450 14 1000
3369877 15 1000
3382009 16 1000
3390756 17 1000
3403109 18 1000
3419404 19 1000
3429741 20 1000
3440839 21 1000
3451677 22 1000
3460593 23 1000
3473781 24 1000
3488682 25 1000
3498509 26 1000
3510728 27 1000
3519378 28 1000
3532759 29 1000
3539385 30 1000
3550358 31 1000
3558188 32 1000
3564998 33 1000
3572046 34 1000
3582162 35 1000
3587959 36 1000
3599016 37 1000
3609143 38 1000
3617620 39 1000
3626729 40 1000
3632279 41 1000
3639190 42 1000
3644641 43 1000
3653083 44 1000
3659819 45 1000
3667131 46 1000
3673204 47 1000
3680011 48 1000
3685143 49 1000
3692420 50 1000
3698444 51 1000
3705529 52 1000
3711173 53 1000
3717058 54 1000
3724546 55 1000
3731938 56 1000
3736305 57 1000
3745010 58 1000
3750520 59 1000
3753607 60 1000
3762197 61 1000
3769619 62 1000
3774846 63 1000
3779652 64 1000
3787360 65 1000
3791028 66 1000
3797646 67 1000
3806590 68 1000
3813181 69 1000
3820466 70 1000
3829387 71 1000
3834989 72 1000
3840820 73 1000
3846073 74 1000
3850015 75 1000
3855389 76 1000
3860400 77 1000
3865651 78 1000
3870457 79 1000
3875805 80 1000
3883511 81 1000
3889214 82 1000
3895913 83 1000
3903540 84 1000
3908558 85 1000
3915432 86 1000
3921431 87 1000
3928762 88 1000
3934958 89 1000
3939954 90 1000
3947074 91 1000
3953608 92 1000
3959284 93 1000
3968084 94 1000
3973758 95 1000
3979724 96 1000
3985724 97 1000
3994969 98 1000
3999527 99 1000
4007603 100 1000
4013930 101 1000
4020627 102 1000
4028259 103 1000
4033964 104 1000
4039686 105 1000
4044653 106 1000
4051750 107 1000
4056355 108 1000
4060218 109 1000
4066951 110 1000
4072767 111 1000
4080948 112 1000
4085875 113 1000
4094471 114 1000
4099902 115 1000
4105518 116 1000
4110363 117 1000
4120781 118 1000
4125959 119 1000
4132240 120 1000
4137134 121 1000
4142662 122 1000
4150135 123 1000
4154655 124 1000
4161481 125 1000
4167312 126 1000
4171786 127 1000
4179435 128 1000
4185218 129 1000
4192597 130 1000
4199081 131 1000
4204609 132 1000
4208534 133 1000
4213226 134 1000
4221251 135 1000
4227695 136 1000
4234745 137 1000
4240539 138 1000
4247914 139 1000
4255242 140 1000
4261807 141 1000
4265963 142 1000
4270314 143 1000
4276740 144 1000
4283756 145 1000
4288592 146 1000
4295175 147 1000
4300379 148 1000
4305545 149 1000
4309298 150 1000
4313547 151 1000
4320991 152 1000
4325543 153 1000
4331439 154 1000
4338213 155 1000
4344208 156 1000
4349032 157 1000
4355014 158 1000
4360966 159 1000
4367664 160 1000
4371850 161 1000
4378126 162 1000
4382348 163 1000
4387932 164 1000
4394717 165 1000
4400176 166 1000
4406218 167 1000
4411705 168 1000
4418187 169 1000
4424256 170 1000
4432261 171 1000
4440405 172 1000
4445343 173 1000
4452390 174 1000
4458240 175 1000
4464470 176 1000
4468330 177 1000
4474236 178 1000
4480341 179 1000
4485315 180 1000
4492617 181 1000
4496692 182 1000
4503958 183 1000
4510853 184 1000
4514926 185 1000
4519294 186 1000
4524035 187 1000
4531138 188 1000
4539095 189 1000
4543014 190 1000
4549309 191 1000
4556431 192 1000
4562373 193 1000
4568810 194 1000
4571623 195 1000
4576386 196 1000
4582650 197 1000
4589237 198 1000
4596702 199 1000
4600048 200 1000
4606869 201 1000
4614283 202 1000
4619701 203 1000
4624092 204 1000
4628914 205 1000
4634662 206 1000
4639847 207 1000
4647493 208 1000
4654002 209 1000
4659998 210 1000
4665306 211 1000
4669206 212 1000
4672679 213 1000
4677055 214 1000
4681090 215 1000
4685606 216 1000
4690395 217 1000
4697559 218 1000
4701513 219 1000
4705717 220 1000
4709531 221 1000
4712491 222 1000
4716499 223 1000
4720120 224 1000
4723393 225 1000
4728327 226 1000
4734756 227 1000
4738876 228 1000
4742458 229 1000
4746544 230 1000
4750565 231 1000
4756954 232 1000
4760592 233 1000
4763598 234 1000
4768152 235 1000
4772468 236 1000
4777373 237 1000
4781804 238 1000
4787589 239 1000
4791253 240 1000
4795853 241 1000
4800179 242 1000
4804572 243 1000
4808836 244 1000
4814381 245 1000
4817024 246 1000
4819452 247 1000
4822477 248 1000
4825659 249 1000
4829218 250 1000
4833118 251 1000
4836169 252 1000
4840204 253 1000
4842888 254 1000
4848011 255 1000
4849937 256 1000
4855169 257 1000
4860918 258 1000
4864377 259 1000
4867017 260 1000
4871675 261 1000
4873696 262 1000
4877883 263 1000
4880053 264 1000
4883223 265 1000
4886185 266 1000
4888453 267 1000
4890846 268 1000
4894615 269 1000
4898071 270 1000
4901000 271 1000
4904054 272 1000
4906290 273 1000
4909961 274 1000
4913019 275 1000
4917382 276 1000
4920631 277 1000
4923439 278 1000
4926621 279 1000
4929720 280 1000
4932354 281 1000
4935548 282 1000
4937932 283 1000
4940516 284 1000
4944153 285 1000
4947158 286 1000
4952184 287 1000
4954047 288 1000
4956779 289 1000
4960705 290 1000
4963078 291 1000
4965348 292 1000
4968560 293 1000
4970919 294 1000
4972637 295 1000
4975177 296 1000
4978910 297 1000
4982183 298 1000
4985628 299 1000
4989037 300 1000
4991759 301 1000
4994339 302 1000
4996922 303 1000
5000322 304 1000
5004134 305 1000
5007898 306 1000
5011824 307 1000
5013859 308 1000
5016428 309 1000
5020030 310 1000
5024616 311 1000
5026787 312 1000
5028969 313 1000
5031992 314 1000
5034536 315 1000
5038212 316 1000
5040492 317 1000
5043058 318 1000
5046806 319 1000
5049502 320 1000
5052449 321 1000
5055135 322 1000
5058198 323 1000
5061582 324 1000
5065307 325 1000
5068710 326 1000
5071631 327 1000
5074782 328 1000
5077398 329 1000
5080041 330 1000
5083235 331 1000
5087122 332 1000
5090844 333 1000
5093647 334 1000
5096151 335 1000
5098888 336 1000
5101773 337 1000
5103708 338 1000
5107427 339 1000
5111828 340 1000
5115395 341 1000
5118037 342 1000
5120665 343 1000
5124129 344 1000
5126925 345 1000
5130536 346 1000
5133881 347 1000
5136972 348 1000
5139879 349 1000
5142936 350 1000
5144982 351 1000
5147186 352 1000
5150294 353 1000
5152374 354 1000
5155122 355 1000
5158868 356 1000
5161847 357 1000
5163668 358 1000
5166994 359 1000
5169346 360 1000
5172303 361 1000
5176038 362 1000
5179813 363 1000
5182058 364 1000
5183876 365 1000
5186594 366 1000
5189997 367 1000
5194740 368 1000
5197162 369 1000
5199346 370 1000
5202422 371 1000
5205067 372 1000
5207990 373 1000
5211194 374 1000
5214502 375 1000
5217978 376 1000
5220294 377 1000
5222850 378 1000
5225766 379 1000
5230034 380 1000
5232772 381 1000
5236083 382 1000
5239231 383 1000
5243776 384 1000
5246711 385 1000
5250194 386 1000
5253704 387 1000
5257472 388 1000
5260196 389 1000
5264082 390 1000
5267809 391 1000
5271091 392 1000
5274235 393 1000
5278332 394 1000
5281292 395 1000
5284939 396 1000
5289056 397 1000
5292427 398 1000
5297192 399 1000
5299841 400 1000
5302462 401 1000
5306233 402 1000
5310739 403 1000
5313765 404 1000
5316577 405 1000
5319906 406 1000
5322390 407 1000
5325854 408 1000
5330220 409 1000
5333996 410 1000
5338397 411 1000
5341078 412 1000
5344343 413 1000
5349433 414 1000
5352509 415 1000
5356435 416 1000
5359841 417 1000
5362072 418 1000
5365618 419 1000
5368694 420 1000
5372622 421 1000
5376637 422 1000
5381031 423 1000
5385640 424 1000
5389389 425 1000
5393427 426 1000
5397854 427 1000
5400300 428 1000
5402718 429 1000
5406110 430 1000
5410400 431 1000
5413650 432 1000
5416901 433 1000
5419952 434 1000
5423783 435 1000
5429730 436 1000
5433970 437 1000
5439036 438 1000
5445147 439 1000
5452181 440 1000
5455068 441 1000
5459458 442 1000
5463276 443 1000
5467412 444 1000
5474122 445 1000
5478177 446 1000
5483756 447 1000
5487068 448 1000
5491003 449 1000
5494443 450 1000
5497988 451 1000
5503268 452 1000
5507066 453 1000
5512371 454 1000
5516771 455 1000
5521608 456 1000
5526971 457 1000
5533553 458 1000
5536923 459 1000
5540527 460 1000
5543862 461 1000
5549095 462 1000
5553302 463 1000
5558659 464 1000
5562205 465 1000
5568414 466 1000
5574084 467 1000
5578417 468 1000
5585429 469 1000
5591063 470 1000
5597116 471 1000
5603766 472 1000
5610202 473 1000
5616865 474 1000
5621788 475 1000
5630091 476 1000
5637741 477 1000
5645052 478 1000
5651078 479 1000
5658692 480 1000
5665479 481 1000
5671243 482 1000
5678750 483 1000
5683835 484 1000
5690816 485 1000
5696998 486 1000
5701873 487 1000
5706363 488 1000
5712598 489 1000
5719464 490 1000
5727560 491 1000
5734965 492 1000
5745614 493 1000
5752318 494 1000
5761111 495 1000
5767518 496 1000
5774414 497 1000
5783671 498 1000
5791510 499 1000
5799000 500 1000
5812135 501 1000
5819676 502 1000
5831129 503 1000
5841588 504 1000
5848587 505 1000
5855409 506 1000
5865346 507 1000
5871916 508 1000
5879527 509 1000
5887084 510 1000
5897546 511 1000
5906437 512 1000
5914352 513 1000
5922529 514 1000
5931488 515 1000
5941003 516 1000
5950669 517 1000
5960138 518 1000
5967047 519 1000
5974949 520 1000
5983695 521 1000
5990900 522 1000
5998117 523 1000
6005589 524 1000
6012627 525 1000
6017822 526 1000
6024603 527 1000
6031758 528 1000
6040858 529 1000
6051333 530 1000
6061547 531 1000
6067406 532 1000
6075738 533 1000
6084037 534 1000
6096044 535 1000
6105523 536 1000
6109900 537 1000
6118698 538 1000
6129873 539 1000
6140846 540 1000
6149924 541 1000
6156101 542 1000
6164303 543 1000
6172741 544 1000
6180330 545 1000
6186833 546 1000
6193810 547 1000
6201494 548 1000
6208164 549 1000
6216033 550 1000
6224633 551 1000
6234223 552 1000
6244322 553 1000
6252061 554 1000
6258156 555 1000
6267243 556 1000
6272815 557 1000
6277525 558 1000
6286348 559 1000
6294750 560 1000
6299878 561 1000
6306745 562 1000
6315511 563 1000
6323051 564 1000
6332543 565 1000
6343863 566 1000
6358307 567 1000
6365804 568 1000
6376048 569 1000
6388447 570 1000
6395236 571 1000
6401490 572 1000
6409374 573 1000
6419525 574 1000
6430895 575 1000
6439347 576 1000
6451120 577 1000
6459480 578 1000
6473477 579 1000
6481501 580 1000
6495076 581 1000
6503121 582 1000
6515634 583 1000
6526009 584 1000
6535347 585 1000
6545108 586 1000
6557171 587 1000
6565841 588 1000
6579480 589 1000
6589463 590 1000
6600768 591 1000
6616143 592 1000
6622736 593 1000
6632264 594 1000
6648003 595 1000
6659956 596 1000
6675038 597 1000
6691219 598 1000
6704651 599 1000
6715932 600 1000
6723291 601 1000
6743653 602 1000
6761180 603 1000
6774670 604 1000
6787049 605 1000
6795336 606 1000
6809859 607 1000
6822736 608 1000
6834679 609 1000
6848304 610 1000
6859743 611 1000
6874950 612 1000
6885452 613 1000
6898057 614 1000
6911159 615 1000
6924451 616 1000
6936363 617 1000
6944226 618 1000
6955441 619 1000
6964006 620 1000
6980445 621 1000
6995585 622 1000
7004025 623 1000
7016786 624 1000
7034549 625 1000
7046268 626 1000
7057627 627 1000
7069686 628 1000
7083268 629 1000
7092303 630 1000
7104354 631 1000
7111602 632 1000
7123139 633 1000
7134849 634 1000
7145936 635 1000
7159949 636 1000
7173873 637 1000
7186928 638 1000
7197984 639 1000
7209811 640 1000
7222614 641 1000
7241312 642 1000
7252209 643 1000
7263706 644 1000
7270924 645 1000
7282808 646 1000
7292275 647 1000
7303735 648 1000
7317628 649 1000
7333196 650 1000
7343919 651 1000
7358402 652 1000
7371911 653 1000
7387137 654 1000
7394646 655 1000
7406911 656 1000
7419326 657 1000
7429879 658 1000
7438456 659 1000
7450353 660 1000
7461513 661 1000
7472390 662 1000
7484340 663 1000
7496313 664 1000
7509194 665 1000
7518328 666 1000
7533178 667 1000
7547036 668 1000
7558363 669 1000
7574177 670 1000
7586941 671 1000
7604475 672 1000
7623105 673 1000
7638228 674 1000
7653763 675 1000
7664953 676 1000
7674816 677 1000
7698969 678 1000
7724912 679 1000
7743194 680 1000
7762483 681 1000
7780756 682 1000
7794736 683 1000
7815057 684 1000
7838384 685 1000
7852913 686 1000
7868537 687 1000
7883876 688 1000
7891338 689 1000
7906447 690 1000
7924131 691 1000
7944251 692 1000
7958061 693 1000
7970080 694 1000
7983782 695 1000
7994832 696 1000
8005094 697 1000
8017009 698 1000
8027843 699 1000
8036767 700 1000
8045902 701 1000
8054332 702 1000
8066936 703 1000
8074240 704 1000
8078986 705 1000
8084278 706 1000
8092295 707 1000
8099045 708 1000
8108472 709 1000
8114154 710 1000
8118691 711 1000
8125329 712 1000
8130418 713 1000
8140353 714 1000
8147350 715 1000
8151480 716 1000
8158317 717 1000
8164134 718 1000
8169955 719 1000
8176837 720 1000
8182691 721 1000
8188454 722 1000
8192288 723 1000
8195765 724 1000
8199340 725 1000
8204777 726 1000
8211641 727 1000
8217765 728 1000
8222208 729 1000
8226137 730 1000
8231447 731 1000
8236367 732 1000
8240663 733 1000
8244080 734 1000
8248285 735 1000
8254103 736 1000
8259198 737 1000
8263432 738 1000
8266521 739 1000
8271256 740 1000
8275973 741 1000
8281493 742 1000
8286103 743 1000
8291131 744 1000
8296292 745 1000
8300032 746 1000
8303841 747 1000
8309228 748 1000
8314248 749 1000
8319755 750 1000
8324845 751 1000
8330403 752 1000
8334934 753 1000
8338239 754 1000
8343137 755 1000
8346809 756 1000
8350978 757 1000
8354567 758 1000
8359958 759 1000
8365005 760 1000
8368341 761 1000
8373215 762 1000
8378358 763 1000
8382262 764 1000
8386123 765 1000
8390390 766 1000
8393885 767 1000
8397397 768 1000
8401401 769 1000
8406259 770 1000
8412088 771 1000
8415322 772 1000
8419945 773 1000
8425103 774 1000
8428743 775 1000
8433230 776 1000
8437937 777 1000
8441288 778 1000
8445993 779 1000
8449765 780 1000
8453579 781 1000
8458032 782 1000
8462584 783 1000
8467935 784 1000
8471452 785 1000
8476108 786 1000
8479519 787 1000
8484032 788 1000
8487885 789 1000
8491469 790 1000
8494603 791 1000
8499912 792 1000
8503635 793 1000
8507056 794 1000
8510474 795 1000
8518375 796 1000
8521597 797 1000
8524725 798 1000
8528465 799 1000
8532692 800 1000
8537618 801 1000
8540729 802 1000
8544819 803 1000
8549475 804 1000
8554469 805 1000
8558221 806 1000
8562325 807 1000
8565662 808 1000
8570586 809 1000
8574250 810 1000
8578704 811 1000
8582714 812 1000
8587460 813 1000
8591587 814 1000
8595432 815 1000
8600144 816 1000
8604981 817 1000
8611708 818 1000
8614205 819 1000
8618630 820 1000
8622817 821 1000
8626244 822 1000
8630191 823 1000
8634430 824 1000
8637845 825 1000
8641299 826 1000
8646219 827 1000
8651132 828 1000
8655941 829 1000
8660405 830 1000
8663553 831 1000
8667383 832 1000
8672085 833 1000
8676042 834 1000
8682797 835 1000
8687515 836 1000
8692288 837 1000
8698720 838 1000
8702040 839 1000
8706665 840 1000
8709611 841 1000
8712430 842 1000
8716530 843 1000
8722082 844 1000
8727268 845 1000
8733877 846 1000
8738257 847 1000
8746044 848 1000
8753084 849 1000
8756996 850 1000
8762440 851 1000
8769010 852 1000
8773795 853 1000
8781133 854 1000
8785659 855 1000
8791022 856 1000
8798338 857 1000
8803922 858 1000
8808002 859 1000
8812862 860 1000
8820192 861 1000
8824378 862 1000
8832758 863 1000
8839521 864 1000
8848916 865 1000
8854590 866 1000
8859383 867 1000
8866385 868 1000
8876162 869 1000
8883970 870 1000
8892990 871 1000
8900367 872 1000
8906939 873 1000
8916854 874 1000
8926130 875 1000
8936726 876 1000
8943138 877 1000
8950336 878 1000
8956186 879 1000
8965644 880 1000
8980407 881 1000
8988592 882 1000
8997352 883 1000
9006482 884 1000
9015823 885 1000
9027213 886 1000
9038521 887 1000
9054234 888 1000
9066702 889 1000
9078055 890 1000
9087422 891 1000
9098291 892 1000
9117586 893 1000
9137272 894 1000
9155976 895 1000
9182422 896 1000
9205412 897 1000
9234442 898 1000
9258034 899 1000
9281407 900 1000
9305583 901 1000
9344105 902 1000
9388369 903 1000
9435175 904 1000
9475305 905 1000
9528343 906 1000
9579366 907 1000
9643965 908 1000
9710441 909 1000
9777691 910 1000
9862538 911 1000
9907618 912 1000
9963446 913 1000
10007609 914 1000
10050893 915 1000
10100611 916 1000
10129344 917 1000
10163782 918 1000
10193419 919 1000
10215700 920 1000
10244727 921 1000
10259070 922 1000
10276950 923 1000
10292954 924 1000
10308628 925 1000
10322005 926 1000
10333135 927 1000
10347010 928 1000
10355452 929 1000
10368398 930 1000
10380558 931 1000
10392259 932 1000
10408415 933 1000
10423554 934 1000
10438300 935 1000
10453116 936 1000
10473109 937 1000
10492769 938 1000
10527864 939 1000
10563157 940 1000
10614920 941 1000
10689760 942 1000
10757694 943 1000
10832790 944 1000
10950408 945 1000
11070387 946 1000
11203286 947 1000
11326290 948 1000
11641080 949 1000
11807076 950 1000
12014639 951 1000
12129613 952 1000
12269270 953 1000
12364568 954 1000
12449254 955 1000
12535087 956 1000
12608572 957 1000
12684144 958 1000
12766260 959 1000
12934296 960 1000
13088445 961 1000
13449037 962 1000
13566871 963 1000
13655539 964 1000
13765742 965 1000
13886867 966 1000
13935229 967 1000
13984029 968 1000
14031212 969 1000
14088623 970 1000
14172375 971 1000
14341193 972 1000
14559927 973 1000
15137899 974 1000
15606682 975 1000
15835952 976 1000
15892805 977 1000
15971564 978 1000
16011206 979 1000
16061741 980 1000
16097622 981 1000
16143698 982 1000
16218372 983 1000
16274247 984 1000
16386185 985 1000
16641715 986 1000
17207506 987 1000
18537009 988 1000
19678983 989 1000
20770316 990 1000
22328398 991 1000
23679753 992 1000
24784881 993 1000
25808682 994 1000
27088862 995 1000
30859621 996 1000
34622505 997 1000
43184248 998 1000
47437640 999 1000
