# load avg(tp, lat, bwr, bww, cpu, tps, brps, bwps), sd(...), ci(...)
2 2 816.564055153 62.6181406797 661378.670136 566043.047223 2.07839285714 2.69254385965 0.0 21.9614035088 2 0.0 0.0 0.0 0.0 0.0 0.0 0.0 0.0 2 0.0 0.0 0.0 0.0 0.0 0.0 0.0 0.0 
4 4 12828.9085158 29.7753171999 9157082.64851 7645492.53418 8.92964285714 2.59649122807 0.0 21.7543859649 4 0.0 0.0 0.0 0.0 0.0 0.0 0.0 0.0 4 0.0 0.0 0.0 0.0 0.0 0.0 0.0 0.0 
6 6 36910.8943275 10.5791739802 26365445.1154 22091188.8568 22.4484711779 2.34210526316 0.0 19.7192982456 6 0.0 0.0 0.0 0.0 0.0 0.0 0.0 0.0 6 0.0 0.0 0.0 0.0 0.0 0.0 0.0 0.0 
8 8 53137.0971806 12.1737362 38078784.2222 31872017.3501 31.9247321429 2.60526315789 0.0 21.3333333333 8 0.0 0.0 0.0 0.0 0.0 0.0 0.0 0.0 8 0.0 0.0 0.0 0.0 0.0 0.0 0.0 0.0 
10 10 61584.4079356 13.5826916178 44365127.968 37136069.8278 36.418125 2.70175438596 0.0 22.5964912281 10 0.0 0.0 0.0 0.0 0.0 0.0 0.0 0.0 10 0.0 0.0 0.0 0.0 0.0 0.0 0.0 0.0 
12 12 72012.5240713 14.2200307512 51360132.5065 42975844.4368 41.3047321429 2.48245614035 0.0 20.8421052632 12 0.0 0.0 0.0 0.0 0.0 0.0 0.0 0.0 12 0.0 0.0 0.0 0.0 0.0 0.0 0.0 0.0 
14 14 78742.5926055 15.3844515633 56625459.3612 47349880.8825 43.1929464286 2.51842105263 0.0 21.1299122807 14 0.0 0.0 0.0 0.0 0.0 0.0 0.0 0.0 14 0.0 0.0 0.0 0.0 0.0 0.0 0.0 0.0 
16 16 85006.977867 15.684787304 60850178.9733 50845475.1358 44.8891071429 2.34236842105 0.0 20.0722807018 16 0.0 0.0 0.0 0.0 0.0 0.0 0.0 0.0 16 0.0 0.0 0.0 0.0 0.0 0.0 0.0 0.0 
18 18 89634.2695899 16.5608500689 63344475.967 52960347.6032 46.051875 3.04464285714 0.0 25.0714285714 18 0.0 0.0 0.0 0.0 0.0 0.0 0.0 0.0 18 0.0 0.0 0.0 0.0 0.0 0.0 0.0 0.0 
20 20 91881.6031424 17.5404374717 65277073.0915 54493424.9838 46.9994642857 2.69642857143 0.0 22.6428571429 20 0.0 0.0 0.0 0.0 0.0 0.0 0.0 0.0 20 0.0 0.0 0.0 0.0 0.0 0.0 0.0 0.0 
40 40 95808.3443305 22.687926575 67926462.281 56818711.3132 48.6415147243 2.64285714286 0.0 22.2857142857 40 0.0 0.0 0.0 0.0 0.0 0.0 0.0 0.0 40 0.0 0.0 0.0 0.0 0.0 0.0 0.0 0.0 
50 50 95982.0995985 24.4559799594 68318769.0547 57180039.9067 49.000625 2.69642857143 0.0 22.0714285714 50 0.0 0.0 0.0 0.0 0.0 0.0 0.0 0.0 50 0.0 0.0 0.0 0.0 0.0 0.0 0.0 0.0 
60 60 98880.4496465 26.7515773044 71337075.0658 59776172.2346 49.4496428571 2.45241071429 0.0 20.1859821429 60 0.0 0.0 0.0 0.0 0.0 0.0 0.0 0.0 60 0.0 0.0 0.0 0.0 0.0 0.0 0.0 0.0 
70 70 95422.8408964 30.2499659455 68882982.3943 57532126.1327 49.4415535714 2.875 0.0 24.0714285714 70 0.0 0.0 0.0 0.0 0.0 0.0 0.0 0.0 70 0.0 0.0 0.0 0.0 0.0 0.0 0.0 0.0 
80 80 98702.2309725 31.5411941692 71013652.1036 59344779.3466 49.4532075472 2.60377358491 0.0 22.0377358491 80 0.0 0.0 0.0 0.0 0.0 0.0 0.0 0.0 80 0.0 0.0 0.0 0.0 0.0 0.0 0.0 0.0 
100 100 96334.9108918 36.5449571638 69723067.5042 58316958.6951 49.9414423077 2.67307692308 0.0 22.5384615385 100 0.0 0.0 0.0 0.0 0.0 0.0 0.0 0.0 100 0.0 0.0 0.0 0.0 0.0 0.0 0.0 0.0 
