# load avg(tp, lat, bwr, bww, cpu, tps, brps, bwps), sd(...), ci(...)
20 20 89089.1984167 13.052446757 32079292.1301 26866135.753 26.8085454545 2.18706926407 0.0 18.3177965368 20 0.0 0.0 0.0 0.0 0.0 0.0 0.0 0.0 20 0.0 0.0 0.0 0.0 0.0 0.0 0.0 0.0 
25 25 95058.1160295 14.7067915687 34397881.1389 28848713.5896 28.9038181818 2.23636363636 0.0 18.4 25 0.0 0.0 0.0 0.0 0.0 0.0 0.0 0.0 25 0.0 0.0 0.0 0.0 0.0 0.0 0.0 0.0 
40 40 116279.748731 16.884096535 42005202.8113 35300272.4683 34.6316363636 2.35421212121 0.0 19.0276666667 40 0.0 0.0 0.0 0.0 0.0 0.0 0.0 0.0 40 0.0 0.0 0.0 0.0 0.0 0.0 0.0 0.0 
60 60 126318.830516 20.0652597618 46037698.4453 38678903.3061 37.9795454545 2.15757575758 0.0 17.9636363636 60 0.0 0.0 0.0 0.0 0.0 0.0 0.0 0.0 60 0.0 0.0 0.0 0.0 0.0 0.0 0.0 0.0 
75 75 124883.451539 23.268979969 46543883.9088 39131667.5253 37.5704245283 2.22641509434 0.0 18.641509434 75 0.0 0.0 0.0 0.0 0.0 0.0 0.0 0.0 75 0.0 0.0 0.0 0.0 0.0 0.0 0.0 0.0 
80 80 121961.712428 24.7322827521 45951413.479 38808908.2404 37.2533333333 2.99663398693 0.0 70.3783006536 80 0.0 0.0 0.0 0.0 0.0 0.0 0.0 0.0 80 0.0 0.0 0.0 0.0 0.0 0.0 0.0 0.0 
100 100 121792.65736 28.2241336159 45516686.7471 38329544.9973 37.4358333333 2.11905542986 0.0 17.29231272 100 0.0 0.0 0.0 0.0 0.0 0.0 0.0 0.0 100 0.0 0.0 0.0 0.0 0.0 0.0 0.0 0.0 
125 125 120478.31678 33.1919640731 45022778.5315 37922898.4674 37.5590566038 2.25710691824 0.0 18.9374213836 125 0.0 0.0 0.0 0.0 0.0 0.0 0.0 0.0 125 0.0 0.0 0.0 0.0 0.0 0.0 0.0 0.0 
175 175 115773.418881 44.3636370448 43329574.9897 36485158.7134 36.9763207547 2.60672955975 0.0 21.4324528302 175 0.0 0.0 0.0 0.0 0.0 0.0 0.0 0.0 175 0.0 0.0 0.0 0.0 0.0 0.0 0.0 0.0 
225 225 110692.551298 56.5962261654 41901978.7743 35348399.4642 36.3628301887 2.22641509434 0.0 18.2389937107 225 0.0 0.0 0.0 0.0 0.0 0.0 0.0 0.0 225 0.0 0.0 0.0 0.0 0.0 0.0 0.0 0.0 
