# load avg(tp, lat, bwr, bww, cpu, tps, brps, bwps), sd(...), ci(...)
20 20 7040.7216168 73.5575691864 737605.110129 635960.32526 2.2043622449 2.04761904762 0.0 17.3786848073 20 0.0 0.0 0.0 0.0 0.0 0.0 0.0 0.0 20 0.0 0.0 0.0 0.0 0.0 0.0 0.0 0.0 
40 40 183738.177113 11.6816757346 16761207.4604 14032840.3716 14.3607240338 2.03260869565 0.0 18.2415458937 40 0.0 0.0 0.0 0.0 0.0 0.0 0.0 0.0 40 0.0 0.0 0.0 0.0 0.0 0.0 0.0 0.0 
60 60 249582.642894 12.8089037223 22907764.2964 19218306.7051 19.8236485507 2.12789989265 0.0 17.7756803543 60 0.0 0.0 0.0 0.0 0.0 0.0 0.0 0.0 60 0.0 0.0 0.0 0.0 0.0 0.0 0.0 0.0 
80 80 309337.66101 14.5536556062 28455461.4541 23869886.9541 24.2914495773 2.23460950081 0.0 19.4045437466 80 0.0 0.0 0.0 0.0 0.0 0.0 0.0 0.0 80 0.0 0.0 0.0 0.0 0.0 0.0 0.0 0.0 
100 100 382770.417212 15.0627971976 35484362.3003 29819342.1644 29.9148055556 2.37128395062 0.0 20.8468395062 100 0.0 0.0 0.0 0.0 0.0 0.0 0.0 0.0 100 0.0 0.0 0.0 0.0 0.0 0.0 0.0 0.0 
120 120 413936.751328 15.9142066996 38399300.9295 32248446.8177 32.4864305556 2.14213285024 0.0 18.3164879227 120 0.0 0.0 0.0 0.0 0.0 0.0 0.0 0.0 120 0.0 0.0 0.0 0.0 0.0 0.0 0.0 0.0 
140 140 392685.762076 17.5465940159 36621068.876 30793099.4565 31.6136527778 1.97965646806 0.0 17.4851315083 140 0.0 0.0 0.0 0.0 0.0 0.0 0.0 0.0 140 0.0 0.0 0.0 0.0 0.0 0.0 0.0 0.0 
160 160 445148.619148 18.199098106 41269554.7694 34671626.7186 35.2900549517 2.47737520129 0.0 37.9639291465 160 0.0 0.0 0.0 0.0 0.0 0.0 0.0 0.0 160 0.0 0.0 0.0 0.0 0.0 0.0 0.0 0.0 
180 180 434123.334864 19.556929837 40597003.7747 34172272.6721 34.9966111111 2.13403113258 0.0 18.1041331186 180 0.0 0.0 0.0 0.0 0.0 0.0 0.0 0.0 180 0.0 0.0 0.0 0.0 0.0 0.0 0.0 0.0 
200 200 411399.132566 20.4023594773 38680929.4183 32604272.0136 34.5997638889 2.05802469136 0.0 18.2518518519 200 0.0 0.0 0.0 0.0 0.0 0.0 0.0 0.0 200 0.0 0.0 0.0 0.0 0.0 0.0 0.0 0.0 
300 300 403190.375845 26.1290931073 38085476.6909 32131603.062 35.0189027778 2.03047138047 0.0 17.5180695847 300 0.0 0.0 0.0 0.0 0.0 0.0 0.0 0.0 300 0.0 0.0 0.0 0.0 0.0 0.0 0.0 0.0 
400 400 366133.916006 33.9501749215 34838402.9881 29375369.9487 33.6467514535 2.12772492366 0.0 18.6910500352 400 0.0 0.0 0.0 0.0 0.0 0.0 0.0 0.0 400 0.0 0.0 0.0 0.0 0.0 0.0 0.0 0.0 
500 500 363753.065336 41.1740817373 34442742.7054 29019810.9648 33.8284821429 2.33345238095 0.0 19.8622222222 500 0.0 0.0 0.0 0.0 0.0 0.0 0.0 0.0 500 0.0 0.0 0.0 0.0 0.0 0.0 0.0 0.0 
