2818815 0 1000
3075487 1 1000
3160806 2 1000
3231790 3 1000
3284561 4 1000
3312836 5 1000
3347465 6 1000
3372432 7 1000
3397502 8 1000
3420662 9 1000
3437834 10 1000
3453457 11 1000
3471504 12 1000
3489355 13 1000
3509255 14 1000
3521483 15 1000
3534725 16 1000
3546744 17 1000
3557174 18 1000
3567716 19 1000
3579827 20 1000
3590352 21 1000
3596970 22 1000
3611472 23 1000
3617406 24 1000
3625923 25 1000
3636661 26 1000
3642622 27 1000
3648911 28 1000
3656040 29 1000
3665251 30 1000
3673166 31 1000
3681222 32 1000
3687423 33 1000
3694077 34 1000
3703404 35 1000
3710659 36 1000
3719893 37 1000
3726112 38 1000
3733925 39 1000
3740360 40 1000
3749150 41 1000
3754983 42 1000
3761616 43 1000
3770138 44 1000
3778076 45 1000
3784576 46 1000
3792253 47 1000
3798627 48 1000
3805178 49 1000
3810821 50 1000
3816131 51 1000
3821212 52 1000
3828067 53 1000
3834414 54 1000
3839728 55 1000
3848542 56 1000
3856057 57 1000
3863513 58 1000
3870585 59 1000
3876314 60 1000
3883193 61 1000
3890363 62 1000
3894314 63 1000
3901073 64 1000
3907906 65 1000
3916321 66 1000
3922217 67 1000
3928807 68 1000
3935450 69 1000
3943760 70 1000
3949239 71 1000
3956211 72 1000
3960599 73 1000
3965511 74 1000
3972392 75 1000
3980646 76 1000
3985710 77 1000
3993159 78 1000
4002671 79 1000
4010574 80 1000
4017077 81 1000
4023562 82 1000
4029161 83 1000
4034546 84 1000
4040207 85 1000
4045198 86 1000
4052788 87 1000
4059704 88 1000
4065358 89 1000
4072579 90 1000
4080463 91 1000
4087746 92 1000
4092548 93 1000
4100072 94 1000
4104304 95 1000
4110249 96 1000
4118081 97 1000
4123566 98 1000
4129754 99 1000
4136331 100 1000
4141513 101 1000
4145957 102 1000
4153958 103 1000
4160034 104 1000
4165699 105 1000
4170368 106 1000
4174617 107 1000
4181383 108 1000
4186540 109 1000
4192611 110 1000
4198094 111 1000
4204413 112 1000
4210981 113 1000
4215539 114 1000
4220670 115 1000
4226690 116 1000
4232151 117 1000
4236310 118 1000
4241433 119 1000
4247994 120 1000
4253650 121 1000
4259785 122 1000
4264016 123 1000
4268479 124 1000
4275245 125 1000
4278864 126 1000
4284201 127 1000
4288949 128 1000
4292802 129 1000
4297232 130 1000
4301441 131 1000
4306324 132 1000
4310990 133 1000
4316054 134 1000
4321577 135 1000
4325868 136 1000
4329522 137 1000
4333488 138 1000
4338079 139 1000
4342389 140 1000
4346276 141 1000
4350103 142 1000
4353755 143 1000
4357887 144 1000
4361722 145 1000
4365530 146 1000
4367937 147 1000
4371336 148 1000
4375256 149 1000
4377964 150 1000
4382416 151 1000
4385282 152 1000
4388463 153 1000
4391672 154 1000
4396105 155 1000
4400337 156 1000
4403905 157 1000
4407911 158 1000
4410891 159 1000
4414633 160 1000
4418370 161 1000
4421993 162 1000
4425907 163 1000
4429311 164 1000
4433023 165 1000
4436843 166 1000
4440290 167 1000
4443003 168 1000
4445713 169 1000
4448717 170 1000
4451799 171 1000
4455225 172 1000
4458148 173 1000
4461992 174 1000
4465338 175 1000
4467035 176 1000
4469536 177 1000
4472641 178 1000
4474568 179 1000
4477071 180 1000
4479813 181 1000
4483592 182 1000
4486854 183 1000
4490376 184 1000
4493086 185 1000
4495578 186 1000
4497561 187 1000
4500079 188 1000
4503161 189 1000
4506684 190 1000
4509252 191 1000
4511574 192 1000
4514288 193 1000
4516372 194 1000
4519339 195 1000
4522510 196 1000
4524847 197 1000
4528297 198 1000
4530851 199 1000
4533978 200 1000
4537892 201 1000
4540301 202 1000
4543168 203 1000
4544976 204 1000
4547156 205 1000
4550126 206 1000
4552504 207 1000
4555757 208 1000
4558275 209 1000
4561313 210 1000
4564427 211 1000
4566608 212 1000
4569194 213 1000
4571730 214 1000
4574485 215 1000
4577613 216 1000
4579825 217 1000
4582908 218 1000
4585914 219 1000
4588068 220 1000
4592380 221 1000
4594570 222 1000
4597589 223 1000
4600093 224 1000
4603224 225 1000
4606809 226 1000
4609708 227 1000
4612540 228 1000
4615238 229 1000
4617842 230 1000
4620973 231 1000
4624451 232 1000
4627748 233 1000
4630537 234 1000
4633515 235 1000
4636056 236 1000
4639201 237 1000
4642493 238 1000
4644247 239 1000
4647098 240 1000
4650170 241 1000
4654035 242 1000
4657713 243 1000
4660628 244 1000
4664085 245 1000
4669046 246 1000
4673299 247 1000
4676896 248 1000
4681220 249 1000
4684162 250 1000
4687903 251 1000
4691305 252 1000
4695006 253 1000
4697826 254 1000
4701470 255 1000
4706413 256 1000
4709347 257 1000
4713649 258 1000
4717634 259 1000
4721871 260 1000
4725301 261 1000
4728638 262 1000
4732843 263 1000
4737225 264 1000
4741113 265 1000
4745466 266 1000
4749993 267 1000
4753540 268 1000
4757352 269 1000
4761938 270 1000
4766284 271 1000
4770506 272 1000
4775197 273 1000
4779697 274 1000
4783373 275 1000
4787424 276 1000
4791505 277 1000
4794961 278 1000
4799486 279 1000
4803749 280 1000
4807112 281 1000
4810843 282 1000
4815494 283 1000
4819597 284 1000
4824574 285 1000
4828080 286 1000
4831610 287 1000
4835249 288 1000
4840602 289 1000
4845942 290 1000
4851121 291 1000
4856602 292 1000
4861429 293 1000
4867212 294 1000
4872220 295 1000
4877864 296 1000
4882326 297 1000
4886524 298 1000
4894969 299 1000
4900570 300 1000
4905895 301 1000
4911231 302 1000
4916859 303 1000
4921861 304 1000
4927230 305 1000
4934365 306 1000
4940569 307 1000
4948428 308 1000
4956517 309 1000
4967203 310 1000
4974923 311 1000
4982606 312 1000
4989715 313 1000
4996978 314 1000
5006552 315 1000
5014695 316 1000
5022204 317 1000
5031985 318 1000
5041767 319 1000
5053113 320 1000
5063819 321 1000
5076267 322 1000
5087828 323 1000
5098241 324 1000
5110877 325 1000
5122820 326 1000
5135786 327 1000
5147789 328 1000
5160346 329 1000
5171463 330 1000
5186737 331 1000
5202731 332 1000
5215812 333 1000
5230028 334 1000
5247204 335 1000
5263987 336 1000
5277657 337 1000
5304297 338 1000
5321255 339 1000
5334461 340 1000
5349267 341 1000
5359859 342 1000
5371270 343 1000
5385862 344 1000
5400188 345 1000
5414984 346 1000
5436493 347 1000
5451038 348 1000
5465683 349 1000
5484388 350 1000
5501376 351 1000
5516298 352 1000
5533589 353 1000
5549750 354 1000
5562554 355 1000
5574393 356 1000
5587099 357 1000
5603668 358 1000
5617205 359 1000
5633339 360 1000
5646257 361 1000
5657104 362 1000
5671152 363 1000
5685872 364 1000
5702802 365 1000
5715106 366 1000
5728619 367 1000
5740258 368 1000
5749193 369 1000
5760924 370 1000
5767835 371 1000
5778446 372 1000
5788310 373 1000
5796193 374 1000
5804601 375 1000
5813424 376 1000
5823661 377 1000
5834007 378 1000
5843668 379 1000
5851287 380 1000
5864638 381 1000
5872814 382 1000
5882577 383 1000
5891089 384 1000
5906083 385 1000
5914783 386 1000
5924921 387 1000
5932005 388 1000
5942450 389 1000
5953471 390 1000
5960096 391 1000
5971413 392 1000
5980552 393 1000
5990546 394 1000
5998160 395 1000
6007521 396 1000
6016083 397 1000
6026346 398 1000
6034638 399 1000
6042047 400 1000
6050268 401 1000
6056257 402 1000
6066460 403 1000
6074590 404 1000
6084345 405 1000
6095860 406 1000
6105648 407 1000
6116133 408 1000
6127280 409 1000
6137292 410 1000
6143265 411 1000
6151935 412 1000
6163727 413 1000
6171605 414 1000
6180166 415 1000
6194597 416 1000
6204281 417 1000
6216440 418 1000
6227255 419 1000
6237846 420 1000
6247231 421 1000
6257178 422 1000
6266912 423 1000
6278934 424 1000
6288454 425 1000
6296911 426 1000
6310036 427 1000
6321326 428 1000
6328620 429 1000
6338354 430 1000
6350074 431 1000
6360668 432 1000
6372148 433 1000
6384078 434 1000
6399080 435 1000
6411695 436 1000
6421984 437 1000
6436623 438 1000
6449772 439 1000
6458842 440 1000
6472640 441 1000
6485449 442 1000
6498352 443 1000
6507298 444 1000
6518191 445 1000
6529089 446 1000
6540356 447 1000
6551931 448 1000
6561186 449 1000
6571561 450 1000
6582150 451 1000
6594714 452 1000
6606669 453 1000
6622714 454 1000
6636711 455 1000
6649095 456 1000
6665799 457 1000
6678131 458 1000
6693554 459 1000
6706916 460 1000
6720187 461 1000
6729271 462 1000
6740082 463 1000
6752799 464 1000
6764974 465 1000
6779073 466 1000
6788807 467 1000
6797122 468 1000
6817177 469 1000
6827676 470 1000
6845312 471 1000
6860272 472 1000
6874808 473 1000
6889432 474 1000
6905457 475 1000
6918835 476 1000
6935902 477 1000
6952251 478 1000
6967545 479 1000
6984675 480 1000
7000666 481 1000
7024499 482 1000
7044455 483 1000
7068676 484 1000
7090499 485 1000
7114273 486 1000
7132738 487 1000
7150720 488 1000
7168588 489 1000
7184484 490 1000
7204914 491 1000
7227112 492 1000
7247647 493 1000
7267468 494 1000
7291879 495 1000
7312760 496 1000
7334925 497 1000
7352783 498 1000
7367675 499 1000
7388075 500 1000
7403030 501 1000
7421087 502 1000
7434587 503 1000
7450774 504 1000
7466586 505 1000
7479117 506 1000
7494170 507 1000
7509378 508 1000
7524341 509 1000
7535335 510 1000
7546758 511 1000
7557543 512 1000
7567330 513 1000
7576344 514 1000
7586469 515 1000
7596655 516 1000
7605986 517 1000
7615360 518 1000
7622904 519 1000
7631438 520 1000
7640253 521 1000
7648575 522 1000
7658849 523 1000
7664747 524 1000
7671680 525 1000
7678769 526 1000
7686656 527 1000
7690783 528 1000
7696608 529 1000
7700710 530 1000
7705155 531 1000
7710185 532 1000
7717702 533 1000
7721617 534 1000
7726240 535 1000
7732592 536 1000
7738212 537 1000
7743300 538 1000
7749874 539 1000
7754186 540 1000
7759952 541 1000
7765680 542 1000
7770769 543 1000
7775144 544 1000
7780411 545 1000
7784697 546 1000
7790245 547 1000
7795792 548 1000
7800217 549 1000
7803885 550 1000
7808835 551 1000
7813245 552 1000
7816266 553 1000
7820106 554 1000
7824262 555 1000
7828903 556 1000
7832481 557 1000
7837148 558 1000
7842243 559 1000
7847116 560 1000
7851327 561 1000
7855427 562 1000
7859914 563 1000
7863984 564 1000
7867349 565 1000
7872096 566 1000
7876824 567 1000
7880338 568 1000
7884177 569 1000
7887270 570 1000
7892361 571 1000
7896173 572 1000
7901465 573 1000
7904857 574 1000
7908382 575 1000
7911881 576 1000
7915907 577 1000
7919585 578 1000
7923059 579 1000
7926017 580 1000
7928841 581 1000
7932140 582 1000
7936622 583 1000
7939814 584 1000
7943005 585 1000
7946994 586 1000
7950724 587 1000
7955208 588 1000
7958767 589 1000
7961114 590 1000
7965026 591 1000
7968001 592 1000
7971412 593 1000
7974550 594 1000
7977347 595 1000
7981332 596 1000
7984666 597 1000
7988269 598 1000
7991056 599 1000
7994023 600 1000
7996713 601 1000
8000071 602 1000
8002894 603 1000
8005941 604 1000
8008863 605 1000
8012013 606 1000
8015856 607 1000
8018781 608 1000
8022215 609 1000
8026141 610 1000
8029748 611 1000
8033879 612 1000
8036907 613 1000
8040222 614 1000
8043295 615 1000
8046448 616 1000
8049076 617 1000
8050989 618 1000
8052864 619 1000
8056068 620 1000
8059948 621 1000
8062255 622 1000
8064907 623 1000
8067834 624 1000
8069520 625 1000
8073128 626 1000
8077259 627 1000
8079567 628 1000
8081835 629 1000
8084627 630 1000
8087574 631 1000
8089610 632 1000
8092611 633 1000
8095048 634 1000
8097771 635 1000
8100737 636 1000
8102945 637 1000
8104619 638 1000
8107297 639 1000
8109551 640 1000
8111749 641 1000
8114117 642 1000
8116722 643 1000
8119388 644 1000
8122540 645 1000
8125790 646 1000
8128044 647 1000
8130000 648 1000
8132353 649 1000
8134507 650 1000
8137488 651 1000
8140435 652 1000
8142845 653 1000
8145691 654 1000
8148336 655 1000
8150365 656 1000
8153224 657 1000
8155006 658 1000
8157217 659 1000
8159740 660 1000
8163586 661 1000
8166022 662 1000
8168363 663 1000
8170254 664 1000
8173464 665 1000
8176464 666 1000
8178493 667 1000
8181170 668 1000
8183774 669 1000
8186549 670 1000
8188704 671 1000
8191410 672 1000
8193687 673 1000
8196860 674 1000
8199234 675 1000
8201724 676 1000
8204581 677 1000
8207309 678 1000
8209715 679 1000
8212436 680 1000
8215582 681 1000
8217815 682 1000
8220764 683 1000
8222855 684 1000
8224729 685 1000
8227800 686 1000
8230130 687 1000
8232667 688 1000
8236186 689 1000
8238767 690 1000
8241607 691 1000
8244261 692 1000
8247618 693 1000
8250377 694 1000
8252451 695 1000
8254752 696 1000
8257897 697 1000
8260066 698 1000
8263003 699 1000
8265141 700 1000
8267653 701 1000
8269967 702 1000
8272998 703 1000
8275103 704 1000
8278170 705 1000
8281542 706 1000
8283694 707 1000
8287160 708 1000
8289398 709 1000
8292612 710 1000
8294964 711 1000
8297451 712 1000
8300457 713 1000
8303604 714 1000
8306036 715 1000
8308806 716 1000
8312494 717 1000
8315936 718 1000
8318348 719 1000
8321286 720 1000
8323703 721 1000
8326816 722 1000
8330236 723 1000
8333114 724 1000
8336916 725 1000
8340021 726 1000
8343801 727 1000
8347177 728 1000
8351527 729 1000
8354327 730 1000
8357812 731 1000
8360286 732 1000
8363868 733 1000
8366631 734 1000
8369806 735 1000
8372954 736 1000
8375474 737 1000
8379088 738 1000
8382909 739 1000
8386459 740 1000
8391072 741 1000
8395464 742 1000
8399136 743 1000
8402358 744 1000
8406311 745 1000
8409750 746 1000
8413817 747 1000
8417633 748 1000
8421724 749 1000
8426128 750 1000
8429712 751 1000
8433343 752 1000
8438544 753 1000
8443423 754 1000
8448481 755 1000
8452087 756 1000
8457712 757 1000
8463468 758 1000
8467641 759 1000
8472894 760 1000
8476384 761 1000
8481751 762 1000
8485310 763 1000
8490180 764 1000
8494744 765 1000
8498640 766 1000
8502708 767 1000
8508397 768 1000
8512922 769 1000
8517804 770 1000
8524497 771 1000
8530980 772 1000
8536455 773 1000
8542528 774 1000
8547696 775 1000
8552885 776 1000
8560444 777 1000
8564883 778 1000
8570579 779 1000
8575943 780 1000
8583149 781 1000
8593010 782 1000
8597512 783 1000
8605306 784 1000
8613688 785 1000
8620362 786 1000
8628766 787 1000
8635000 788 1000
8644995 789 1000
8656003 790 1000
8663954 791 1000
8671687 792 1000
8679816 793 1000
8689959 794 1000
8702209 795 1000
8712146 796 1000
8723444 797 1000
8734226 798 1000
8749183 799 1000
8762789 800 1000
8780949 801 1000
8796850 802 1000
8811884 803 1000
8832503 804 1000
8861277 805 1000
8884711 806 1000
8905071 807 1000
8929313 808 1000
8952851 809 1000
8980860 810 1000
9014009 811 1000
9041192 812 1000
9066011 813 1000
9093309 814 1000
9128275 815 1000
9153891 816 1000
9184360 817 1000
9209996 818 1000
9227893 819 1000
9242611 820 1000
9270005 821 1000
9291779 822 1000
9311036 823 1000
9334369 824 1000
9351913 825 1000
9371773 826 1000
9385073 827 1000
9401172 828 1000
9425150 829 1000
9439659 830 1000
9455242 831 1000
9473411 832 1000
9490121 833 1000
9519226 834 1000
9536925 835 1000
9556973 836 1000
9580656 837 1000
9592185 838 1000
9613918 839 1000
9638455 840 1000
9662289 841 1000
9689765 842 1000
9721439 843 1000
9749671 844 1000
9768157 845 1000
9797291 846 1000
9826002 847 1000
9851577 848 1000
9881284 849 1000
9920995 850 1000
9962480 851 1000
9999911 852 1000
10060192 853 1000
10132082 854 1000
10211881 855 1000
10389830 856 1000
10506544 857 1000
10672689 858 1000
10778073 859 1000
10872746 860 1000
10942324 861 1000
11055650 862 1000
11184339 863 1000
11318757 864 1000
11484800 865 1000
11731195 866 1000
11922309 867 1000
12284517 868 1000
12554082 869 1000
12710319 870 1000
12826051 871 1000
12960724 872 1000
13062667 873 1000
13211434 874 1000
13314520 875 1000
13402538 876 1000
13457630 877 1000
13582278 878 1000
13755393 879 1000
13866017 880 1000
13955568 881 1000
14028877 882 1000
14078319 883 1000
14136712 884 1000
14184870 885 1000
14229105 886 1000
14262704 887 1000
14313412 888 1000
14353294 889 1000
14401611 890 1000
14434134 891 1000
14466261 892 1000
14498205 893 1000
14528909 894 1000
14560681 895 1000
14582918 896 1000
14613511 897 1000
14641722 898 1000
14675322 899 1000
14702466 900 1000
14738401 901 1000
14770130 902 1000
14799437 903 1000
14820239 904 1000
14849437 905 1000
14878626 906 1000
14918098 907 1000
14954888 908 1000
14990719 909 1000
15026037 910 1000
15091126 911 1000
15149931 912 1000
15244314 913 1000
15338836 914 1000
15624882 915 1000
16268821 916 1000
17025115 917 1000
17390793 918 1000
17614320 919 1000
17688734 920 1000
17752717 921 1000
17813778 922 1000
17849766 923 1000
17897188 924 1000
17932338 925 1000
17969136 926 1000
17994872 927 1000
18020894 928 1000
18054048 929 1000
18078215 930 1000
18110129 931 1000
18132284 932 1000
18157288 933 1000
18181557 934 1000
18204784 935 1000
18234188 936 1000
18258991 937 1000
18288955 938 1000
18313997 939 1000
18332674 940 1000
18359530 941 1000
18384486 942 1000
18422331 943 1000
18442183 944 1000
18464392 945 1000
18494209 946 1000
18530115 947 1000
18560643 948 1000
18589203 949 1000
18639580 950 1000
18677319 951 1000
18711401 952 1000
18760493 953 1000
18821615 954 1000
18883717 955 1000
18956393 956 1000
19110837 957 1000
19275530 958 1000
19561737 959 1000
19933645 960 1000
20586826 961 1000
21751951 962 1000
23903514 963 1000
26656463 964 1000
28680315 965 1000
38758303 966 1000
44052254 967 1000
49401331 968 1000
51411278 969 1000
58224062 970 1000
71580126 971 1000
86124379 972 1000
89677647 973 1000
92161957 974 1000
98476025 975 1000
104226221 976 1000
108204874 977 1000
129803523 978 1000
135241340 979 1000
156231253 980 1000
161685168 981 1000
165422210 982 1000
166608422 983 1000
171017076 984 1000
176210434 985 1000
187208783 986 1000
191243089 987 1000
196340787 988 1000
210872944 989 1000
216117586 990 1000
218225265 991 1000
222596344 992 1000
224772960 993 1000
226708413 994 1000
278263136 995 1000
327593774 996 1000
357488581 997 1000
370205917 998 1000
373525926 999 1000
