# load avg(tp, lat, bwr, bww, cpu, tps, brps, bwps), sd(...), ci(...)
10 10 3660.5517195 70.587936087 608220.721286 500195.720219 1.9020754717 2.35283018868 0.0 19.2754716981 10 0.0 0.0 0.0 0.0 0.0 0.0 0.0 0.0 10 0.0 0.0 0.0 0.0 0.0 0.0 0.0 0.0 
30 30 139105.815512 12.3172785999 19579529.1833 15476536.6523 18.3499528302 2.08467924528 0.0 17.6736792453 30 0.0 0.0 0.0 0.0 0.0 0.0 0.0 0.0 30 0.0 0.0 0.0 0.0 0.0 0.0 0.0 0.0 
34 34 154232.188036 13.007239556 21649105.818 17082894.5053 20.0534433962 2.30566037736 0.0 19.6075471698 34 0.0 0.0 0.0 0.0 0.0 0.0 0.0 0.0 34 0.0 0.0 0.0 0.0 0.0 0.0 0.0 0.0 
38 38 168555.839939 13.584031316 22936472.3361 17933289.7866 21.4516663643 2.56981132075 0.0 21.5094339623 38 0.0 0.0 0.0 0.0 0.0 0.0 0.0 0.0 38 0.0 0.0 0.0 0.0 0.0 0.0 0.0 0.0 
42 42 139851.022554 14.7563578387 18746879.5062 14615529.9841 17.8185903483 2.22447169811 0.0 18.7014339623 42 0.0 0.0 0.0 0.0 0.0 0.0 0.0 0.0 42 0.0 0.0 0.0 0.0 0.0 0.0 0.0 0.0 
46 46 185915.752703 14.1518481102 25502140.3386 20061435.7343 23.2527830189 2.08413207547 0.0 17.8343396226 46 0.0 0.0 0.0 0.0 0.0 0.0 0.0 0.0 46 0.0 0.0 0.0 0.0 0.0 0.0 0.0 0.0 
50 50 212719.047031 14.5123955864 29206226.9948 22964553.1575 26.6811320755 2.27175471698 0.0 19.2457358491 50 0.0 0.0 0.0 0.0 0.0 0.0 0.0 0.0 50 0.0 0.0 0.0 0.0 0.0 0.0 0.0 0.0 
70 70 220649.018918 17.3549895695 30204524.7869 23513622.0911 26.8807142857 2.04897102041 0.0 17.1989918367 70 0.0 0.0 0.0 0.0 0.0 0.0 0.0 0.0 70 0.0 0.0 0.0 0.0 0.0 0.0 0.0 0.0 
90 90 216232.837489 19.7797727364 31504723.8472 24943153.1606 27.798494898 1.9773877551 0.0 17.1742244898 90 0.0 0.0 0.0 0.0 0.0 0.0 0.0 0.0 90 0.0 0.0 0.0 0.0 0.0 0.0 0.0 0.0 
100 100 237456.156559 19.8905723445 34136806.2938 26847988.8511 30.2481122449 1.94150653061 0.0 16.4158902041 100 0.0 0.0 0.0 0.0 0.0 0.0 0.0 0.0 100 0.0 0.0 0.0 0.0 0.0 0.0 0.0 0.0 
110 110 228124.31341 20.9765264635 33205149.0174 26188112.8641 29.3655102041 1.90365428571 0.0 16.6310506122 110 0.0 0.0 0.0 0.0 0.0 0.0 0.0 0.0 110 0.0 0.0 0.0 0.0 0.0 0.0 0.0 0.0 
150 150 221781.21894 24.768421103 31680524.5029 24962008.2351 29.784872449 1.96881632653 0.0 17.0076734694 150 0.0 0.0 0.0 0.0 0.0 0.0 0.0 0.0 150 0.0 0.0 0.0 0.0 0.0 0.0 0.0 0.0 
200 200 215809.94168 30.6438542732 30922074.8007 24322790.7191 29.345994898 1.97124489796 0.0 16.9454897959 200 0.0 0.0 0.0 0.0 0.0 0.0 0.0 0.0 200 0.0 0.0 0.0 0.0 0.0 0.0 0.0 0.0 
250 250 208685.638607 37.4083786977 29787533.7444 23416113.8088 29.0056377551 1.98167346939 0.0 16.8274285714 250 0.0 0.0 0.0 0.0 0.0 0.0 0.0 0.0 250 0.0 0.0 0.0 0.0 0.0 0.0 0.0 0.0 
300 300 213329.66133 42.079757347 30117811.2197 23652522.2699 29.2113874113 1.94756205674 0.0 16.7244680851 300 0.0 0.0 0.0 0.0 0.0 0.0 0.0 0.0 300 0.0 0.0 0.0 0.0 0.0 0.0 0.0 0.0 
350 350 210040.858155 48.7367332954 29679286.1904 23243568.5165 29.1141223404 1.96808510638 0.0 16.714893617 350 0.0 0.0 0.0 0.0 0.0 0.0 0.0 0.0 350 0.0 0.0 0.0 0.0 0.0 0.0 0.0 0.0 
400 400 188626.322921 58.4013688273 26766437.2632 21025811.1207 27.7908348751 1.98723404255 0.0 17.2595744681 400 0.0 0.0 0.0 0.0 0.0 0.0 0.0 0.0 400 0.0 0.0 0.0 0.0 0.0 0.0 0.0 0.0 
