2443195 0 1000
2549826 1 1000
2613010 2 1000
2682696 3 1000
2705292 4 1000
2750710 5 1000
2767606 6 1000
2782725 7 1000
2803392 8 1000
2818282 9 1000
2820677 10 1000
2840984 11 1000
2852499 12 1000
2862637 13 1000
2884346 14 1000
2918947 15 1000
2942766 16 1000
2951735 17 1000
2965689 18 1000
2971701 19 1000
2978623 20 1000
2984389 21 1000
2992260 22 1000
2998157 23 1000
3006161 24 1000
3011884 25 1000
3014805 26 1000
3020015 27 1000
3026524 28 1000
3030611 29 1000
3037296 30 1000
3039933 31 1000
3044420 32 1000
3048837 33 1000
3050300 34 1000
3054289 35 1000
3058011 36 1000
3064439 37 1000
3067202 38 1000
3072078 39 1000
3078810 40 1000
3084755 41 1000
3087466 42 1000
3093305 43 1000
3097637 44 1000
3100649 45 1000
3106586 46 1000
3109427 47 1000
3112482 48 1000
3115501 49 1000
3120822 50 1000
3125141 51 1000
3129249 52 1000
3130311 53 1000
3132673 54 1000
3134544 55 1000
3137631 56 1000
3140994 57 1000
3143185 58 1000
3145542 59 1000
3147619 60 1000
3151043 61 1000
3153391 62 1000
3154125 63 1000
3156732 64 1000
3162197 65 1000
3166335 66 1000
3167429 67 1000
3170930 68 1000
3173863 69 1000
3177063 70 1000
3180876 71 1000
3183858 72 1000
3188688 73 1000
3189752 74 1000
3192510 75 1000
3196436 76 1000
3198901 77 1000
3200613 78 1000
3202132 79 1000
3203169 80 1000
3204228 81 1000
3206175 82 1000
3208476 83 1000
3210569 84 1000
3213526 85 1000
3215864 86 1000
3219236 87 1000
3221860 88 1000
3222624 89 1000
3224592 90 1000
3227192 91 1000
3230045 92 1000
3230896 93 1000
3231945 94 1000
3232667 95 1000
3235484 96 1000
3237711 97 1000
3239383 98 1000
3240396 99 1000
3243223 100 1000
3244548 101 1000
3247683 102 1000
3249167 103 1000
3250632 104 1000
3251423 105 1000
3253070 106 1000
3254525 107 1000
3255760 108 1000
3257255 109 1000
3258599 110 1000
3259346 111 1000
3260377 112 1000
3262701 113 1000
3264206 114 1000
3265223 115 1000
3266350 116 1000
3266655 117 1000
3268630 118 1000
3270588 119 1000
3272007 120 1000
3273759 121 1000
3276300 122 1000
3278360 123 1000
3279518 124 1000
3281240 125 1000
3281937 126 1000
3282951 127 1000
3284004 128 1000
3285493 129 1000
3286123 130 1000
3287341 131 1000
3287867 132 1000
3288873 133 1000
3289904 134 1000
3291318 135 1000
3293299 136 1000
3293761 137 1000
3296944 138 1000
3298854 139 1000
3299718 140 1000
3301220 141 1000
3302499 142 1000
3304802 143 1000
3306088 144 1000
3307661 145 1000
3309065 146 1000
3311121 147 1000
3311679 148 1000
3313032 149 1000
3313626 150 1000
3314411 151 1000
3314975 152 1000
3316591 153 1000
3317708 154 1000
3320292 155 1000
3321521 156 1000
3323537 157 1000
3324517 158 1000
3325400 159 1000
3326703 160 1000
3327427 161 1000
3328730 162 1000
3329941 163 1000
3330708 164 1000
3331997 165 1000
3333605 166 1000
3334571 167 1000
3336003 168 1000
3336946 169 1000
3337539 170 1000
3338369 171 1000
3339518 172 1000
3341064 173 1000
3341585 174 1000
3342692 175 1000
3343556 176 1000
3344916 177 1000
3345741 178 1000
3346640 179 1000
3348110 180 1000
3349011 181 1000
3349710 182 1000
3352023 183 1000
3353739 184 1000
3354375 185 1000
3355777 186 1000
3356935 187 1000
3358031 188 1000
3358812 189 1000
3359414 190 1000
3360007 191 1000
3360813 192 1000
3362236 193 1000
3363333 194 1000
3363998 195 1000
3365833 196 1000
3367490 197 1000
3369353 198 1000
3370601 199 1000
3372088 200 1000
3373515 201 1000
3375673 202 1000
3377601 203 1000
3378755 204 1000
3379967 205 1000
3382297 206 1000
3384664 207 1000
3385450 208 1000
3386735 209 1000
3387675 210 1000
3388732 211 1000
3389515 212 1000
3390988 213 1000
3391465 214 1000
3392577 215 1000
3393325 216 1000
3394517 217 1000
3394949 218 1000
3397216 219 1000
3397685 220 1000
3398214 221 1000
3399897 222 1000
3401162 223 1000
3401452 224 1000
3402499 225 1000
3403227 226 1000
3404113 227 1000
3405811 228 1000
3406351 229 1000
3406753 230 1000
3407559 231 1000
3409010 232 1000
3410154 233 1000
3411079 234 1000
3412037 235 1000
3412588 236 1000
3413531 237 1000
3414968 238 1000
3415753 239 1000
3417881 240 1000
3418707 241 1000
3421047 242 1000
3421903 243 1000
3422444 244 1000
3423428 245 1000
3424329 246 1000
3424945 247 1000
3426193 248 1000
3427135 249 1000
3428470 250 1000
3429254 251 1000
3430129 252 1000
3431566 253 1000
3432456 254 1000
3433653 255 1000
3435176 256 1000
3437701 257 1000
3438241 258 1000
3439497 259 1000
3440629 260 1000
3441321 261 1000
3442191 262 1000
3443496 263 1000
3444427 264 1000
3445654 265 1000
3447128 266 1000
3448074 267 1000
3448520 268 1000
3449142 269 1000
3450685 270 1000
3452058 271 1000
3452870 272 1000
3454231 273 1000
3455125 274 1000
3455733 275 1000
3457539 276 1000
3458410 277 1000
3459094 278 1000
3460618 279 1000
3461220 280 1000
3462118 281 1000
3462957 282 1000
3464576 283 1000
3465052 284 1000
3466295 285 1000
3468150 286 1000
3468769 287 1000
3469711 288 1000
3470614 289 1000
3471080 290 1000
3471907 291 1000
3472715 292 1000
3473643 293 1000
3474534 294 1000
3475008 295 1000
3476513 296 1000
3476905 297 1000
3478493 298 1000
3479569 299 1000
3480486 300 1000
3481291 301 1000
3482121 302 1000
3482994 303 1000
3483699 304 1000
3485745 305 1000
3487059 306 1000
3487575 307 1000
3488471 308 1000
3489845 309 1000
3491169 310 1000
3493314 311 1000
3494428 312 1000
3495018 313 1000
3496555 314 1000
3497359 315 1000
3498809 316 1000
3499436 317 1000
3500244 318 1000
3500791 319 1000
3501725 320 1000
3502499 321 1000
3503979 322 1000
3505146 323 1000
3505928 324 1000
3507344 325 1000
3508071 326 1000
3508994 327 1000
3510440 328 1000
3511458 329 1000
3512511 330 1000
3514113 331 1000
3514764 332 1000
3515538 333 1000
3516727 334 1000
3517538 335 1000
3518049 336 1000
3519209 337 1000
3521578 338 1000
3523021 339 1000
3523735 340 1000
3524420 341 1000
3525471 342 1000
3526052 343 1000
3527594 344 1000
3528422 345 1000
3529220 346 1000
3530981 347 1000
3531813 348 1000
3532687 349 1000
3533856 350 1000
3534379 351 1000
3535483 352 1000
3536425 353 1000
3537268 354 1000
3538202 355 1000
3539139 356 1000
3540282 357 1000
3540986 358 1000
3542778 359 1000
3544068 360 1000
3545101 361 1000
3546405 362 1000
3547448 363 1000
3548325 364 1000
3548768 365 1000
3549343 366 1000
3551387 367 1000
3552542 368 1000
3553069 369 1000
3553676 370 1000
3554991 371 1000
3555672 372 1000
3556427 373 1000
3558306 374 1000
3558663 375 1000
3559048 376 1000
3560171 377 1000
3560659 378 1000
3561761 379 1000
3562260 380 1000
3563628 381 1000
3564109 382 1000
3565264 383 1000
3567336 384 1000
3567985 385 1000
3568364 386 1000
3569957 387 1000
3571145 388 1000
3572193 389 1000
3573445 390 1000
3574657 391 1000
3575226 392 1000
3575815 393 1000
3576476 394 1000
3577758 395 1000
3578798 396 1000
3579764 397 1000
3580409 398 1000
3581181 399 1000
3582123 400 1000
3582867 401 1000
3583384 402 1000
3584292 403 1000
3585442 404 1000
3586702 405 1000
3587154 406 1000
3587586 407 1000
3588749 408 1000
3589651 409 1000
3590886 410 1000
3591946 411 1000
3593002 412 1000
3595355 413 1000
3596098 414 1000
3596418 415 1000
3597680 416 1000
3599385 417 1000
3599981 418 1000
3601145 419 1000
3602451 420 1000
3603887 421 1000
3605339 422 1000
3605859 423 1000
3607060 424 1000
3608163 425 1000
3610026 426 1000
3611187 427 1000
3611773 428 1000
3613286 429 1000
3614708 430 1000
3616338 431 1000
3617323 432 1000
3618407 433 1000
3619817 434 1000
3620888 435 1000
3621802 436 1000
3622397 437 1000
3623808 438 1000
3625068 439 1000
3625670 440 1000
3627237 441 1000
3628023 442 1000
3628608 443 1000
3629788 444 1000
3630813 445 1000
3631324 446 1000
3632309 447 1000
3632746 448 1000
3633723 449 1000
3634234 450 1000
3635531 451 1000
3636856 452 1000
3638219 453 1000
3638961 454 1000
3640408 455 1000
3641111 456 1000
3642030 457 1000
3642692 458 1000
3643216 459 1000
3644736 460 1000
3645339 461 1000
3646438 462 1000
3647866 463 1000
3648348 464 1000
3649481 465 1000
3651537 466 1000
3653444 467 1000
3654462 468 1000
3655095 469 1000
3656602 470 1000
3657417 471 1000
3658291 472 1000
3659521 473 1000
3660521 474 1000
3662166 475 1000
3664601 476 1000
3665920 477 1000
3666879 478 1000
3668079 479 1000
3668947 480 1000
3669842 481 1000
3671040 482 1000
3672084 483 1000
3673591 484 1000
3674379 485 1000
3674939 486 1000
3676245 487 1000
3677576 488 1000
3678166 489 1000
3679247 490 1000
3679742 491 1000
3680627 492 1000
3681471 493 1000
3681761 494 1000
3682877 495 1000
3683985 496 1000
3684883 497 1000
3685961 498 1000
3687153 499 1000
3687992 500 1000
3689701 501 1000
3690576 502 1000
3691589 503 1000
3692853 504 1000
3693564 505 1000
3694144 506 1000
3695537 507 1000
3696438 508 1000
3698278 509 1000
3699045 510 1000
3700398 511 1000
3701548 512 1000
3702843 513 1000
3703970 514 1000
3704828 515 1000
3706060 516 1000
3707627 517 1000
3709309 518 1000
3710633 519 1000
3711509 520 1000
3713518 521 1000
3714612 522 1000
3715511 523 1000
3716192 524 1000
3717391 525 1000
3718127 526 1000
3718664 527 1000
3719413 528 1000
3720038 529 1000
3721503 530 1000
3723462 531 1000
3724229 532 1000
3725160 533 1000
3726014 534 1000
3726532 535 1000
3727657 536 1000
3728141 537 1000
3728962 538 1000
3730153 539 1000
3730911 540 1000
3732858 541 1000
3733545 542 1000
3734543 543 1000
3736295 544 1000
3737166 545 1000
3737599 546 1000
3738730 547 1000
3739234 548 1000
3741236 549 1000
3742399 550 1000
3743567 551 1000
3744224 552 1000
3745729 553 1000
3747090 554 1000
3748974 555 1000
3749950 556 1000
3751439 557 1000
3752751 558 1000
3753258 559 1000
3755358 560 1000
3757019 561 1000
3757539 562 1000
3758167 563 1000
3758779 564 1000
3759448 565 1000
3760718 566 1000
3761840 567 1000
3763163 568 1000
3764577 569 1000
3765439 570 1000
3766697 571 1000
3767668 572 1000
3768287 573 1000
3769370 574 1000
3770672 575 1000
3771873 576 1000
3772488 577 1000
3774095 578 1000
3775165 579 1000
3776262 580 1000
3777190 581 1000
3778520 582 1000
3778780 583 1000
3780311 584 1000
3780699 585 1000
3781301 586 1000
3782277 587 1000
3783100 588 1000
3783804 589 1000
3784972 590 1000
3786652 591 1000
3787997 592 1000
3788724 593 1000
3789110 594 1000
3790099 595 1000
3791140 596 1000
3792128 597 1000
3793264 598 1000
3793801 599 1000
3794704 600 1000
3795477 601 1000
3796062 602 1000
3797225 603 1000
3798698 604 1000
3799870 605 1000
3800438 606 1000
3801621 607 1000
3802760 608 1000
3804257 609 1000
3805396 610 1000
3805712 611 1000
3806637 612 1000
3807567 613 1000
3809244 614 1000
3811548 615 1000
3813163 616 1000
3814215 617 1000
3815964 618 1000
3817942 619 1000
3819220 620 1000
3820112 621 1000
3821420 622 1000
3823168 623 1000
3824532 624 1000
3825358 625 1000
3826633 626 1000
3827899 627 1000
3828507 628 1000
3829413 629 1000
3830293 630 1000
3831308 631 1000
3832819 632 1000
3833467 633 1000
3834864 634 1000
3836793 635 1000
3838123 636 1000
3839616 637 1000
3840631 638 1000
3841461 639 1000
3843323 640 1000
3844562 641 1000
3845427 642 1000
3846235 643 1000
3846811 644 1000
3848346 645 1000
3849687 646 1000
3851065 647 1000
3853886 648 1000
3855324 649 1000
3856275 650 1000
3857779 651 1000
3858631 652 1000
3859632 653 1000
3860662 654 1000
3861427 655 1000
3863583 656 1000
3864687 657 1000
3866529 658 1000
3868098 659 1000
3869301 660 1000
3870595 661 1000
3872307 662 1000
3873732 663 1000
3875211 664 1000
3875973 665 1000
3879167 666 1000
3880899 667 1000
3883150 668 1000
3883859 669 1000
3885164 670 1000
3887129 671 1000
3888625 672 1000
3890830 673 1000
3893070 674 1000
3894198 675 1000
3896500 676 1000
3898721 677 1000
3900232 678 1000
3901249 679 1000
3902139 680 1000
3903397 681 1000
3905832 682 1000
3908550 683 1000
3909573 684 1000
3911092 685 1000
3914546 686 1000
3916069 687 1000
3917112 688 1000
3918263 689 1000
3919300 690 1000
3919852 691 1000
3922459 692 1000
3923905 693 1000
3925393 694 1000
3926666 695 1000
3927874 696 1000
3929374 697 1000
3930529 698 1000
3932759 699 1000
3933472 700 1000
3935815 701 1000
3936753 702 1000
3937892 703 1000
3938932 704 1000
3939549 705 1000
3942152 706 1000
3943117 707 1000
3943649 708 1000
3945676 709 1000
3947305 710 1000
3948368 711 1000
3948890 712 1000
3950198 713 1000
3951924 714 1000
3954409 715 1000
3955448 716 1000
3957005 717 1000
3958922 718 1000
3960075 719 1000
3962854 720 1000
3963915 721 1000
3964937 722 1000
3966814 723 1000
3967692 724 1000
3969220 725 1000
3971169 726 1000
3973898 727 1000
3975066 728 1000
3976164 729 1000
3978050 730 1000
3978993 731 1000
3979901 732 1000
3980392 733 1000
3981171 734 1000
3982245 735 1000
3984138 736 1000
3985534 737 1000
3986954 738 1000
3988202 739 1000
3989767 740 1000
3991577 741 1000
3992056 742 1000
3992836 743 1000
3995380 744 1000
3997084 745 1000
3998708 746 1000
3999906 747 1000
4001142 748 1000
4002884 749 1000
4004278 750 1000
4006397 751 1000
4007366 752 1000
4009473 753 1000
4011194 754 1000
4012415 755 1000
4014800 756 1000
4016232 757 1000
4019121 758 1000
4021668 759 1000
4023132 760 1000
4025073 761 1000
4027965 762 1000
4030683 763 1000
4033156 764 1000
4034226 765 1000
4035666 766 1000
4037474 767 1000
4040598 768 1000
4042489 769 1000
4046227 770 1000
4047502 771 1000
4048929 772 1000
4050088 773 1000
4051833 774 1000
4053676 775 1000
4056780 776 1000
4058432 777 1000
4062536 778 1000
4063200 779 1000
4068469 780 1000
4071458 781 1000
4072561 782 1000
4074512 783 1000
4075999 784 1000
4077022 785 1000
4081640 786 1000
4083148 787 1000
4084730 788 1000
4087684 789 1000
4089103 790 1000
4090788 791 1000
4092142 792 1000
4093817 793 1000
4096026 794 1000
4097898 795 1000
4099748 796 1000
4101367 797 1000
4103351 798 1000
4105349 799 1000
4107752 800 1000
4110591 801 1000
4114434 802 1000
4116036 803 1000
4117905 804 1000
4119142 805 1000
4120270 806 1000
4122263 807 1000
4123334 808 1000
4126422 809 1000
4127881 810 1000
4128916 811 1000
4129861 812 1000
4132442 813 1000
4133329 814 1000
4136064 815 1000
4137731 816 1000
4139857 817 1000
4142267 818 1000
4145092 819 1000
4147183 820 1000
4149800 821 1000
4152418 822 1000
4155610 823 1000
4156851 824 1000
4158745 825 1000
4161440 826 1000
4165978 827 1000
4167003 828 1000
4170251 829 1000
4173177 830 1000
4177519 831 1000
4180530 832 1000
4184022 833 1000
4185479 834 1000
4187939 835 1000
4190975 836 1000
4195970 837 1000
4199931 838 1000
4203852 839 1000
4206538 840 1000
4209707 841 1000
4213710 842 1000
4215971 843 1000
4220585 844 1000
4223401 845 1000
4226376 846 1000
4229018 847 1000
4229969 848 1000
4233784 849 1000
4236740 850 1000
4242695 851 1000
4245584 852 1000
4248102 853 1000
4257653 854 1000
4259723 855 1000
4266153 856 1000
4271987 857 1000
4275609 858 1000
4278769 859 1000
4282711 860 1000
4287411 861 1000
4289747 862 1000
4294510 863 1000
4297354 864 1000
4301697 865 1000
4306759 866 1000
4309032 867 1000
4312688 868 1000
4316712 869 1000
4322244 870 1000
4326003 871 1000
4329637 872 1000
4334036 873 1000
4337902 874 1000
4342323 875 1000
4348293 876 1000
4353714 877 1000
4359277 878 1000
4362434 879 1000
4367975 880 1000
4373770 881 1000
4382858 882 1000
4386244 883 1000
4388213 884 1000
4391757 885 1000
4394792 886 1000
4400653 887 1000
4403786 888 1000
4409049 889 1000
4412166 890 1000
4415422 891 1000
4421232 892 1000
4434221 893 1000
4441009 894 1000
4444938 895 1000
4454372 896 1000
4464911 897 1000
4472090 898 1000
4485458 899 1000
4490466 900 1000
4499054 901 1000
4510931 902 1000
4518724 903 1000
4527973 904 1000
4532540 905 1000
4542029 906 1000
4555038 907 1000
4563030 908 1000
4570200 909 1000
4581797 910 1000
4587126 911 1000
4597364 912 1000
4601414 913 1000
4617490 914 1000
4642664 915 1000
4649225 916 1000
4668342 917 1000
4676605 918 1000
4693180 919 1000
4700456 920 1000
4711130 921 1000
4721086 922 1000
4741818 923 1000
4759922 924 1000
4771594 925 1000
4787578 926 1000
4807181 927 1000
4819857 928 1000
4842122 929 1000
4855531 930 1000
4870767 931 1000
4883280 932 1000
4899791 933 1000
4922956 934 1000
4946337 935 1000
4957447 936 1000
4983142 937 1000
5010200 938 1000
5028583 939 1000
5054488 940 1000
5066644 941 1000
5089376 942 1000
5108180 943 1000
5124251 944 1000
5139495 945 1000
5156737 946 1000
5179913 947 1000
5191577 948 1000
5224564 949 1000
5271229 950 1000
5287500 951 1000
5324248 952 1000
5349981 953 1000
5398786 954 1000
5467914 955 1000
5528790 956 1000
5595744 957 1000
5662703 958 1000
5708470 959 1000
5755834 960 1000
5805333 961 1000
5842589 962 1000
5943020 963 1000
6030615 964 1000
6089175 965 1000
6186273 966 1000
6257365 967 1000
6322910 968 1000
6480065 969 1000
6572043 970 1000
6736935 971 1000
6989574 972 1000
7232437 973 1000
7853650 974 1000
8410272 975 1000
11549737 976 1000
12497782 977 1000
13963544 978 1000
14422225 979 1000
15308081 980 1000
16299421 981 1000
16636821 982 1000
16740896 983 1000
17383570 984 1000
17821420 985 1000
19472099 986 1000
20638095 987 1000
21944740 988 1000
22540061 989 1000
23143973 990 1000
24425443 991 1000
25718164 992 1000
26688579 993 1000
27175877 994 1000
29928963 995 1000
35785087 996 1000
37005922 997 1000
41518698 998 1000
45718703 999 1000
