# load avg(tp, lat, bwr, bww, cpu, tps, brps, bwps), sd(...), ci(...)
1 1 19084.1549759 1.64260492424 7694432.00564 7397099.89056 31.6708490566 1.92452830189 0.0 15.9245283019 1 0.0 0.0 0.0 0.0 0.0 0.0 0.0 0.0 1 0.0 0.0 0.0 0.0 0.0 0.0 0.0 0.0 
2 2 36450.6795441 1.58409767901 11321183.6447 10739916.8016 43.3904716981 1.49056603774 0.0 12.4528301887 2 0.0 0.0 0.0 0.0 0.0 0.0 0.0 0.0 2 0.0 0.0 0.0 0.0 0.0 0.0 0.0 0.0 
3 3 41709.1263292 2.16046646603 13569051.3325 12713015.3866 47.1643396226 1.88679245283 0.0 15.0943396226 3 0.0 0.0 0.0 0.0 0.0 0.0 0.0 0.0 3 0.0 0.0 0.0 0.0 0.0 0.0 0.0 0.0 
4 4 48123.1202732 2.53823206114 14498333.279 13439776.2282 48.555754717 1.55339622642 0.0 12.4274528302 4 0.0 0.0 0.0 0.0 0.0 0.0 0.0 0.0 4 0.0 0.0 0.0 0.0 0.0 0.0 0.0 0.0 
5 5 49438.0125199 2.81585705019 15074678.4147 14020869.8251 49.856509434 1.48735849057 0.0 12.3497169811 5 0.0 0.0 0.0 0.0 0.0 0.0 0.0 0.0 5 0.0 0.0 0.0 0.0 0.0 0.0 0.0 0.0 
6 6 52669.5683244 3.31510856008 15790788.9446 14590117.2517 50.3146226415 1.53773584906 0.0 12.3018867925 6 0.0 0.0 0.0 0.0 0.0 0.0 0.0 0.0 6 0.0 0.0 0.0 0.0 0.0 0.0 0.0 0.0 
7 7 51946.1845943 3.86494511346 15865596.3742 14737171.614 50.4683018868 1.77358490566 0.0 14.3396226415 7 0.0 0.0 0.0 0.0 0.0 0.0 0.0 0.0 7 0.0 0.0 0.0 0.0 0.0 0.0 0.0 0.0 
8 8 54612.2258477 4.03020010799 16283941.7462 15187244.1277 51.3501886792 1.94339622642 0.0 15.5471698113 8 0.0 0.0 0.0 0.0 0.0 0.0 0.0 0.0 8 0.0 0.0 0.0 0.0 0.0 0.0 0.0 0.0 
9 9 54283.13452 4.56528326149 16487467.7137 15389346.6919 51.9708599419 1.55660377358 0.0 12.4528301887 9 0.0 0.0 0.0 0.0 0.0 0.0 0.0 0.0 9 0.0 0.0 0.0 0.0 0.0 0.0 0.0 0.0 
10 10 54590.2699623 5.31061564185 16361401.6936 15352047.8438 51.8543396226 1.85849056604 0.0 14.9433962264 10 0.0 0.0 0.0 0.0 0.0 0.0 0.0 0.0 10 0.0 0.0 0.0 0.0 0.0 0.0 0.0 0.0 
20 20 57900.1100921 9.13590134588 17469656.2757 16492520.2498 53.4929245283 1.5 0.0 12.5283018868 20 0.0 0.0 0.0 0.0 0.0 0.0 0.0 0.0 20 0.0 0.0 0.0 0.0 0.0 0.0 0.0 0.0 
30 30 57068.2615146 14.2342492408 17197116.7504 16258605.6501 53.8944339623 1.41509433962 0.0 11.7735849057 30 0.0 0.0 0.0 0.0 0.0 0.0 0.0 0.0 30 0.0 0.0 0.0 0.0 0.0 0.0 0.0 0.0 
40 40 58321.6092944 18.2882282581 17968686.7645 16911346.2402 54.6163461538 1.53846153846 0.0 13.5384615385 40 0.0 0.0 0.0 0.0 0.0 0.0 0.0 0.0 40 0.0 0.0 0.0 0.0 0.0 0.0 0.0 0.0 
50 50 57763.7411787 23.2701961034 17788309.332 16731549.0344 54.3451886792 1.79245283019 0.0 14.3396226415 50 0.0 0.0 0.0 0.0 0.0 0.0 0.0 0.0 50 0.0 0.0 0.0 0.0 0.0 0.0 0.0 0.0 
60 60 57967.0257043 27.6337862804 17951095.8008 16915563.191 54.4679771408 2.07565312046 0.0 16.6052249637 60 0.0 0.0 0.0 0.0 0.0 0.0 0.0 0.0 60 0.0 0.0 0.0 0.0 0.0 0.0 0.0 0.0 
70 70 58083.9821108 31.9134549586 18124140.6126 17077720.5895 54.7276124819 1.55769230769 0.0 12.4615384615 70 0.0 0.0 0.0 0.0 0.0 0.0 0.0 0.0 70 0.0 0.0 0.0 0.0 0.0 0.0 0.0 0.0 
80 80 57350.3153496 37.3791399869 17889173.1353 16854097.0624 54.7677884615 1.89423076923 0.0 15.1538461538 80 0.0 0.0 0.0 0.0 0.0 0.0 0.0 0.0 80 0.0 0.0 0.0 0.0 0.0 0.0 0.0 0.0 
90 90 58041.3638912 54.3976466469 18023212.9693 16765162.025 53.9969230769 1.90384615385 0.0 16.5384615385 90 0.0 0.0 0.0 0.0 0.0 0.0 0.0 0.0 90 0.0 0.0 0.0 0.0 0.0 0.0 0.0 0.0 
100 100 58794.1335342 65.2173806876 18317883.431 17001286.7313 53.9229807692 1.86538461538 0.0 15.2307692308 100 0.0 0.0 0.0 0.0 0.0 0.0 0.0 0.0 100 0.0 0.0 0.0 0.0 0.0 0.0 0.0 0.0 
110 110 57897.9182197 75.6971580515 17810512.201 16477225.487 53.8651886792 1.5841509434 0.0 13.1261320755 110 0.0 0.0 0.0 0.0 0.0 0.0 0.0 0.0 110 0.0 0.0 0.0 0.0 0.0 0.0 0.0 0.0 
130 130 58310.4159874 98.3727288008 17977310.455 16611573.3538 53.2324528302 1.99074746009 0.0 16.4586357039 130 0.0 0.0 0.0 0.0 0.0 0.0 0.0 0.0 130 0.0 0.0 0.0 0.0 0.0 0.0 0.0 0.0 
