1010462 0 1000
1024778 1 1000
1029033 2 1000
1044138 3 1000
1048902 4 1000
1051241 5 1000
1052552 6 1000
1061235 7 1000
1063535 8 1000
1067041 9 1000
1067829 10 1000
1079712 11 1000
1083064 12 1000
1086911 13 1000
1087873 14 1000
1088484 15 1000
1093295 16 1000
1094847 17 1000
1097160 18 1000
1098166 19 1000
1101066 20 1000
1101251 21 1000
1110279 22 1000
1111510 23 1000
1112084 24 1000
1112318 25 1000
1112625 26 1000
1115362 27 1000
1115711 28 1000
1116258 29 1000
1116780 30 1000
1117983 31 1000
1118278 32 1000
1119540 33 1000
1119789 34 1000
1120694 35 1000
1120727 36 1000
1120733 37 1000
1126365 38 1000
1126780 39 1000
1127415 40 1000
1127899 41 1000
1128891 42 1000
1129523 43 1000
1132452 44 1000
1133203 45 1000
1133604 46 1000
1134266 47 1000
1135207 48 1000
1135511 49 1000
1135517 50 1000
1135929 51 1000
1137642 52 1000
1138279 53 1000
1140313 54 1000
1140427 55 1000
1140545 56 1000
1140885 57 1000
1141249 58 1000
1141980 59 1000
1142076 60 1000
1143461 61 1000
1145378 62 1000
1145723 63 1000
1146611 64 1000
1146772 65 1000
1147910 66 1000
1152180 67 1000
1152592 68 1000
1155623 69 1000
1159078 70 1000
1159421 71 1000
1161733 72 1000
1161761 73 1000
1162783 74 1000
1163980 75 1000
1165120 76 1000
1165309 77 1000
1166771 78 1000
1166967 79 1000
1167904 80 1000
1169769 81 1000
1169770 82 1000
1170253 83 1000
1170304 84 1000
1171014 85 1000
1171479 86 1000
1173820 87 1000
1175613 88 1000
1177796 89 1000
1179407 90 1000
1179748 91 1000
1180045 92 1000
1180048 93 1000
1180261 94 1000
1180703 95 1000
1180818 96 1000
1181545 97 1000
1181938 98 1000
1182992 99 1000
1184216 100 1000
1184552 101 1000
1184596 102 1000
1184934 103 1000
1185010 104 1000
1187113 105 1000
1188541 106 1000
1188583 107 1000
1188861 108 1000
1189033 109 1000
1189686 110 1000
1192940 111 1000
1194940 112 1000
1195318 113 1000
1198356 114 1000
1198883 115 1000
1198994 116 1000
1199766 117 1000
1201080 118 1000
1201544 119 1000
1203349 120 1000
1204332 121 1000
1204807 122 1000
1205267 123 1000
1205772 124 1000
1207150 125 1000
1207919 126 1000
1209125 127 1000
1209504 128 1000
1210927 129 1000
1212355 130 1000
1213159 131 1000
1215077 132 1000
1215347 133 1000
1215590 134 1000
1216682 135 1000
1217663 136 1000
1219804 137 1000
1220138 138 1000
1221109 139 1000
1225558 140 1000
1227084 141 1000
1230507 142 1000
1231918 143 1000
1232263 144 1000
1235177 145 1000
1236621 146 1000
1237627 147 1000
1238588 148 1000
1239953 149 1000
1240325 150 1000
1240729 151 1000
1244836 152 1000
1244996 153 1000
1246129 154 1000
1246230 155 1000
1246854 156 1000
1247502 157 1000
1248186 158 1000
1248860 159 1000
1252033 160 1000
1253918 161 1000
1256522 162 1000
1257684 163 1000
1259804 164 1000
1263669 165 1000
1266353 166 1000
1266639 167 1000
1266690 168 1000
1267773 169 1000
1268258 170 1000
1270067 171 1000
1272241 172 1000
1277254 173 1000
1278580 174 1000
1279140 175 1000
1282382 176 1000
1283525 177 1000
1284520 178 1000
1285287 179 1000
1285373 180 1000
1285426 181 1000
1287531 182 1000
1287696 183 1000
1288105 184 1000
1289759 185 1000
1291411 186 1000
1291729 187 1000
1292044 188 1000
1293160 189 1000
1293160 190 1000
1294225 191 1000
1297903 192 1000
1299247 193 1000
1299559 194 1000
1299626 195 1000
1299704 196 1000
1303361 197 1000
1303588 198 1000
1306660 199 1000
1308070 200 1000
1309377 201 1000
1313369 202 1000
1315056 203 1000
1315879 204 1000
1316111 205 1000
1317339 206 1000
1317503 207 1000
1322012 208 1000
1323524 209 1000
1324791 210 1000
1326390 211 1000
1327036 212 1000
1329085 213 1000
1330143 214 1000
1331217 215 1000
1334493 216 1000
1334926 217 1000
1336594 218 1000
1337135 219 1000
1337144 220 1000
1338680 221 1000
1339113 222 1000
1339162 223 1000
1340723 224 1000
1341838 225 1000
1343761 226 1000
1344008 227 1000
1344145 228 1000
1344951 229 1000
1346025 230 1000
1347159 231 1000
1347284 232 1000
1347739 233 1000
1348470 234 1000
1348943 235 1000
1350232 236 1000
1355666 237 1000
1356376 238 1000
1356896 239 1000
1358745 240 1000
1359487 241 1000
1360140 242 1000
1361320 243 1000
1362921 244 1000
1363004 245 1000
1364170 246 1000
1364294 247 1000
1364344 248 1000
1367010 249 1000
1367163 250 1000
1368639 251 1000
1369406 252 1000
1369427 253 1000
1370967 254 1000
1373220 255 1000
1373467 256 1000
1373864 257 1000
1375673 258 1000
1377868 259 1000
1379111 260 1000
1380266 261 1000
1381012 262 1000
1381422 263 1000
1381600 264 1000
1383895 265 1000
1383895 266 1000
1384716 267 1000
1385069 268 1000
1385718 269 1000
1387389 270 1000
1388359 271 1000
1388653 272 1000
1389199 273 1000
1389579 274 1000
1389882 275 1000
1390045 276 1000
1390244 277 1000
1392801 278 1000
1393389 279 1000
1393879 280 1000
1394126 281 1000
1394270 282 1000
1394981 283 1000
1395671 284 1000
1397590 285 1000
1398255 286 1000
1399248 287 1000
1400113 288 1000
1400807 289 1000
1401593 290 1000
1403974 291 1000
1404728 292 1000
1405334 293 1000
1406563 294 1000
1407966 295 1000
1408905 296 1000
1409689 297 1000
1411354 298 1000
1414293 299 1000
1414416 300 1000
1414722 301 1000
1417078 302 1000
1417143 303 1000
1418269 304 1000
1419021 305 1000
1419061 306 1000
1419319 307 1000
1419453 308 1000
1423266 309 1000
1424169 310 1000
1426778 311 1000
1427498 312 1000
1433585 313 1000
1434349 314 1000
1437509 315 1000
1438173 316 1000
1438217 317 1000
1438570 318 1000
1442837 319 1000
1442888 320 1000
1446692 321 1000
1447123 322 1000
1447637 323 1000
1448200 324 1000
1452334 325 1000
1452656 326 1000
1452845 327 1000
1452855 328 1000
1453518 329 1000
1454722 330 1000
1455949 331 1000
1456419 332 1000
1459425 333 1000
1459596 334 1000
1459877 335 1000
1460421 336 1000
1460814 337 1000
1461675 338 1000
1461719 339 1000
1461756 340 1000
1465028 341 1000
1465172 342 1000
1466965 343 1000
1470370 344 1000
1471953 345 1000
1472035 346 1000
1474134 347 1000
1474327 348 1000
1475959 349 1000
1479950 350 1000
1481932 351 1000
1483479 352 1000
1483645 353 1000
1483841 354 1000
1487570 355 1000
1491800 356 1000
1492628 357 1000
1493296 358 1000
1494016 359 1000
1495029 360 1000
1500315 361 1000
1500814 362 1000
1504576 363 1000
1506322 364 1000
1506482 365 1000
1506806 366 1000
1508243 367 1000
1509102 368 1000
1509375 369 1000
1512053 370 1000
1512506 371 1000
1512773 372 1000
1513027 373 1000
1514720 374 1000
1515257 375 1000
1515996 376 1000
1516218 377 1000
1516415 378 1000
1516557 379 1000
1516776 380 1000
1517335 381 1000
1518244 382 1000
1518265 383 1000
1520732 384 1000
1521687 385 1000
1526344 386 1000
1527509 387 1000
1533413 388 1000
1533517 389 1000
1533752 390 1000
1533918 391 1000
1533923 392 1000
1534743 393 1000
1538501 394 1000
1540104 395 1000
1540429 396 1000
1544189 397 1000
1544810 398 1000
1545682 399 1000
1547017 400 1000
1548199 401 1000
1549256 402 1000
1549461 403 1000
1549548 404 1000
1551071 405 1000
1555844 406 1000
1557089 407 1000
1559055 408 1000
1559125 409 1000
1559187 410 1000
1559227 411 1000
1560487 412 1000
1562102 413 1000
1567452 414 1000
1570973 415 1000
1571669 416 1000
1574211 417 1000
1574900 418 1000
1575578 419 1000
1575774 420 1000
1576599 421 1000
1576897 422 1000
1578494 423 1000
1578613 424 1000
1579845 425 1000
1580217 426 1000
1580875 427 1000
1581697 428 1000
1582725 429 1000
1583284 430 1000
1584093 431 1000
1584446 432 1000
1584501 433 1000
1585504 434 1000
1587603 435 1000
1590193 436 1000
1590304 437 1000
1594270 438 1000
1595031 439 1000
1596232 440 1000
1596279 441 1000
1598971 442 1000
1599278 443 1000
1599383 444 1000
1599422 445 1000
1599969 446 1000
1600006 447 1000
1601076 448 1000
1601322 449 1000
1601975 450 1000
1602808 451 1000
1603899 452 1000
1605686 453 1000
1607351 454 1000
1608610 455 1000
1608729 456 1000
1609707 457 1000
1611351 458 1000
1612456 459 1000
1615643 460 1000
1615643 461 1000
1615758 462 1000
1615779 463 1000
1616757 464 1000
1616927 465 1000
1617020 466 1000
1618882 467 1000
1619598 468 1000
1622981 469 1000
1623982 470 1000
1623991 471 1000
1626386 472 1000
1627916 473 1000
1628295 474 1000
1628896 475 1000
1629377 476 1000
1631111 477 1000
1632144 478 1000
1632409 479 1000
1632947 480 1000
1633245 481 1000
1633708 482 1000
1634649 483 1000
1635999 484 1000
1637275 485 1000
1637289 486 1000
1637745 487 1000
1637804 488 1000
1638501 489 1000
1639699 490 1000
1639737 491 1000
1639791 492 1000
1640093 493 1000
1640132 494 1000
1640297 495 1000
1641199 496 1000
1641730 497 1000
1642703 498 1000
1642997 499 1000
1644338 500 1000
1647027 501 1000
1648070 502 1000
1648613 503 1000
1650249 504 1000
1650847 505 1000
1651628 506 1000
1655764 507 1000
1656091 508 1000
1656331 509 1000
1657110 510 1000
1657471 511 1000
1658072 512 1000
1658476 513 1000
1658857 514 1000
1659991 515 1000
1660273 516 1000
1660548 517 1000
1661164 518 1000
1661388 519 1000
1661453 520 1000
1661469 521 1000
1661876 522 1000
1662577 523 1000
1663633 524 1000
1664077 525 1000
1664112 526 1000
1664214 527 1000
1664439 528 1000
1664530 529 1000
1665510 530 1000
1669428 531 1000
1671172 532 1000
1672260 533 1000
1672631 534 1000
1673132 535 1000
1675572 536 1000
1676182 537 1000
1676797 538 1000
1678528 539 1000
1679335 540 1000
1679602 541 1000
1679722 542 1000
1679875 543 1000
1680137 544 1000
1680270 545 1000
1680310 546 1000
1680831 547 1000
1681532 548 1000
1681620 549 1000
1681631 550 1000
1682783 551 1000
1682826 552 1000
1683331 553 1000
1683619 554 1000
1684137 555 1000
1684398 556 1000
1685472 557 1000
1685706 558 1000
1686325 559 1000
1686738 560 1000
1687141 561 1000
1688010 562 1000
1688497 563 1000
1689105 564 1000
1689381 565 1000
1689571 566 1000
1690145 567 1000
1691288 568 1000
1691895 569 1000
1692052 570 1000
1692997 571 1000
1693020 572 1000
1694166 573 1000
1694845 574 1000
1695150 575 1000
1696131 576 1000
1696822 577 1000
1697250 578 1000
1699284 579 1000
1700374 580 1000
1700775 581 1000
1701574 582 1000
1702137 583 1000
1702460 584 1000
1703246 585 1000
1703814 586 1000
1704143 587 1000
1705427 588 1000
1706779 589 1000
1707227 590 1000
1707741 591 1000
1709362 592 1000
1709614 593 1000
1709881 594 1000
1710600 595 1000
1711313 596 1000
1711556 597 1000
1711870 598 1000
1713790 599 1000
1714705 600 1000
1715779 601 1000
1715832 602 1000
1715859 603 1000
1717134 604 1000
1719050 605 1000
1720678 606 1000
1720859 607 1000
1720963 608 1000
1721322 609 1000
1721580 610 1000
1722404 611 1000
1722452 612 1000
1722804 613 1000
1724137 614 1000
1725591 615 1000
1726262 616 1000
1726411 617 1000
1726442 618 1000
1727856 619 1000
1728572 620 1000
1728635 621 1000
1729074 622 1000
1730347 623 1000
1730995 624 1000
1731567 625 1000
1731750 626 1000
1732311 627 1000
1732821 628 1000
1732963 629 1000
1733190 630 1000
1733198 631 1000
1733357 632 1000
1733723 633 1000
1737185 634 1000
1737853 635 1000
1738015 636 1000
1738161 637 1000
1739087 638 1000
1739125 639 1000
1739360 640 1000
1741552 641 1000
1741863 642 1000
1743357 643 1000
1745313 644 1000
1745873 645 1000
1745929 646 1000
1746074 647 1000
1746681 648 1000
1747727 649 1000
1748536 650 1000
1749361 651 1000
1750887 652 1000
1751931 653 1000
1752871 654 1000
1753674 655 1000
1754134 656 1000
1754657 657 1000
1755743 658 1000
1755755 659 1000
1756028 660 1000
1756376 661 1000
1757199 662 1000
1758900 663 1000
1759447 664 1000
1759610 665 1000
1761027 666 1000
1761035 667 1000
1761065 668 1000
1761545 669 1000
1763026 670 1000
1763457 671 1000
1764007 672 1000
1765095 673 1000
1765994 674 1000
1767433 675 1000
1768746 676 1000
1768960 677 1000
1769353 678 1000
1769703 679 1000
1769801 680 1000
1770127 681 1000
1770371 682 1000
1771197 683 1000
1773220 684 1000
1773259 685 1000
1774324 686 1000
1775680 687 1000
1776100 688 1000
1777158 689 1000
1777270 690 1000
1777935 691 1000
1778141 692 1000
1778563 693 1000
1779076 694 1000
1779645 695 1000
1779835 696 1000
1780267 697 1000
1780575 698 1000
1780946 699 1000
1780996 700 1000
1781891 701 1000
1782548 702 1000
1782789 703 1000
1782808 704 1000
1782865 705 1000
1783245 706 1000
1783516 707 1000
1785090 708 1000
1785151 709 1000
1787556 710 1000
1788065 711 1000
1788836 712 1000
1789000 713 1000
1789568 714 1000
1791214 715 1000
1791405 716 1000
1791611 717 1000
1791752 718 1000
1795028 719 1000
1795069 720 1000
1795080 721 1000
1795307 722 1000
1795835 723 1000
1796059 724 1000
1796260 725 1000
1796452 726 1000
1797939 727 1000
1799789 728 1000
1800749 729 1000
1801047 730 1000
1801186 731 1000
1801650 732 1000
1801878 733 1000
1802411 734 1000
1802722 735 1000
1803323 736 1000
1803477 737 1000
1804269 738 1000
1804273 739 1000
1804850 740 1000
1805300 741 1000
1807054 742 1000
1807219 743 1000
1807336 744 1000
1809218 745 1000
1810791 746 1000
1811101 747 1000
1811571 748 1000
1811838 749 1000
1812013 750 1000
1812843 751 1000
1812999 752 1000
1813003 753 1000
1815033 754 1000
1815301 755 1000
1815376 756 1000
1815575 757 1000
1815729 758 1000
1816322 759 1000
1816452 760 1000
1816727 761 1000
1817153 762 1000
1817187 763 1000
1817530 764 1000
1817575 765 1000
1818026 766 1000
1818443 767 1000
1818912 768 1000
1819447 769 1000
1819823 770 1000
1820514 771 1000
1820902 772 1000
1821099 773 1000
1822150 774 1000
1822237 775 1000
1822281 776 1000
1822941 777 1000
1823109 778 1000
1824480 779 1000
1824920 780 1000
1826083 781 1000
1826938 782 1000
1827446 783 1000
1827535 784 1000
1827708 785 1000
1827798 786 1000
1828310 787 1000
1829281 788 1000
1829716 789 1000
1830344 790 1000
1833373 791 1000
1833448 792 1000
1833450 793 1000
1834115 794 1000
1834319 795 1000
1834588 796 1000
1834712 797 1000
1834925 798 1000
1836908 799 1000
1837551 800 1000
1837734 801 1000
1838392 802 1000
1839409 803 1000
1840252 804 1000
1840336 805 1000
1840681 806 1000
1840756 807 1000
1841103 808 1000
1841111 809 1000
1841831 810 1000
1842204 811 1000
1842584 812 1000
1843222 813 1000
1844424 814 1000
1845026 815 1000
1845080 816 1000
1845422 817 1000
1845489 818 1000
1846461 819 1000
1847261 820 1000
1847643 821 1000
1849009 822 1000
1849152 823 1000
1851388 824 1000
1851866 825 1000
1852153 826 1000
1852324 827 1000
1852634 828 1000
1852925 829 1000
1852984 830 1000
1853634 831 1000
1853955 832 1000
1854329 833 1000
1854783 834 1000
1855122 835 1000
1855607 836 1000
1855989 837 1000
1856210 838 1000
1856480 839 1000
1857370 840 1000
1857887 841 1000
1858469 842 1000
1859201 843 1000
1859239 844 1000
1859517 845 1000
1859850 846 1000
1860794 847 1000
1861612 848 1000
1862283 849 1000
1862399 850 1000
1862606 851 1000
1863931 852 1000
1864187 853 1000
1867019 854 1000
1867354 855 1000
1867514 856 1000
1868558 857 1000
1868595 858 1000
1869979 859 1000
1871265 860 1000
1871597 861 1000
1873642 862 1000
1873676 863 1000
1873997 864 1000
1875377 865 1000
1876368 866 1000
1877560 867 1000
1878511 868 1000
1878537 869 1000
1878755 870 1000
1879195 871 1000
1879581 872 1000
1879607 873 1000
1879749 874 1000
1879804 875 1000
1879919 876 1000
1879954 877 1000
1880222 878 1000
1880678 879 1000
1880931 880 1000
1881061 881 1000
1881896 882 1000
1883021 883 1000
1883201 884 1000
1883343 885 1000
1883976 886 1000
1884984 887 1000
1885260 888 1000
1886016 889 1000
1887315 890 1000
1887766 891 1000
1890226 892 1000
1890698 893 1000
1891996 894 1000
1892042 895 1000
1892696 896 1000
1893330 897 1000
1893606 898 1000
1894332 899 1000
1894577 900 1000
1894638 901 1000
1894915 902 1000
1895284 903 1000
1895816 904 1000
1895969 905 1000
1896152 906 1000
1896188 907 1000
1896213 908 1000
1897149 909 1000
1898142 910 1000
1901194 911 1000
1901509 912 1000
1905298 913 1000
1906515 914 1000
1907168 915 1000
1907885 916 1000
1908263 917 1000
1908270 918 1000
1908847 919 1000
1910061 920 1000
1910370 921 1000
1910491 922 1000
1910653 923 1000
1911063 924 1000
1911510 925 1000
1912510 926 1000
1913148 927 1000
1914741 928 1000
1914790 929 1000
1915115 930 1000
1915396 931 1000
1915644 932 1000
1917203 933 1000
1918180 934 1000
1919015 935 1000
1919039 936 1000
1919476 937 1000
1919529 938 1000
1919833 939 1000
1920347 940 1000
1920612 941 1000
1921029 942 1000
1921231 943 1000
1921499 944 1000
1921562 945 1000
1921981 946 1000
1921987 947 1000
1922714 948 1000
1923877 949 1000
1924494 950 1000
1926963 951 1000
1927299 952 1000
1928200 953 1000
1928767 954 1000
1931752 955 1000
1931796 956 1000
1931840 957 1000
1932055 958 1000
1932132 959 1000
1933856 960 1000
1934361 961 1000
1934728 962 1000
1935989 963 1000
1936441 964 1000
1936793 965 1000
1937508 966 1000
1937792 967 1000
1941193 968 1000
1942468 969 1000
1943984 970 1000
1944209 971 1000
1944404 972 1000
1945148 973 1000
1945241 974 1000
1945650 975 1000
1947702 976 1000
1947755 977 1000
1950640 978 1000
1950919 979 1000
1950958 980 1000
1951960 981 1000
1952952 982 1000
1953217 983 1000
1953454 984 1000
1954900 985 1000
1955056 986 1000
1955619 987 1000
1957671 988 1000
1957785 989 1000
1960753 990 1000
1961279 991 1000
1961516 992 1000
1962541 993 1000
1963541 994 1000
1964149 995 1000
1964870 996 1000
1965513 997 1000
1966434 998 1000
1967037 999 1000
