# load avg(tp, lat, bwr, bww, cpu, tps, brps, bwps), sd(...), ci(...)
1 1 3517.2843704 8.64716673465 7923404.85609 6207099.86149 3.839845791 2.59433962264 0.0 21.7358490566 1 0.0 0.0 0.0 0.0 0.0 0.0 0.0 0.0 1 0.0 0.0 0.0 0.0 0.0 0.0 0.0 0.0 
2 2 14992.2593402 11.8228446953 33396202.449 26187265.5294 12.0831132075 2.71698113208 0.0 22.2641509434 2 0.0 0.0 0.0 0.0 0.0 0.0 0.0 0.0 2 0.0 0.0 0.0 0.0 0.0 0.0 0.0 0.0 
3 3 24503.9904823 14.8267486562 54255163.2913 42336230.4467 18.6583962264 2.54716981132 0.0 20.9056603774 3 0.0 0.0 0.0 0.0 0.0 0.0 0.0 0.0 3 0.0 0.0 0.0 0.0 0.0 0.0 0.0 0.0 
4 4 33189.21937 16.9964544766 72745867.8833 56881973.8543 24.4879245283 2.59433962264 0.0 22.0377358491 4 0.0 0.0 0.0 0.0 0.0 0.0 0.0 0.0 4 0.0 0.0 0.0 0.0 0.0 0.0 0.0 0.0 
6 6 38539.9861756 19.0536615465 84467712.7763 66092473.3 29.4198113208 2.32075471698 0.0 19.320754717 6 0.0 0.0 0.0 0.0 0.0 0.0 0.0 0.0 6 0.0 0.0 0.0 0.0 0.0 0.0 0.0 0.0 
8 8 40287.8511008 19.7285992406 89902059.9627 70383875.4357 30.5732075472 2.46226415094 0.0 20.8301886792 8 0.0 0.0 0.0 0.0 0.0 0.0 0.0 0.0 8 0.0 0.0 0.0 0.0 0.0 0.0 0.0 0.0 
11 11 40743.7250844 22.6689787988 89399539.1553 70011818.2383 30.8197169811 2.74528301887 0.0 22.7924528302 11 0.0 0.0 0.0 0.0 0.0 0.0 0.0 0.0 11 0.0 0.0 0.0 0.0 0.0 0.0 0.0 0.0 
15 15 40666.6882123 24.6332076025 87310437.3977 68289602.8348 31.5789285714 2.32142857143 0.0 19.4285714286 15 0.0 0.0 0.0 0.0 0.0 0.0 0.0 0.0 15 0.0 0.0 0.0 0.0 0.0 0.0 0.0 0.0 
20 20 41102.3064507 27.5779305352 90806743.1554 71114303.297 31.3998113208 2.63722222222 0.0 22.1349074074 20 0.0 0.0 0.0 0.0 0.0 0.0 0.0 0.0 20 0.0 0.0 0.0 0.0 0.0 0.0 0.0 0.0 
27 27 41220.5455551 31.1378971362 90614604.195 71007040.6579 31.3579245283 2.67924528302 0.0 22.2641509434 27 0.0 0.0 0.0 0.0 0.0 0.0 0.0 0.0 27 0.0 0.0 0.0 0.0 0.0 0.0 0.0 0.0 
36 36 41317.7757739 36.4509290634 90986596.8906 71323116.6959 31.3481567489 2.51886792453 0.0 20.7547169811 36 0.0 0.0 0.0 0.0 0.0 0.0 0.0 0.0 36 0.0 0.0 0.0 0.0 0.0 0.0 0.0 0.0 
47 47 41454.7092879 42.5430021518 91051486.0371 71279077.0671 31.6493396226 2.64150943396 0.0 21.6603773585 47 0.0 0.0 0.0 0.0 0.0 0.0 0.0 0.0 47 0.0 0.0 0.0 0.0 0.0 0.0 0.0 0.0 
62 62 41633.6361446 51.2928969308 91825204.3907 71917624.7073 31.1241346154 2.69811320755 0.0 22.2641509434 62 0.0 0.0 0.0 0.0 0.0 0.0 0.0 0.0 62 0.0 0.0 0.0 0.0 0.0 0.0 0.0 0.0 
81 81 41722.0296992 60.7790939402 92882370.8739 72522691.1664 30.8912264151 2.70650943396 0.0 22.9351886792 81 0.0 0.0 0.0 0.0 0.0 0.0 0.0 0.0 81 0.0 0.0 0.0 0.0 0.0 0.0 0.0 0.0 
