1813909 0 1000
1837420 1 1000
1854830 2 1000
1877650 3 1000
1902464 4 1000
1905670 5 1000
1905845 6 1000
1922375 7 1000
1926223 8 1000
1931417 9 1000
1948387 10 1000
1981494 11 1000
2030034 12 1000
2039669 13 1000
2063853 14 1000
2070073 15 1000
2083875 16 1000
2086724 17 1000
2091623 18 1000
2096591 19 1000
2099456 20 1000
2102610 21 1000
2102949 22 1000
2104955 23 1000
2107319 24 1000
2110668 25 1000
2114144 26 1000
2116695 27 1000
2119411 28 1000
2121202 29 1000
2124009 30 1000
2125943 31 1000
2130132 32 1000
2131754 33 1000
2131786 34 1000
2133178 35 1000
2133298 36 1000
2136750 37 1000
2136904 38 1000
2137148 39 1000
2137808 40 1000
2138674 41 1000
2141504 42 1000
2141583 43 1000
2141616 44 1000
2144031 45 1000
2149721 46 1000
2150779 47 1000
2151767 48 1000
2152112 49 1000
2152362 50 1000
2152536 51 1000
2152536 52 1000
2152785 53 1000
2155351 54 1000
2155504 55 1000
2156788 56 1000
2157102 57 1000
2157405 58 1000
2157650 59 1000
2158238 60 1000
2158818 61 1000
2159494 62 1000
2159954 63 1000
2162857 64 1000
2163506 65 1000
2165422 66 1000
2165560 67 1000
2165636 68 1000
2166234 69 1000
2166527 70 1000
2167147 71 1000
2167351 72 1000
2168147 73 1000
2171607 74 1000
2172236 75 1000
2174125 76 1000
2174163 77 1000
2174693 78 1000
2175323 79 1000
2176124 80 1000
2178074 81 1000
2178323 82 1000
2179169 83 1000
2179916 84 1000
2182117 85 1000
2183718 86 1000
2184103 87 1000
2185040 88 1000
2186765 89 1000
2187604 90 1000
2190614 91 1000
2191155 92 1000
2191754 93 1000
2192229 94 1000
2192641 95 1000
2193282 96 1000
2194785 97 1000
2194988 98 1000
2195317 99 1000
2197363 100 1000
2197399 101 1000
2198636 102 1000
2198686 103 1000
2199458 104 1000
2200784 105 1000
2202846 106 1000
2206457 107 1000
2209678 108 1000
2210136 109 1000
2210571 110 1000
2211865 111 1000
2211904 112 1000
2212414 113 1000
2213932 114 1000
2215790 115 1000
2219418 116 1000
2221161 117 1000
2221231 118 1000
2221671 119 1000
2223705 120 1000
2224122 121 1000
2225064 122 1000
2225647 123 1000
2227264 124 1000
2227662 125 1000
2229372 126 1000
2230734 127 1000
2230755 128 1000
2230998 129 1000
2231883 130 1000
2231998 131 1000
2232159 132 1000
2234573 133 1000
2234655 134 1000
2236124 135 1000
2237527 136 1000
2240657 137 1000
2241142 138 1000
2241173 139 1000
2241508 140 1000
2242172 141 1000
2243447 142 1000
2244113 143 1000
2244338 144 1000
2246395 145 1000
2247085 146 1000
2247876 147 1000
2248264 148 1000
2248486 149 1000
2249051 150 1000
2249360 151 1000
2249659 152 1000
2250300 153 1000
2250609 154 1000
2252820 155 1000
2254002 156 1000
2255082 157 1000
2255128 158 1000
2256167 159 1000
2257054 160 1000
2257123 161 1000
2257384 162 1000
2260339 163 1000
2260561 164 1000
2260625 165 1000
2260650 166 1000
2262393 167 1000
2262956 168 1000
2263123 169 1000
2263463 170 1000
2264840 171 1000
2265714 172 1000
2265793 173 1000
2266467 174 1000
2267840 175 1000
2268693 176 1000
2268696 177 1000
2270677 178 1000
2270959 179 1000
2271046 180 1000
2271182 181 1000
2272363 182 1000
2273696 183 1000
2274154 184 1000
2275972 185 1000
2276124 186 1000
2276460 187 1000
2277175 188 1000
2278242 189 1000
2281529 190 1000
2283271 191 1000
2283871 192 1000
2283979 193 1000
2284270 194 1000
2286748 195 1000
2288577 196 1000
2289648 197 1000
2291119 198 1000
2292518 199 1000
2294266 200 1000
2297582 201 1000
2298378 202 1000
2299074 203 1000
2299392 204 1000
2299498 205 1000
2300208 206 1000
2301168 207 1000
2301590 208 1000
2302210 209 1000
2303132 210 1000
2303833 211 1000
2306659 212 1000
2307630 213 1000
2308284 214 1000
2308339 215 1000
2308830 216 1000
2308893 217 1000
2309208 218 1000
2310051 219 1000
2310321 220 1000
2310545 221 1000
2310930 222 1000
2311408 223 1000
2311513 224 1000
2311670 225 1000
2312081 226 1000
2312085 227 1000
2313224 228 1000
2313353 229 1000
2313380 230 1000
2313627 231 1000
2314267 232 1000
2314369 233 1000
2315681 234 1000
2315878 235 1000
2316114 236 1000
2317165 237 1000
2317679 238 1000
2318572 239 1000
2320017 240 1000
2320727 241 1000
2321799 242 1000
2323885 243 1000
2326157 244 1000
2326466 245 1000
2326742 246 1000
2327068 247 1000
2328162 248 1000
2328369 249 1000
2328697 250 1000
2331345 251 1000
2331524 252 1000
2332216 253 1000
2336525 254 1000
2337076 255 1000
2337788 256 1000
2338711 257 1000
2342060 258 1000
2342298 259 1000
2342723 260 1000
2343061 261 1000
2343112 262 1000
2343256 263 1000
2343262 264 1000
2344422 265 1000
2344456 266 1000
2345562 267 1000
2345772 268 1000
2345835 269 1000
2346042 270 1000
2350197 271 1000
2350562 272 1000
2350923 273 1000
2351150 274 1000
2351561 275 1000
2352839 276 1000
2353757 277 1000
2354417 278 1000
2354777 279 1000
2354938 280 1000
2356026 281 1000
2357498 282 1000
2357675 283 1000
2359353 284 1000
2360921 285 1000
2361401 286 1000
2361691 287 1000
2362049 288 1000
2362125 289 1000
2362447 290 1000
2362759 291 1000
2362950 292 1000
2364518 293 1000
2365074 294 1000
2365187 295 1000
2366122 296 1000
2366485 297 1000
2366745 298 1000
2367126 299 1000
2367396 300 1000
2368303 301 1000
2368353 302 1000
2369071 303 1000
2370590 304 1000
2372724 305 1000
2372826 306 1000
2373406 307 1000
2373846 308 1000
2374350 309 1000
2374825 310 1000
2375453 311 1000
2376063 312 1000
2376409 313 1000
2376492 314 1000
2377309 315 1000
2378006 316 1000
2379135 317 1000
2379619 318 1000
2380461 319 1000
2380859 320 1000
2380921 321 1000
2381877 322 1000
2382517 323 1000
2383176 324 1000
2384506 325 1000
2384524 326 1000
2384669 327 1000
2385099 328 1000
2385925 329 1000
2386103 330 1000
2386283 331 1000
2386302 332 1000
2387247 333 1000
2387251 334 1000
2388409 335 1000
2388847 336 1000
2389434 337 1000
2393879 338 1000
2394069 339 1000
2394740 340 1000
2395044 341 1000
2395063 342 1000
2395273 343 1000
2395649 344 1000
2396843 345 1000
2397088 346 1000
2398336 347 1000
2398490 348 1000
2398682 349 1000
2400661 350 1000
2401558 351 1000
2401584 352 1000
2401914 353 1000
2402438 354 1000
2402532 355 1000
2403791 356 1000
2404734 357 1000
2404931 358 1000
2405084 359 1000
2405765 360 1000
2405786 361 1000
2406102 362 1000
2406278 363 1000
2406329 364 1000
2407662 365 1000
2407831 366 1000
2409471 367 1000
2409649 368 1000
2410031 369 1000
2410055 370 1000
2410289 371 1000
2410782 372 1000
2412832 373 1000
2413199 374 1000
2413758 375 1000
2413771 376 1000
2414716 377 1000
2415005 378 1000
2415183 379 1000
2415225 380 1000
2415340 381 1000
2416181 382 1000
2416535 383 1000
2416656 384 1000
2417696 385 1000
2419432 386 1000
2419961 387 1000
2420719 388 1000
2420851 389 1000
2421453 390 1000
2422801 391 1000
2423754 392 1000
2424707 393 1000
2425206 394 1000
2426047 395 1000
2426797 396 1000
2426827 397 1000
2427399 398 1000
2427795 399 1000
2427894 400 1000
2428425 401 1000
2429883 402 1000
2430272 403 1000
2430345 404 1000
2431293 405 1000
2431737 406 1000
2432410 407 1000
2433068 408 1000
2433564 409 1000
2433581 410 1000
2434214 411 1000
2435137 412 1000
2437347 413 1000
2438110 414 1000
2439866 415 1000
2440780 416 1000
2440901 417 1000
2441429 418 1000
2442186 419 1000
2442572 420 1000
2442676 421 1000
2442718 422 1000
2443211 423 1000
2444028 424 1000
2444425 425 1000
2444642 426 1000
2444910 427 1000
2445333 428 1000
2446416 429 1000
2446468 430 1000
2447586 431 1000
2447616 432 1000
2447969 433 1000
2448544 434 1000
2448688 435 1000
2449252 436 1000
2449676 437 1000
2450206 438 1000
2450889 439 1000
2452668 440 1000
2453238 441 1000
2453411 442 1000
2453514 443 1000
2453700 444 1000
2454194 445 1000
2455275 446 1000
2455301 447 1000
2456119 448 1000
2456966 449 1000
2457042 450 1000
2457620 451 1000
2458137 452 1000
2458662 453 1000
2458836 454 1000
2459543 455 1000
2460108 456 1000
2460166 457 1000
2460786 458 1000
2461010 459 1000
2461017 460 1000
2461489 461 1000
2461941 462 1000
2462148 463 1000
2463294 464 1000
2463499 465 1000
2464867 466 1000
2465474 467 1000
2466985 468 1000
2467663 469 1000
2467773 470 1000
2467972 471 1000
2469623 472 1000
2469687 473 1000
2470062 474 1000
2470872 475 1000
2471635 476 1000
2472315 477 1000
2472531 478 1000
2472704 479 1000
2473380 480 1000
2474192 481 1000
2474707 482 1000
2474747 483 1000
2475799 484 1000
2475812 485 1000
2475821 486 1000
2475851 487 1000
2476408 488 1000
2477334 489 1000
2477377 490 1000
2477806 491 1000
2478454 492 1000
2479098 493 1000
2479343 494 1000
2479801 495 1000
2483402 496 1000
2483837 497 1000
2484093 498 1000
2484134 499 1000
2484454 500 1000
2485688 501 1000
2486203 502 1000
2486490 503 1000
2486978 504 1000
2488632 505 1000
2488898 506 1000
2490052 507 1000
2490074 508 1000
2490935 509 1000
2491757 510 1000
2491773 511 1000
2492161 512 1000
2492837 513 1000
2493449 514 1000
2494256 515 1000
2494352 516 1000
2495417 517 1000
2495895 518 1000
2496506 519 1000
2497140 520 1000
2498624 521 1000
2499031 522 1000
2499178 523 1000
2501034 524 1000
2501222 525 1000
2502190 526 1000
2502277 527 1000
2502515 528 1000
2502586 529 1000
2503321 530 1000
2503605 531 1000
2503749 532 1000
2503840 533 1000
2503937 534 1000
2504743 535 1000
2507073 536 1000
2509145 537 1000
2510997 538 1000
2512090 539 1000
2512521 540 1000
2515352 541 1000
2516648 542 1000
2516871 543 1000
2518159 544 1000
2520377 545 1000
2522750 546 1000
2522947 547 1000
2523020 548 1000
2523413 549 1000
2524936 550 1000
2525026 551 1000
2525212 552 1000
2525860 553 1000
2527023 554 1000
2527443 555 1000
2527848 556 1000
2529216 557 1000
2529940 558 1000
2530566 559 1000
2532282 560 1000
2533611 561 1000
2534360 562 1000
2534405 563 1000
2534508 564 1000
2535537 565 1000
2535933 566 1000
2535980 567 1000
2536289 568 1000
2536635 569 1000
2540875 570 1000
2540992 571 1000
2541382 572 1000
2541494 573 1000
2543047 574 1000
2544909 575 1000
2546154 576 1000
2546487 577 1000
2547868 578 1000
2548576 579 1000
2551247 580 1000
2551487 581 1000
2552620 582 1000
2553417 583 1000
2555162 584 1000
2555223 585 1000
2555484 586 1000
2556146 587 1000
2557979 588 1000
2557987 589 1000
2558281 590 1000
2559938 591 1000
2561170 592 1000
2564266 593 1000
2564581 594 1000
2565164 595 1000
2566069 596 1000
2566413 597 1000
2569306 598 1000
2571431 599 1000
2571649 600 1000
2573224 601 1000
2573672 602 1000
2574206 603 1000
2574596 604 1000
2574771 605 1000
2579971 606 1000
2580752 607 1000
2581017 608 1000
2583386 609 1000
2585521 610 1000
2585970 611 1000
2588427 612 1000
2590054 613 1000
2591141 614 1000
2591431 615 1000
2594139 616 1000
2594293 617 1000
2595169 618 1000
2596291 619 1000
2596977 620 1000
2598700 621 1000
2599593 622 1000
2600726 623 1000
2602790 624 1000
2603962 625 1000
2604924 626 1000
2605182 627 1000
2606101 628 1000
2606333 629 1000
2611456 630 1000
2611782 631 1000
2612145 632 1000
2613852 633 1000
2614553 634 1000
2615008 635 1000
2621117 636 1000
2622327 637 1000
2625930 638 1000
2626264 639 1000
2629259 640 1000
2630254 641 1000
2630275 642 1000
2630399 643 1000
2631549 644 1000
2631862 645 1000
2633701 646 1000
2634777 647 1000
2635992 648 1000
2640750 649 1000
2641394 650 1000
2642229 651 1000
2642727 652 1000
2643661 653 1000
2646361 654 1000
2646690 655 1000
2649768 656 1000
2652960 657 1000
2654390 658 1000
2655084 659 1000
2655784 660 1000
2661076 661 1000
2661299 662 1000
2661664 663 1000
2667253 664 1000
2668563 665 1000
2668905 666 1000
2669273 667 1000
2669806 668 1000
2671275 669 1000
2673500 670 1000
2680022 671 1000
2681075 672 1000
2681972 673 1000
2683353 674 1000
2685548 675 1000
2686397 676 1000
2693218 677 1000
2694588 678 1000
2696949 679 1000
2697235 680 1000
2697340 681 1000
2698584 682 1000
2698870 683 1000
2700390 684 1000
2700429 685 1000
2700447 686 1000
2700611 687 1000
2701720 688 1000
2702088 689 1000
2703004 690 1000
2704401 691 1000
2704698 692 1000
2710328 693 1000
2711960 694 1000
2713185 695 1000
2714346 696 1000
2717894 697 1000
2720199 698 1000
2721078 699 1000
2722653 700 1000
2722763 701 1000
2723670 702 1000
2723841 703 1000
2725407 704 1000
2726237 705 1000
2728937 706 1000
2729404 707 1000
2735064 708 1000
2736689 709 1000
2738987 710 1000
2741461 711 1000
2742003 712 1000
2744973 713 1000
2746276 714 1000
2747454 715 1000
2749331 716 1000
2749729 717 1000
2750308 718 1000
2751579 719 1000
2751744 720 1000
2752299 721 1000
2752504 722 1000
2753309 723 1000
2757516 724 1000
2759213 725 1000
2760235 726 1000
2761495 727 1000
2763354 728 1000
2763930 729 1000
2765364 730 1000
2766349 731 1000
2769138 732 1000
2769903 733 1000
2772893 734 1000
2773666 735 1000
2774307 736 1000
2781866 737 1000
2782726 738 1000
2789165 739 1000
2790584 740 1000
2793496 741 1000
2795046 742 1000
2795434 743 1000
2798178 744 1000
2800002 745 1000
2804087 746 1000
2804777 747 1000
2805712 748 1000
2806840 749 1000
2811175 750 1000
2812028 751 1000
2813140 752 1000
2819506 753 1000
2821851 754 1000
2828384 755 1000
2829688 756 1000
2834792 757 1000
2837814 758 1000
2843641 759 1000
2853332 760 1000
2856200 761 1000
2857665 762 1000
2858182 763 1000
2858958 764 1000
2867108 765 1000
2868543 766 1000
2869467 767 1000
2870893 768 1000
2871769 769 1000
2871816 770 1000
2872062 771 1000
2876541 772 1000
2879090 773 1000
2879519 774 1000
2881933 775 1000
2884491 776 1000
2887453 777 1000
2888476 778 1000
2894588 779 1000
2895888 780 1000
2902177 781 1000
2902374 782 1000
2908695 783 1000
2916291 784 1000
2917771 785 1000
2919319 786 1000
2919642 787 1000
2919971 788 1000
2927087 789 1000
2945815 790 1000
2945905 791 1000
2947811 792 1000
2949839 793 1000
2950480 794 1000
2952199 795 1000
2957001 796 1000
2957995 797 1000
2959448 798 1000
2961804 799 1000
2966779 800 1000
2975470 801 1000
2979298 802 1000
2988311 803 1000
2989558 804 1000
2989586 805 1000
2994322 806 1000
2995311 807 1000
2998508 808 1000
3001167 809 1000
3010082 810 1000
3012319 811 1000
3012463 812 1000
3016351 813 1000
3025264 814 1000
3026233 815 1000
3028222 816 1000
3035237 817 1000
3036236 818 1000
3039098 819 1000
3043866 820 1000
3050925 821 1000
3051868 822 1000
3052606 823 1000
3052752 824 1000
3055548 825 1000
3056186 826 1000
3062681 827 1000
3067673 828 1000
3068160 829 1000
3069366 830 1000
3073000 831 1000
3074573 832 1000
3074623 833 1000
3076486 834 1000
3076698 835 1000
3077502 836 1000
3082068 837 1000
3083132 838 1000
3083878 839 1000
3088299 840 1000
3094632 841 1000
3097887 842 1000
3101513 843 1000
3110187 844 1000
3115751 845 1000
3120536 846 1000
3121319 847 1000
3124960 848 1000
3129686 849 1000
3132210 850 1000
3133260 851 1000
3136422 852 1000
3137173 853 1000
3137913 854 1000
3142762 855 1000
3149787 856 1000
3152409 857 1000
3154460 858 1000
3162119 859 1000
3165515 860 1000
3167230 861 1000
3171275 862 1000
3173200 863 1000
3186037 864 1000
3187034 865 1000
3187584 866 1000
3189157 867 1000
3197088 868 1000
3207532 869 1000
3220379 870 1000
3221558 871 1000
3227269 872 1000
3227625 873 1000
3228229 874 1000
3235153 875 1000
3237606 876 1000
3239127 877 1000
3242993 878 1000
3244407 879 1000
3256707 880 1000
3259546 881 1000
3259582 882 1000
3260593 883 1000
3261047 884 1000
3267704 885 1000
3267732 886 1000
3270910 887 1000
3272440 888 1000
3273676 889 1000
3274155 890 1000
3277370 891 1000
3278356 892 1000
3280041 893 1000
3281285 894 1000
3283187 895 1000
3283974 896 1000
3287480 897 1000
3288659 898 1000
3292250 899 1000
3293071 900 1000
3294579 901 1000
3299104 902 1000
3302040 903 1000
3313849 904 1000
3316572 905 1000
3316639 906 1000
3318567 907 1000
3319137 908 1000
3326404 909 1000
3326432 910 1000
3328265 911 1000
3331929 912 1000
3334625 913 1000
3337525 914 1000
3338568 915 1000
3339915 916 1000
3343498 917 1000
3345936 918 1000
3347697 919 1000
3349392 920 1000
3353671 921 1000
3355215 922 1000
3359116 923 1000
3360175 924 1000
3360916 925 1000
3361649 926 1000
3361773 927 1000
3364142 928 1000
3364536 929 1000
3365014 930 1000
3365767 931 1000
3366809 932 1000
3369694 933 1000
3371134 934 1000
3373973 935 1000
3374904 936 1000
3377804 937 1000
3380302 938 1000
3380876 939 1000
3381036 940 1000
3381467 941 1000
3384288 942 1000
3384874 943 1000
3385099 944 1000
3387445 945 1000
3389243 946 1000
3389797 947 1000
3390571 948 1000
3391626 949 1000
3394636 950 1000
3395455 951 1000
3396990 952 1000
3400831 953 1000
3402110 954 1000
3404100 955 1000
3404800 956 1000
3404881 957 1000
3405137 958 1000
3405694 959 1000
3406713 960 1000
3407824 961 1000
3409770 962 1000
3411534 963 1000
3412189 964 1000
3414070 965 1000
3415491 966 1000
3417895 967 1000
3418392 968 1000
3418952 969 1000
3419162 970 1000
3420134 971 1000
3421462 972 1000
3421681 973 1000
3422534 974 1000
3424792 975 1000
3425586 976 1000
3427629 977 1000
3428544 978 1000
3430651 979 1000
3431061 980 1000
3431086 981 1000
3431106 982 1000
3431179 983 1000
3431393 984 1000
3431472 985 1000
3432242 986 1000
3434576 987 1000
3435997 988 1000
3437814 989 1000
3438108 990 1000
3438803 991 1000
3439098 992 1000
3440926 993 1000
3441283 994 1000
3442214 995 1000
3443331 996 1000
3443350 997 1000
3444902 998 1000
3445154 999 1000
