# load avg(tp, lat, bwr, bww, cpu, tps, brps, bwps), sd(...), ci(...)
10 10 12793.204637 28.1386587213 6701953.82879 5821414.59327 5.98455357143 2.0475170068 0.0 17.7679024943 10 0.0 0.0 0.0 0.0 0.0 0.0 0.0 0.0 10 0.0 0.0 0.0 0.0 0.0 0.0 0.0 0.0 
12 12 15293.7119301 28.7234287155 7975526.343 6919772.47887 6.67655612245 2.01433106576 0.0 17.3748185941 12 0.0 0.0 0.0 0.0 0.0 0.0 0.0 0.0 12 0.0 0.0 0.0 0.0 0.0 0.0 0.0 0.0 
14 14 17334.3782833 30.3885671494 9035648.08688 7838110.04738 7.19192389456 1.92054421769 0.0 17.2691156463 14 0.0 0.0 0.0 0.0 0.0 0.0 0.0 0.0 14 0.0 0.0 0.0 0.0 0.0 0.0 0.0 0.0 
16 16 19203.8560637 32.2810460356 9942839.66135 8623538.72733 7.69761479592 1.83900226757 0.0 16.6530612245 16 0.0 0.0 0.0 0.0 0.0 0.0 0.0 0.0 16 0.0 0.0 0.0 0.0 0.0 0.0 0.0 0.0 
19 19 23165.7284559 33.6696369735 12098599.4995 10491740.7754 8.89140598427 1.84461451247 0.0 16.7795918367 19 0.0 0.0 0.0 0.0 0.0 0.0 0.0 0.0 19 0.0 0.0 0.0 0.0 0.0 0.0 0.0 0.0 
22 22 25431.4997282 35.23237501 13210747.2542 11452986.1584 9.48525749362 1.96031746032 0.0 17.4875283447 22 0.0 0.0 0.0 0.0 0.0 0.0 0.0 0.0 22 0.0 0.0 0.0 0.0 0.0 0.0 0.0 0.0 
26 26 29401.5279096 38.7311662534 15294351.9596 13260344.9855 10.7312845451 2.04988662132 0.0 17.2879818594 26 0.0 0.0 0.0 0.0 0.0 0.0 0.0 0.0 26 0.0 0.0 0.0 0.0 0.0 0.0 0.0 0.0 
31 31 33924.2167712 43.5909843515 17604818.8108 15266571.581 12.1383854167 1.90795068027 0.0 17.1090325019 31 0.0 0.0 0.0 0.0 0.0 0.0 0.0 0.0 31 0.0 0.0 0.0 0.0 0.0 0.0 0.0 0.0 
37 37 38353.8288906 48.1548160467 20305443.7435 17601463.9564 12.6204365942 2.0929589372 0.0 18.0770048309 37 0.0 0.0 0.0 0.0 0.0 0.0 0.0 0.0 37 0.0 0.0 0.0 0.0 0.0 0.0 0.0 0.0 
44 44 43563.2790601 54.9450561082 23041394.9295 19972087.5662 14.398196558 2.23252012882 0.0 18.8012479871 44 0.0 0.0 0.0 0.0 0.0 0.0 0.0 0.0 44 0.0 0.0 0.0 0.0 0.0 0.0 0.0 0.0 
52 52 48686.6609842 59.0024829105 25619678.4604 22222090.9795 16.1465945048 2.17209742351 0.0 18.5277334944 52 0.0 0.0 0.0 0.0 0.0 0.0 0.0 0.0 52 0.0 0.0 0.0 0.0 0.0 0.0 0.0 0.0 
62 62 52725.4729045 64.6230062492 27959861.2277 24244007.133 17.6282916667 2.57396672034 0.0 21.6966183575 62 0.0 0.0 0.0 0.0 0.0 0.0 0.0 0.0 62 0.0 0.0 0.0 0.0 0.0 0.0 0.0 0.0 
74 74 56946.721036 69.9361107842 29696084.2076 25747432.8743 18.8950374396 2.03804884595 0.0 17.7941854536 74 0.0 0.0 0.0 0.0 0.0 0.0 0.0 0.0 74 0.0 0.0 0.0 0.0 0.0 0.0 0.0 0.0 
88 88 63458.3728024 78.1936327453 33610955.9285 29146197.8672 21.2563055556 2.1581266774 0.0 18.3005595813 88 0.0 0.0 0.0 0.0 0.0 0.0 0.0 0.0 88 0.0 0.0 0.0 0.0 0.0 0.0 0.0 0.0 
100 100 65578.3849549 82.5548358939 34672639.9844 30052312.2145 22.2847016908 2.24855072464 0.0 19.3219538379 100 0.0 0.0 0.0 0.0 0.0 0.0 0.0 0.0 100 0.0 0.0 0.0 0.0 0.0 0.0 0.0 0.0 
120 120 71838.3629161 89.195219392 38466148.8948 33331361.4256 24.4476111111 2.46676221149 0.0 20.7363891573 120 0.0 0.0 0.0 0.0 0.0 0.0 0.0 0.0 120 0.0 0.0 0.0 0.0 0.0 0.0 0.0 0.0 
140 140 74294.0958734 91.1376009599 39542828.6985 34293882.9381 25.3126944444 2.19444605475 0.0 19.0029519592 140 0.0 0.0 0.0 0.0 0.0 0.0 0.0 0.0 140 0.0 0.0 0.0 0.0 0.0 0.0 0.0 0.0 
150 150 76900.4774512 91.980529818 40774845.2968 35324682.0724 26.076977657 2.301575416 0.0 19.8668169619 150 0.0 0.0 0.0 0.0 0.0 0.0 0.0 0.0 150 0.0 0.0 0.0 0.0 0.0 0.0 0.0 0.0 
160 160 75687.1540482 94.7979545597 39986322.5159 34709337.9474 25.8023731884 2.18336097692 0.0 19.1897004831 160 0.0 0.0 0.0 0.0 0.0 0.0 0.0 0.0 160 0.0 0.0 0.0 0.0 0.0 0.0 0.0 0.0 
180 180 74210.1403461 98.2889349642 39341401.4873 34137358.5286 25.8748472222 2.66672839506 0.0 22.1930864198 180 0.0 0.0 0.0 0.0 0.0 0.0 0.0 0.0 180 0.0 0.0 0.0 0.0 0.0 0.0 0.0 0.0 
200 200 73890.9376562 100.87841532 39066271.1469 33889214.8794 26.1649054952 2.15243558776 0.0 18.4383789587 200 0.0 0.0 0.0 0.0 0.0 0.0 0.0 0.0 200 0.0 0.0 0.0 0.0 0.0 0.0 0.0 0.0 
250 250 70394.6028884 111.302599562 37308288.3459 32377920.9308 25.8868333333 2.34691358025 0.0 20.2666666667 250 0.0 0.0 0.0 0.0 0.0 0.0 0.0 0.0 250 0.0 0.0 0.0 0.0 0.0 0.0 0.0 0.0 
300 300 69503.0589753 122.902393527 37179495.161 32241728.1067 26.2419078283 2.3000291807 0.0 20.1277676768 300 0.0 0.0 0.0 0.0 0.0 0.0 0.0 0.0 300 0.0 0.0 0.0 0.0 0.0 0.0 0.0 0.0 
350 350 26920.9652542 476.47592681 15203648.4904 13209544.9478 13.0698260732 2.25924017957 0.0 19.924650954 350 0.0 0.0 0.0 0.0 0.0 0.0 0.0 0.0 350 0.0 0.0 0.0 0.0 0.0 0.0 0.0 0.0 
400 400 50795.2015936 254.926341255 27232667.2706 23637835.702 21.8586221591 2.27825476992 0.0 19.4314253648 400 0.0 0.0 0.0 0.0 0.0 0.0 0.0 0.0 400 0.0 0.0 0.0 0.0 0.0 0.0 0.0 0.0 
