10009696 0 1000
11870251 1 1000
12394467 2 1000
12791910 3 1000
12962550 4 1000
13076501 5 1000
13247169 6 1000
13353416 7 1000
13486717 8 1000
13574642 9 1000
13650446 10 1000
13752486 11 1000
13859667 12 1000
13910309 13 1000
13954315 14 1000
14011906 15 1000
14056082 16 1000
14103553 17 1000
14144003 18 1000
14195377 19 1000
14246394 20 1000
14287263 21 1000
14333848 22 1000
14379207 23 1000
14420928 24 1000
14481260 25 1000
14527344 26 1000
14563671 27 1000
14591940 28 1000
14628287 29 1000
14652190 30 1000
14688125 31 1000
14728570 32 1000
14767494 33 1000
14806523 34 1000
14845532 35 1000
14880603 36 1000
14911161 37 1000
14948932 38 1000
14984151 39 1000
15015221 40 1000
15050804 41 1000
15089178 42 1000
15115791 43 1000
15146802 44 1000
15173228 45 1000
15198413 46 1000
15226650 47 1000
15248853 48 1000
15274217 49 1000
15302635 50 1000
15324689 51 1000
15347384 52 1000
15374706 53 1000
15407310 54 1000
15433623 55 1000
15470215 56 1000
15495887 57 1000
15531333 58 1000
15560858 59 1000
15584024 60 1000
15609185 61 1000
15630768 62 1000
15651956 63 1000
15676964 64 1000
15696431 65 1000
15726165 66 1000
15767638 67 1000
15787806 68 1000
15813407 69 1000
15839631 70 1000
15868691 71 1000
15901855 72 1000
15934713 73 1000
15961653 74 1000
15981344 75 1000
16008430 76 1000
16032557 77 1000
16063333 78 1000
16089031 79 1000
16125631 80 1000
16156621 81 1000
16182900 82 1000
16211349 83 1000
16236519 84 1000
16261459 85 1000
16290739 86 1000
16325035 87 1000
16346743 88 1000
16366899 89 1000
16400842 90 1000
16424757 91 1000
16451966 92 1000
16480624 93 1000
16507108 94 1000
16538716 95 1000
16562468 96 1000
16583148 97 1000
16608706 98 1000
16631273 99 1000
16662123 100 1000
16683713 101 1000
16708297 102 1000
16733250 103 1000
16759687 104 1000
16791956 105 1000
16825695 106 1000
16853944 107 1000
16882993 108 1000
16910934 109 1000
16933424 110 1000
16957237 111 1000
16973255 112 1000
16992596 113 1000
17015347 114 1000
17042060 115 1000
17069402 116 1000
17089500 117 1000
17130801 118 1000
17155686 119 1000
17177943 120 1000
17204747 121 1000
17216588 122 1000
17245361 123 1000
17280511 124 1000
17297435 125 1000
17321776 126 1000
17346662 127 1000
17367507 128 1000
17394426 129 1000
17416133 130 1000
17444054 131 1000
17464612 132 1000
17482616 133 1000
17497410 134 1000
17526496 135 1000
17553742 136 1000
17572847 137 1000
17595474 138 1000
17619425 139 1000
17645057 140 1000
17670424 141 1000
17689931 142 1000
17708581 143 1000
17733015 144 1000
17751458 145 1000
17786282 146 1000
17808559 147 1000
17828256 148 1000
17848544 149 1000
17873488 150 1000
17895077 151 1000
17921585 152 1000
17947744 153 1000
17965257 154 1000
17987663 155 1000
18016885 156 1000
18042306 157 1000
18069237 158 1000
18102685 159 1000
18130210 160 1000
18149959 161 1000
18169685 162 1000
18184475 163 1000
18201720 164 1000
18218719 165 1000
18234176 166 1000
18252489 167 1000
18274480 168 1000
18289860 169 1000
18304115 170 1000
18320267 171 1000
18333578 172 1000
18350988 173 1000
18380489 174 1000
18401393 175 1000
18419671 176 1000
18441033 177 1000
18456361 178 1000
18472178 179 1000
18489699 180 1000
18509224 181 1000
18527646 182 1000
18541711 183 1000
18557163 184 1000
18567707 185 1000
18581576 186 1000
18594758 187 1000
18608074 188 1000
18623359 189 1000
18635247 190 1000
18647400 191 1000
18662013 192 1000
18673641 193 1000
18687583 194 1000
18697561 195 1000
18707285 196 1000
18718092 197 1000
18732446 198 1000
18742762 199 1000
18753815 200 1000
18768353 201 1000
18780217 202 1000
18795265 203 1000
18808908 204 1000
18825206 205 1000
18844778 206 1000
18857240 207 1000
18877858 208 1000
18895227 209 1000
18906321 210 1000
18919341 211 1000
18933120 212 1000
18945264 213 1000
18956424 214 1000
18969065 215 1000
18985539 216 1000
18999153 217 1000
19012695 218 1000
19024887 219 1000
19036454 220 1000
19050467 221 1000
19062417 222 1000
19073734 223 1000
19093496 224 1000
19107700 225 1000
19123176 226 1000
19135157 227 1000
19150658 228 1000
19162483 229 1000
19180671 230 1000
19189837 231 1000
19201550 232 1000
19211536 233 1000
19231933 234 1000
19241734 235 1000
19259160 236 1000
19266505 237 1000
19276435 238 1000
19285371 239 1000
19298482 240 1000
19305740 241 1000
19317563 242 1000
19332425 243 1000
19337780 244 1000
19348874 245 1000
19362536 246 1000
19373324 247 1000
19385881 248 1000
19397886 249 1000
19414684 250 1000
19423802 251 1000
19435417 252 1000
19446382 253 1000
19457614 254 1000
19471073 255 1000
19480717 256 1000
19488183 257 1000
19499025 258 1000
19512115 259 1000
19521311 260 1000
19530872 261 1000
19543944 262 1000
19559384 263 1000
19573574 264 1000
19581942 265 1000
19592436 266 1000
19604366 267 1000
19615193 268 1000
19629141 269 1000
19639985 270 1000
19650578 271 1000
19662025 272 1000
19673344 273 1000
19682012 274 1000
19690912 275 1000
19699669 276 1000
19707122 277 1000
19720014 278 1000
19728780 279 1000
19739320 280 1000
19749078 281 1000
19757152 282 1000
19768906 283 1000
19780943 284 1000
19789843 285 1000
19800299 286 1000
19813304 287 1000
19821992 288 1000
19834624 289 1000
19844954 290 1000
19856455 291 1000
19868885 292 1000
19881835 293 1000
19892580 294 1000
19904237 295 1000
19914723 296 1000
19927456 297 1000
19940064 298 1000
19950273 299 1000
19958437 300 1000
19967936 301 1000
19979619 302 1000
19989505 303 1000
20000245 304 1000
20010694 305 1000
20018611 306 1000
20033684 307 1000
20046712 308 1000
20057469 309 1000
20069973 310 1000
20084017 311 1000
20091855 312 1000
20102417 313 1000
20112954 314 1000
20127470 315 1000
20137251 316 1000
20147566 317 1000
20159015 318 1000
20175824 319 1000
20184975 320 1000
20195290 321 1000
20206684 322 1000
20218144 323 1000
20228235 324 1000
20242594 325 1000
20253278 326 1000
20263639 327 1000
20280830 328 1000
20294529 329 1000
20305171 330 1000
20319300 331 1000
20333752 332 1000
20345033 333 1000
20356875 334 1000
20369784 335 1000
20382185 336 1000
20396459 337 1000
20408880 338 1000
20423941 339 1000
20437658 340 1000
20451881 341 1000
20463211 342 1000
20476457 343 1000
20484883 344 1000
20499014 345 1000
20512982 346 1000
20529390 347 1000
20544428 348 1000
20555469 349 1000
20573557 350 1000
20586443 351 1000
20600330 352 1000
20615788 353 1000
20628806 354 1000
20652815 355 1000
20670249 356 1000
20682343 357 1000
20694297 358 1000
20710655 359 1000
20729498 360 1000
20741560 361 1000
20761557 362 1000
20774818 363 1000
20791768 364 1000
20807074 365 1000
20824236 366 1000
20840614 367 1000
20856963 368 1000
20874898 369 1000
20892623 370 1000
20909076 371 1000
20930343 372 1000
20948724 373 1000
20968849 374 1000
20993081 375 1000
21011984 376 1000
21030977 377 1000
21046506 378 1000
21056630 379 1000
21071211 380 1000
21098304 381 1000
21118194 382 1000
21131649 383 1000
21149748 384 1000
21165249 385 1000
21181275 386 1000
21197999 387 1000
21226368 388 1000
21256686 389 1000
21276419 390 1000
21291563 391 1000
21310115 392 1000
21335411 393 1000
21356325 394 1000
21378882 395 1000
21392692 396 1000
21410308 397 1000
21424989 398 1000
21447534 399 1000
21469106 400 1000
21491604 401 1000
21514808 402 1000
21544161 403 1000
21568057 404 1000
21601442 405 1000
21616352 406 1000
21639649 407 1000
21658512 408 1000
21697610 409 1000
21727802 410 1000
21764521 411 1000
21795885 412 1000
21835290 413 1000
21866081 414 1000
21887948 415 1000
21928268 416 1000
21955873 417 1000
21987275 418 1000
22038989 419 1000
22073368 420 1000
22110807 421 1000
22153342 422 1000
22199886 423 1000
22238640 424 1000
22282730 425 1000
22315180 426 1000
22353986 427 1000
22414540 428 1000
22449392 429 1000
22494780 430 1000
22540283 431 1000
22584537 432 1000
22630547 433 1000
22655399 434 1000
22698652 435 1000
22735798 436 1000
22779244 437 1000
22813649 438 1000
22862613 439 1000
22907756 440 1000
22937767 441 1000
22965937 442 1000
23003663 443 1000
23029740 444 1000
23066737 445 1000
23100825 446 1000
23133456 447 1000
23166028 448 1000
23204773 449 1000
23248138 450 1000
23296008 451 1000
23335236 452 1000
23367003 453 1000
23389941 454 1000
23407382 455 1000
23436593 456 1000
23472354 457 1000
23501823 458 1000
23524582 459 1000
23543750 460 1000
23580892 461 1000
23598035 462 1000
23620866 463 1000
23653990 464 1000
23684819 465 1000
23707069 466 1000
23756155 467 1000
23786883 468 1000
23824877 469 1000
23852063 470 1000
23882762 471 1000
23910407 472 1000
23930935 473 1000
23953678 474 1000
23991273 475 1000
24025710 476 1000
24055393 477 1000
24084036 478 1000
24109699 479 1000
24151254 480 1000
24185141 481 1000
24218932 482 1000
24246244 483 1000
24267008 484 1000
24300947 485 1000
24332081 486 1000
24356549 487 1000
24376266 488 1000
24409886 489 1000
24446913 490 1000
24469686 491 1000
24497010 492 1000
24521246 493 1000
24541870 494 1000
24559485 495 1000
24589521 496 1000
24616568 497 1000
24648408 498 1000
24664329 499 1000
24683604 500 1000
24705401 501 1000
24735103 502 1000
24754475 503 1000
24782165 504 1000
24822445 505 1000
24847991 506 1000
24882647 507 1000
24917714 508 1000
24946715 509 1000
24990151 510 1000
25022195 511 1000
25052906 512 1000
25077728 513 1000
25099524 514 1000
25126145 515 1000
25152749 516 1000
25183572 517 1000
25207721 518 1000
25242122 519 1000
25266433 520 1000
25303582 521 1000
25336834 522 1000
25383908 523 1000
25420525 524 1000
25458940 525 1000
25488114 526 1000
25513659 527 1000
25540695 528 1000
25576003 529 1000
25618748 530 1000
25646864 531 1000
25685262 532 1000
25746263 533 1000
25809522 534 1000
25841715 535 1000
25872872 536 1000
25918107 537 1000
25958079 538 1000
25993326 539 1000
26039808 540 1000
26074397 541 1000
26105604 542 1000
26177472 543 1000
26224366 544 1000
26279914 545 1000
26340470 546 1000
26407702 547 1000
26482098 548 1000
26531838 549 1000
26592876 550 1000
26658257 551 1000
26733362 552 1000
26783378 553 1000
26869898 554 1000
26940489 555 1000
27004180 556 1000
27071442 557 1000
27150986 558 1000
27277311 559 1000
27355798 560 1000
27423092 561 1000
27491453 562 1000
27583808 563 1000
27661079 564 1000
27743539 565 1000
27853729 566 1000
27947564 567 1000
28052953 568 1000
28159070 569 1000
28279914 570 1000
28356471 571 1000
28486734 572 1000
28556982 573 1000
28647517 574 1000
28717791 575 1000
28785142 576 1000
28830657 577 1000
28893234 578 1000
28955101 579 1000
29023175 580 1000
29069938 581 1000
29147437 582 1000
29184866 583 1000
29227672 584 1000
29312241 585 1000
29375161 586 1000
29414240 587 1000
29469245 588 1000
29538478 589 1000
29617629 590 1000
29680710 591 1000
29724343 592 1000
29790986 593 1000
29877716 594 1000
29946648 595 1000
30019685 596 1000
30101867 597 1000
30179509 598 1000
30274606 599 1000
30343437 600 1000
30490159 601 1000
30581430 602 1000
30651899 603 1000
30741934 604 1000
30874382 605 1000
30960477 606 1000
31108937 607 1000
31219517 608 1000
31325213 609 1000
31420932 610 1000
31545259 611 1000
31691944 612 1000
32061989 613 1000
32416224 614 1000
32729322 615 1000
32889773 616 1000
33064990 617 1000
33277699 618 1000
33475071 619 1000
33706550 620 1000
33878966 621 1000
33976978 622 1000
34117430 623 1000
34269183 624 1000
34437002 625 1000
34588410 626 1000
34684649 627 1000
34782863 628 1000
34883117 629 1000
35013522 630 1000
35120569 631 1000
35235642 632 1000
35370971 633 1000
35597159 634 1000
35730237 635 1000
35908903 636 1000
36068457 637 1000
36282858 638 1000
36494481 639 1000
36737218 640 1000
36931181 641 1000
37052997 642 1000
37200297 643 1000
37382171 644 1000
37623807 645 1000
37807815 646 1000
38019383 647 1000
38188540 648 1000
38273129 649 1000
38405366 650 1000
38571491 651 1000
38745595 652 1000
38970979 653 1000
39126825 654 1000
39284322 655 1000
39404378 656 1000
39578790 657 1000
39752859 658 1000
39970660 659 1000
40119849 660 1000
40284103 661 1000
40396940 662 1000
40585919 663 1000
40763242 664 1000
40945778 665 1000
41083353 666 1000
41231234 667 1000
41372138 668 1000
41581183 669 1000
41775168 670 1000
41950611 671 1000
42125505 672 1000
42295787 673 1000
42559271 674 1000
42733804 675 1000
42964280 676 1000
43100313 677 1000
43225212 678 1000
43412476 679 1000
43593647 680 1000
43832914 681 1000
44019188 682 1000
44316646 683 1000
44474300 684 1000
44663768 685 1000
44802657 686 1000
45029448 687 1000
45253644 688 1000
45513859 689 1000
45730437 690 1000
45957373 691 1000
46225308 692 1000
46420486 693 1000
46696019 694 1000
47053636 695 1000
47284189 696 1000
47609429 697 1000
47789011 698 1000
48036062 699 1000
48306533 700 1000
48792871 701 1000
49161764 702 1000
49307567 703 1000
49500202 704 1000
49981216 705 1000
50501638 706 1000
50869083 707 1000
51367034 708 1000
51794142 709 1000
52103816 710 1000
52348264 711 1000
52561404 712 1000
53010477 713 1000
53279055 714 1000
53573088 715 1000
53730781 716 1000
54019759 717 1000
54427487 718 1000
54944697 719 1000
55523440 720 1000
56015271 721 1000
56446292 722 1000
57030209 723 1000
57715701 724 1000
58038967 725 1000
58761896 726 1000
59157571 727 1000
59658511 728 1000
60350972 729 1000
61011507 730 1000
61290591 731 1000
61724316 732 1000
62366636 733 1000
62851356 734 1000
63565709 735 1000
64211139 736 1000
64711700 737 1000
65057163 738 1000
65484319 739 1000
66838541 740 1000
67578031 741 1000
68264294 742 1000
69659925 743 1000
71843249 744 1000
73167800 745 1000
73632529 746 1000
73980283 747 1000
75047653 748 1000
76339725 749 1000
76899296 750 1000
77451492 751 1000
78075766 752 1000
78523261 753 1000
79035113 754 1000
79459045 755 1000
79751128 756 1000
80327154 757 1000
80833398 758 1000
81460446 759 1000
82426112 760 1000
83086578 761 1000
83459862 762 1000
83766435 763 1000
84025013 764 1000
84307606 765 1000
84705736 766 1000
84997743 767 1000
85444449 768 1000
86047613 769 1000
86410679 770 1000
86849208 771 1000
87632706 772 1000
88146257 773 1000
89080563 774 1000
90289072 775 1000
91288476 776 1000
92608969 777 1000
93106782 778 1000
94190009 779 1000
95427700 780 1000
96125380 781 1000
97177633 782 1000
97938029 783 1000
98630684 784 1000
99287487 785 1000
99946326 786 1000
100158472 787 1000
100374665 788 1000
100815930 789 1000
101350845 790 1000
101950657 791 1000
102396275 792 1000
103031779 793 1000
103446778 794 1000
103893403 795 1000
104488733 796 1000
104954391 797 1000
105510404 798 1000
106017259 799 1000
106445957 800 1000
106763173 801 1000
107375060 802 1000
108162540 803 1000
108972943 804 1000
110160182 805 1000
110831162 806 1000
112804968 807 1000
114283060 808 1000
115967327 809 1000
116814264 810 1000
118674275 811 1000
120277860 812 1000
123971839 813 1000
124777294 814 1000
127133592 815 1000
131675871 816 1000
137055674 817 1000
138562226 818 1000
142171423 819 1000
142744647 820 1000
144576811 821 1000
145505094 822 1000
146582178 823 1000
148371059 824 1000
149340891 825 1000
150153796 826 1000
151313081 827 1000
152870812 828 1000
153630332 829 1000
154342282 830 1000
155036795 831 1000
155880874 832 1000
156460946 833 1000
157268168 834 1000
157924086 835 1000
159131225 836 1000
159452172 837 1000
159824446 838 1000
160228486 839 1000
160740023 840 1000
161334735 841 1000
162039674 842 1000
162468959 843 1000
162768777 844 1000
163212378 845 1000
163891952 846 1000
164239196 847 1000
164754081 848 1000
165339425 849 1000
165813899 850 1000
166371018 851 1000
166883388 852 1000
167213813 853 1000
167770266 854 1000
168096989 855 1000
168577733 856 1000
168931460 857 1000
169347106 858 1000
169938860 859 1000
170538197 860 1000
171491262 861 1000
172636630 862 1000
173644281 863 1000
174188497 864 1000
174877076 865 1000
175321080 866 1000
175768064 867 1000
176320418 868 1000
176893862 869 1000
177089211 870 1000
177242860 871 1000
177526411 872 1000
177691822 873 1000
177974810 874 1000
178267070 875 1000
178708512 876 1000
178968353 877 1000
179354583 878 1000
179809162 879 1000
180178452 880 1000
180594661 881 1000
181045464 882 1000
181389962 883 1000
181839637 884 1000
182323865 885 1000
182883183 886 1000
183424565 887 1000
183823353 888 1000
184399809 889 1000
185826100 890 1000
187980801 891 1000
189243046 892 1000
190333842 893 1000
191339430 894 1000
191740060 895 1000
192098877 896 1000
192942394 897 1000
193482797 898 1000
194804830 899 1000
195561913 900 1000
195911464 901 1000
198117031 902 1000
199271997 903 1000
200333792 904 1000
201483449 905 1000
202488056 906 1000
204446835 907 1000
204916436 908 1000
205773249 909 1000
208639680 910 1000
211146009 911 1000
214596243 912 1000
216882310 913 1000
217664339 914 1000
217946678 915 1000
218381737 916 1000
218725496 917 1000
220625594 918 1000
222530890 919 1000
223854429 920 1000
225864235 921 1000
227055762 922 1000
227619138 923 1000
229289055 924 1000
231062233 925 1000
231924555 926 1000
233045823 927 1000
234039876 928 1000
235191412 929 1000
236026750 930 1000
236388398 931 1000
237391844 932 1000
238396645 933 1000
239168986 934 1000
241124844 935 1000
242614245 936 1000
243140087 937 1000
243601926 938 1000
244002434 939 1000
244255204 940 1000
244565129 941 1000
245029594 942 1000
245833751 943 1000
246132363 944 1000
246778949 945 1000
247276075 946 1000
247691715 947 1000
248384385 948 1000
248967978 949 1000
249690978 950 1000
250062755 951 1000
250527603 952 1000
251098320 953 1000
252147951 954 1000
252835419 955 1000
253344891 956 1000
255164213 957 1000
256382832 958 1000
257308562 959 1000
257954714 960 1000
258932510 961 1000
260507584 962 1000
262230411 963 1000
263173754 964 1000
263945003 965 1000
265051245 966 1000
267053189 967 1000
269298976 968 1000
274545511 969 1000
276099305 970 1000
277046168 971 1000
278212613 972 1000
279963893 973 1000
282857782 974 1000
302259657 975 1000
331880412 976 1000
334865461 977 1000
336537131 978 1000
337896791 979 1000
341620474 980 1000
342606509 981 1000
344822383 982 1000
346481129 983 1000
347795407 984 1000
348764971 985 1000
349848255 986 1000
351349226 987 1000
352033146 988 1000
352462865 989 1000
352848857 990 1000
353364466 991 1000
354623889 992 1000
356746556 993 1000
357634120 994 1000
360788132 995 1000
361744252 996 1000
363089342 997 1000
364299937 998 1000
365983001 999 1000
