# load avg(tp, lat, bwr, bww, cpu, tps, brps, bwps), sd(...), ci(...)
1 1 3652.07704722 9.62727914652 9199566.75697 7166970.15574 5.66035087719 2.58771929825 0.0 22.1052631579 1 0.0 0.0 0.0 0.0 0.0 0.0 0.0 0.0 1 0.0 0.0 0.0 0.0 0.0 0.0 0.0 0.0 
3 3 22123.2647424 14.7054176231 55228174.9606 43188149.899 24.7341431704 2.76315789474 0.0 22.5964912281 3 0.0 0.0 0.0 0.0 0.0 0.0 0.0 0.0 3 0.0 0.0 0.0 0.0 0.0 0.0 0.0 0.0 
4 4 28791.2283712 16.9857814424 71664285.328 56030105.5609 31.5491071429 1.69298245614 0.0 16.2807017544 4 0.0 0.0 0.0 0.0 0.0 0.0 0.0 0.0 4 0.0 0.0 0.0 0.0 0.0 0.0 0.0 0.0 
5 5 32021.925054 19.0089438269 80511735.1535 62749413.8375 34.9601785714 2.90350877193 0.0 23.7192982456 5 0.0 0.0 0.0 0.0 0.0 0.0 0.0 0.0 5 0.0 0.0 0.0 0.0 0.0 0.0 0.0 0.0 
7 7 34450.1475514 20.6290445952 85073358.7922 66313913.6994 37.8186607143 2.5 0.0 21.2631578947 7 0.0 0.0 0.0 0.0 0.0 0.0 0.0 0.0 7 0.0 0.0 0.0 0.0 0.0 0.0 0.0 0.0 
9 9 35300.3257178 21.9005759274 88004045.3253 68769344.0705 38.2608928571 2.56140350877 0.0 22.0350877193 9 0.0 0.0 0.0 0.0 0.0 0.0 0.0 0.0 9 0.0 0.0 0.0 0.0 0.0 0.0 0.0 0.0 
10 10 35713.2339352 22.1197105619 88946934.858 69499702.2587 38.5477678571 2.88518170426 0.0 23.8621553885 10 0.0 0.0 0.0 0.0 0.0 0.0 0.0 0.0 10 0.0 0.0 0.0 0.0 0.0 0.0 0.0 0.0 
12 12 35722.4398651 23.4504981986 88801374.4776 69175268.9776 38.9076785714 2.4649122807 0.0 20.701754386 12 0.0 0.0 0.0 0.0 0.0 0.0 0.0 0.0 12 0.0 0.0 0.0 0.0 0.0 0.0 0.0 0.0 
14 14 35843.9362399 24.6477831079 89656417.1649 69880269.6181 39.0842857143 2.47561403509 0.0 20.9980701754 14 0.0 0.0 0.0 0.0 0.0 0.0 0.0 0.0 14 0.0 0.0 0.0 0.0 0.0 0.0 0.0 0.0 
16 16 35753.4432972 26.3204068503 89350995.431 69645632.8393 39.183125 2.59351503759 0.0 21.8822055138 16 0.0 0.0 0.0 0.0 0.0 0.0 0.0 0.0 16 0.0 0.0 0.0 0.0 0.0 0.0 0.0 0.0 
19 19 35722.9108857 28.4453424895 88483671.9608 68976385.9673 39.2332142857 2.83035714286 0.0 23.1428571429 19 0.0 0.0 0.0 0.0 0.0 0.0 0.0 0.0 19 0.0 0.0 0.0 0.0 0.0 0.0 0.0 0.0 
22 22 35817.5802685 30.3242937538 88826171.5719 69211522.451 39.2415178571 2.53803571429 0.0 21.6616071429 22 0.0 0.0 0.0 0.0 0.0 0.0 0.0 0.0 22 0.0 0.0 0.0 0.0 0.0 0.0 0.0 0.0 
26 26 35909.1108385 32.7726712763 89145719.3006 69457469.2005 39.3466071429 2.64285714286 0.0 22.1428571429 26 0.0 0.0 0.0 0.0 0.0 0.0 0.0 0.0 26 0.0 0.0 0.0 0.0 0.0 0.0 0.0 0.0 
31 31 36125.7707039 35.7238307258 89397081.9077 69660294.8168 39.90375 2.51785714286 0.0 21.2857142857 31 0.0 0.0 0.0 0.0 0.0 0.0 0.0 0.0 31 0.0 0.0 0.0 0.0 0.0 0.0 0.0 0.0 
37 37 36034.8362485 40.1395902428 89143986.7673 69656788.9053 39.9478717532 2.51669642857 0.0 20.919375 37 0.0 0.0 0.0 0.0 0.0 0.0 0.0 0.0 37 0.0 0.0 0.0 0.0 0.0 0.0 0.0 0.0 
44 44 36223.532702 44.5946856478 89653979.1598 69895505.2732 39.9591964286 2.79464285714 0.0 22.8571428571 44 0.0 0.0 0.0 0.0 0.0 0.0 0.0 0.0 44 0.0 0.0 0.0 0.0 0.0 0.0 0.0 0.0 
52 52 36274.8035427 50.3022882249 91106166.0656 71000061.2193 40.2350892857 2.80357142857 0.0 23.5714285714 52 0.0 0.0 0.0 0.0 0.0 0.0 0.0 0.0 52 0.0 0.0 0.0 0.0 0.0 0.0 0.0 0.0 
62 62 36398.2751882 55.6912587622 91930358.8068 71779935.9889 39.2211919448 2.66943396226 0.0 22.4120754717 62 0.0 0.0 0.0 0.0 0.0 0.0 0.0 0.0 62 0.0 0.0 0.0 0.0 0.0 0.0 0.0 0.0 
74 74 36353.8378912 64.1648788471 92608199.6122 72461434.9694 39.9576923077 2.98076923077 0.0 24.3846153846 74 0.0 0.0 0.0 0.0 0.0 0.0 0.0 0.0 74 0.0 0.0 0.0 0.0 0.0 0.0 0.0 0.0 
88 88 36392.6882294 71.4029403165 91369432.1731 71297119.2025 40.0876415094 2.68188679245 0.0 22.21 88 0.0 0.0 0.0 0.0 0.0 0.0 0.0 0.0 88 0.0 0.0 0.0 0.0 0.0 0.0 0.0 0.0 
