# load avg(tp, lat, bwr, bww, cpu, tps, brps, bwps), sd(...), ci(...)
10 10 23845.6756089 28.9369774423 30445242.3603 23910979.5818 16.0451818182 1.99254545455 0.0 16.6845497835 10 0.0 0.0 0.0 0.0 0.0 0.0 0.0 0.0 10 0.0 0.0 0.0 0.0 0.0 0.0 0.0 0.0 
12 12 24128.6668489 31.8052441028 30994313.313 24349867.3607 16.3519090909 2.22566666667 0.0 18.6780606061 12 0.0 0.0 0.0 0.0 0.0 0.0 0.0 0.0 12 0.0 0.0 0.0 0.0 0.0 0.0 0.0 0.0 
14 14 32018.1128194 32.7681368231 40984681.161 32176637.4209 20.6970909091 2.47272727273 0.0 20.4121212121 14 0.0 0.0 0.0 0.0 0.0 0.0 0.0 0.0 14 0.0 0.0 0.0 0.0 0.0 0.0 0.0 0.0 
16 16 35098.667094 34.2111403046 45170889.4147 35538826.4933 22.2255909091 2.17818452381 0.0 18.4016964286 16 0.0 0.0 0.0 0.0 0.0 0.0 0.0 0.0 16 0.0 0.0 0.0 0.0 0.0 0.0 0.0 0.0 
19 19 39780.4217076 36.5867671054 51122783.4116 40263128.328 25.3134090909 2.12929004329 0.0 17.6564891775 19 0.0 0.0 0.0 0.0 0.0 0.0 0.0 0.0 19 0.0 0.0 0.0 0.0 0.0 0.0 0.0 0.0 
22 22 37763.065901 36.5621944221 48333280.8655 37988186.7313 23.923 2.05151515152 0.0 17.1636363636 22 0.0 0.0 0.0 0.0 0.0 0.0 0.0 0.0 22 0.0 0.0 0.0 0.0 0.0 0.0 0.0 0.0 
26 26 49311.1982199 40.9278622851 62521981.432 49143606.7977 30.5270909091 2.30290909091 0.0 19.2717575758 26 0.0 0.0 0.0 0.0 0.0 0.0 0.0 0.0 26 0.0 0.0 0.0 0.0 0.0 0.0 0.0 0.0 
31 31 50882.2422417 42.9333484328 64531524.4781 50697820.4133 31.6161818182 2.31339393939 0.0 18.9926060606 31 0.0 0.0 0.0 0.0 0.0 0.0 0.0 0.0 31 0.0 0.0 0.0 0.0 0.0 0.0 0.0 0.0 
37 37 52574.8106218 42.9744919132 67119246.9862 52782563.8547 32.4961574074 1.98196969697 0.0 16.68 37 0.0 0.0 0.0 0.0 0.0 0.0 0.0 0.0 37 0.0 0.0 0.0 0.0 0.0 0.0 0.0 0.0 
44 44 46303.6408201 46.1553709912 59570626.6261 47015170.5207 29.4839090909 2.15075757576 0.0 17.8364242424 44 0.0 0.0 0.0 0.0 0.0 0.0 0.0 0.0 44 0.0 0.0 0.0 0.0 0.0 0.0 0.0 0.0 
52 52 54606.4146863 49.5628996486 69444252.5818 54717357.2028 34.1973308081 2.27709090909 0.0 18.7017272727 52 0.0 0.0 0.0 0.0 0.0 0.0 0.0 0.0 52 0.0 0.0 0.0 0.0 0.0 0.0 0.0 0.0 
62 62 56659.3969455 53.1852320977 73919307.151 58056738.0503 34.5593627451 2.19597599296 0.0 18.3154518602 62 0.0 0.0 0.0 0.0 0.0 0.0 0.0 0.0 62 0.0 0.0 0.0 0.0 0.0 0.0 0.0 0.0 
74 74 57531.9716752 57.4478774071 74358463.2296 58474032.4036 35.6746568627 2.40032679739 0.0 19.8179989945 74 0.0 0.0 0.0 0.0 0.0 0.0 0.0 0.0 74 0.0 0.0 0.0 0.0 0.0 0.0 0.0 0.0 
88 88 57607.3741544 62.271324642 74789578.8125 58850554.002 36.7841981132 2.45283018868 0.0 19.7987421384 88 0.0 0.0 0.0 0.0 0.0 0.0 0.0 0.0 88 0.0 0.0 0.0 0.0 0.0 0.0 0.0 0.0 
95 95 56986.3326345 63.4270021804 74407162.7295 58548735.5909 35.9008018868 2.22531446541 0.0 18.5306603774 95 0.0 0.0 0.0 0.0 0.0 0.0 0.0 0.0 95 0.0 0.0 0.0 0.0 0.0 0.0 0.0 0.0 
105 105 58774.6870982 66.2746967852 75734211.1589 59567307.4541 37.0912264151 2.31113207547 0.0 18.8664465409 105 0.0 0.0 0.0 0.0 0.0 0.0 0.0 0.0 105 0.0 0.0 0.0 0.0 0.0 0.0 0.0 0.0 
115 115 55191.8950316 70.8822638934 71288157.9941 56046183.6618 35.6689150943 2.25757861635 0.0 19.0417924528 115 0.0 0.0 0.0 0.0 0.0 0.0 0.0 0.0 115 0.0 0.0 0.0 0.0 0.0 0.0 0.0 0.0 
