7399256 0 1000
8270616 1 1000
8677369 2 1000
8887731 3 1000
9071719 4 1000
9258907 5 1000
9424428 6 1000
9532997 7 1000
9623028 8 1000
9701307 9 1000
9757481 10 1000
9812589 11 1000
9868311 12 1000
9927496 13 1000
9976319 14 1000
10022755 15 1000
10058604 16 1000
10103680 17 1000
10146139 18 1000
10192634 19 1000
10238384 20 1000
10291922 21 1000
10311613 22 1000
10376168 23 1000
10401594 24 1000
10435857 25 1000
10464266 26 1000
10504752 27 1000
10534284 28 1000
10580077 29 1000
10612061 30 1000
10644783 31 1000
10678511 32 1000
10711852 33 1000
10738908 34 1000
10764099 35 1000
10792265 36 1000
10835158 37 1000
10861902 38 1000
10894337 39 1000
10923410 40 1000
10963174 41 1000
10994379 42 1000
11049111 43 1000
11082437 44 1000
11110534 45 1000
11132068 46 1000
11154624 47 1000
11175340 48 1000
11201650 49 1000
11223409 50 1000
11245314 51 1000
11263677 52 1000
11287102 53 1000
11304470 54 1000
11327932 55 1000
11349317 56 1000
11369950 57 1000
11393678 58 1000
11411256 59 1000
11430794 60 1000
11460987 61 1000
11485164 62 1000
11499608 63 1000
11514578 64 1000
11526976 65 1000
11548272 66 1000
11570309 67 1000
11583472 68 1000
11603583 69 1000
11618175 70 1000
11636205 71 1000
11653574 72 1000
11669787 73 1000
11685441 74 1000
11710469 75 1000
11729954 76 1000
11743108 77 1000
11760251 78 1000
11770295 79 1000
11787848 80 1000
11798131 81 1000
11814660 82 1000
11828476 83 1000
11845336 84 1000
11862430 85 1000
11876592 86 1000
11897387 87 1000
11911889 88 1000
11925276 89 1000
11944126 90 1000
11961806 91 1000
11981315 92 1000
11995618 93 1000
12012861 94 1000
12033732 95 1000
12054256 96 1000
12069645 97 1000
12089003 98 1000
12099550 99 1000
12112555 100 1000
12124393 101 1000
12144134 102 1000
12157010 103 1000
12167724 104 1000
12177537 105 1000
12190726 106 1000
12204148 107 1000
12214101 108 1000
12227836 109 1000
12237240 110 1000
12253569 111 1000
12269654 112 1000
12280242 113 1000
12292708 114 1000
12309441 115 1000
12320986 116 1000
12328570 117 1000
12337466 118 1000
12354735 119 1000
12365003 120 1000
12378818 121 1000
12390207 122 1000
12399334 123 1000
12409883 124 1000
12416440 125 1000
12426587 126 1000
12439089 127 1000
12450325 128 1000
12465119 129 1000
12476503 130 1000
12484484 131 1000
12496774 132 1000
12514356 133 1000
12523781 134 1000
12540140 135 1000
12546399 136 1000
12557911 137 1000
12566096 138 1000
12576742 139 1000
12585207 140 1000
12593946 141 1000
12603063 142 1000
12611590 143 1000
12628573 144 1000
12638625 145 1000
12655560 146 1000
12665629 147 1000
12673288 148 1000
12680841 149 1000
12686910 150 1000
12698285 151 1000
12706024 152 1000
12713794 153 1000
12722780 154 1000
12732166 155 1000
12742068 156 1000
12755547 157 1000
12762779 158 1000
12774994 159 1000
12784223 160 1000
12791010 161 1000
12796586 162 1000
12806691 163 1000
12814925 164 1000
12822859 165 1000
12833837 166 1000
12845254 167 1000
12855039 168 1000
12864602 169 1000
12879156 170 1000
12890284 171 1000
12901737 172 1000
12915026 173 1000
12923482 174 1000
12934184 175 1000
12949810 176 1000
12958515 177 1000
12970808 178 1000
12980509 179 1000
12990519 180 1000
13004602 181 1000
13015312 182 1000
13022314 183 1000
13031065 184 1000
13045501 185 1000
13053666 186 1000
13061522 187 1000
13074236 188 1000
13083654 189 1000
13096651 190 1000
13105901 191 1000
13116251 192 1000
13125127 193 1000
13137729 194 1000
13144833 195 1000
13153749 196 1000
13165124 197 1000
13172125 198 1000
13180286 199 1000
13188165 200 1000
13197295 201 1000
13206807 202 1000
13215666 203 1000
13223633 204 1000
13234204 205 1000
13243079 206 1000
13255581 207 1000
13262277 208 1000
13271393 209 1000
13280130 210 1000
13285466 211 1000
13291556 212 1000
13296046 213 1000
13304084 214 1000
13313190 215 1000
13323556 216 1000
13332930 217 1000
13344341 218 1000
13350925 219 1000
13362885 220 1000
13371480 221 1000
13383590 222 1000
13395619 223 1000
13401959 224 1000
13410366 225 1000
13419714 226 1000
13427520 227 1000
13438318 228 1000
13444976 229 1000
13452455 230 1000
13463355 231 1000
13472421 232 1000
13480999 233 1000
13487195 234 1000
13493569 235 1000
13500868 236 1000
13512726 237 1000
13520244 238 1000
13526737 239 1000
13533451 240 1000
13542368 241 1000
13550020 242 1000
13560296 243 1000
13568348 244 1000
13575148 245 1000
13582599 246 1000
13589166 247 1000
13597457 248 1000
13607593 249 1000
13614603 250 1000
13622066 251 1000
13630267 252 1000
13637422 253 1000
13644166 254 1000
13653269 255 1000
13659680 256 1000
13664037 257 1000
13671865 258 1000
13679561 259 1000
13687030 260 1000
13691422 261 1000
13698844 262 1000
13708648 263 1000
13716422 264 1000
13726213 265 1000
13734209 266 1000
13742704 267 1000
13746964 268 1000
13758004 269 1000
13763669 270 1000
13768707 271 1000
13777103 272 1000
13786520 273 1000
13793304 274 1000
13798541 275 1000
13804847 276 1000
13813949 277 1000
13822251 278 1000
13828819 279 1000
13836556 280 1000
13841817 281 1000
13850965 282 1000
13857261 283 1000
13863171 284 1000
13869813 285 1000
13878555 286 1000
13884949 287 1000
13890683 288 1000
13898175 289 1000
13904826 290 1000
13910974 291 1000
13917398 292 1000
13925429 293 1000
13932168 294 1000
13938711 295 1000
13946628 296 1000
13950647 297 1000
13956113 298 1000
13964611 299 1000
13972261 300 1000
13978917 301 1000
13988425 302 1000
13994663 303 1000
14003794 304 1000
14012231 305 1000
14018158 306 1000
14027279 307 1000
14035336 308 1000
14043058 309 1000
14049206 310 1000
14056404 311 1000
14062059 312 1000
14068679 313 1000
14073864 314 1000
14078685 315 1000
14086167 316 1000
14096071 317 1000
14104511 318 1000
14109073 319 1000
14116117 320 1000
14123854 321 1000
14130793 322 1000
14139381 323 1000
14145506 324 1000
14149488 325 1000
14155223 326 1000
14162514 327 1000
14166789 328 1000
14172197 329 1000
14181855 330 1000
14189430 331 1000
14194537 332 1000
14200159 333 1000
14205651 334 1000
14211820 335 1000
14218593 336 1000
14226124 337 1000
14233042 338 1000
14239788 339 1000
14248994 340 1000
14257594 341 1000
14265156 342 1000
14272611 343 1000
14280540 344 1000
14288142 345 1000
14294973 346 1000
14302452 347 1000
14308926 348 1000
14315619 349 1000
14321450 350 1000
14327830 351 1000
14334044 352 1000
14337097 353 1000
14345422 354 1000
14354556 355 1000
14361412 356 1000
14367308 357 1000
14374426 358 1000
14379004 359 1000
14386442 360 1000
14395578 361 1000
14403710 362 1000
14412129 363 1000
14419662 364 1000
14425940 365 1000
14431780 366 1000
14441475 367 1000
14450065 368 1000
14457492 369 1000
14466617 370 1000
14473421 371 1000
14480570 372 1000
14488223 373 1000
14495601 374 1000
14503743 375 1000
14510200 376 1000
14519503 377 1000
14527533 378 1000
14531994 379 1000
14541473 380 1000
14549288 381 1000
14557202 382 1000
14564203 383 1000
14572247 384 1000
14577243 385 1000
14583618 386 1000
14590759 387 1000
14597413 388 1000
14606177 389 1000
14612516 390 1000
14619201 391 1000
14626752 392 1000
14635507 393 1000
14646104 394 1000
14659423 395 1000
14667384 396 1000
14677573 397 1000
14684061 398 1000
14691330 399 1000
14699174 400 1000
14707455 401 1000
14713980 402 1000
14720355 403 1000
14725797 404 1000
14737320 405 1000
14744390 406 1000
14749895 407 1000
14758218 408 1000
14763554 409 1000
14773875 410 1000
14783561 411 1000
14791380 412 1000
14801106 413 1000
14809621 414 1000
14820629 415 1000
14827559 416 1000
14836848 417 1000
14843993 418 1000
14851958 419 1000
14861576 420 1000
14868751 421 1000
14879040 422 1000
14887389 423 1000
14895677 424 1000
14905849 425 1000
14915250 426 1000
14925907 427 1000
14936671 428 1000
14944336 429 1000
14951069 430 1000
14957130 431 1000
14964752 432 1000
14970044 433 1000
14976878 434 1000
14982425 435 1000
14993860 436 1000
15004348 437 1000
15011815 438 1000
15021647 439 1000
15034005 440 1000
15043322 441 1000
15050610 442 1000
15056687 443 1000
15065380 444 1000
15072790 445 1000
15083136 446 1000
15090729 447 1000
15099992 448 1000
15109183 449 1000
15116680 450 1000
15126529 451 1000
15142263 452 1000
15151244 453 1000
15158979 454 1000
15165391 455 1000
15171017 456 1000
15178373 457 1000
15185543 458 1000
15191665 459 1000
15205046 460 1000
15213934 461 1000
15221991 462 1000
15231482 463 1000
15238984 464 1000
15245711 465 1000
15254037 466 1000
15262680 467 1000
15267569 468 1000
15274187 469 1000
15282315 470 1000
15292676 471 1000
15300305 472 1000
15308144 473 1000
15319113 474 1000
15327347 475 1000
15336025 476 1000
15344759 477 1000
15355921 478 1000
15363673 479 1000
15372297 480 1000
15382200 481 1000
15391127 482 1000
15400935 483 1000
15411717 484 1000
15418400 485 1000
15430203 486 1000
15438895 487 1000
15445676 488 1000
15453638 489 1000
15468516 490 1000
15477457 491 1000
15485180 492 1000
15491776 493 1000
15500121 494 1000
15513085 495 1000
15521962 496 1000
15529486 497 1000
15542328 498 1000
15556993 499 1000
15569177 500 1000
15578065 501 1000
15588806 502 1000
15601135 503 1000
15610647 504 1000
15623218 505 1000
15637199 506 1000
15648135 507 1000
15660295 508 1000
15672319 509 1000
15684366 510 1000
15695589 511 1000
15706594 512 1000
15720133 513 1000
15728914 514 1000
15740603 515 1000
15750939 516 1000
15763844 517 1000
15773740 518 1000
15785918 519 1000
15796542 520 1000
15805428 521 1000
15815332 522 1000
15825561 523 1000
15842918 524 1000
15853149 525 1000
15869422 526 1000
15883073 527 1000
15894789 528 1000
15908349 529 1000
15917054 530 1000
15928809 531 1000
15942088 532 1000
15953704 533 1000
15966730 534 1000
15983920 535 1000
15994233 536 1000
16007765 537 1000
16023056 538 1000
16038406 539 1000
16049925 540 1000
16061699 541 1000
16071167 542 1000
16089357 543 1000
16103168 544 1000
16115507 545 1000
16128097 546 1000
16139037 547 1000
16152001 548 1000
16169065 549 1000
16180093 550 1000
16187574 551 1000
16198686 552 1000
16209734 553 1000
16226443 554 1000
16240849 555 1000
16250631 556 1000
16264332 557 1000
16282912 558 1000
16295486 559 1000
16308303 560 1000
16322120 561 1000
16337381 562 1000
16353727 563 1000
16371768 564 1000
16396700 565 1000
16416717 566 1000
16435757 567 1000
16449352 568 1000
16465622 569 1000
16483497 570 1000
16504580 571 1000
16528946 572 1000
16545715 573 1000
16566508 574 1000
16584364 575 1000
16604303 576 1000
16621348 577 1000
16636864 578 1000
16649280 579 1000
16669669 580 1000
16685405 581 1000
16697788 582 1000
16707106 583 1000
16724090 584 1000
16739879 585 1000
16758369 586 1000
16770893 587 1000
16784730 588 1000
16797187 589 1000
16815373 590 1000
16829380 591 1000
16843809 592 1000
16866484 593 1000
16893089 594 1000
16916817 595 1000
16933394 596 1000
16947990 597 1000
16971584 598 1000
16990368 599 1000
17007901 600 1000
17033119 601 1000
17061643 602 1000
17080681 603 1000
17099840 604 1000
17120753 605 1000
17144741 606 1000
17166439 607 1000
17182745 608 1000
17206174 609 1000
17235277 610 1000
17249297 611 1000
17274079 612 1000
17290248 613 1000
17306588 614 1000
17326143 615 1000
17339880 616 1000
17356083 617 1000
17371581 618 1000
17390333 619 1000
17411888 620 1000
17429161 621 1000
17452793 622 1000
17469714 623 1000
17489995 624 1000
17511989 625 1000
17534746 626 1000
17548684 627 1000
17571534 628 1000
17589653 629 1000
17614608 630 1000
17633463 631 1000
17657985 632 1000
17678484 633 1000
17696827 634 1000
17726848 635 1000
17744640 636 1000
17762677 637 1000
17786687 638 1000
17807373 639 1000
17821832 640 1000
17848650 641 1000
17869252 642 1000
17887180 643 1000
17911505 644 1000
17924298 645 1000
17951210 646 1000
17979664 647 1000
18000072 648 1000
18021471 649 1000
18041269 650 1000
18059438 651 1000
18085669 652 1000
18107753 653 1000
18138002 654 1000
18158112 655 1000
18186679 656 1000
18211248 657 1000
18234423 658 1000
18255201 659 1000
18270101 660 1000
18288305 661 1000
18303611 662 1000
18327183 663 1000
18345793 664 1000
18374969 665 1000
18397831 666 1000
18417293 667 1000
18440999 668 1000
18467354 669 1000
18499239 670 1000
18529925 671 1000
18562501 672 1000
18592507 673 1000
18613921 674 1000
18638826 675 1000
18661987 676 1000
18681707 677 1000
18707965 678 1000
18734731 679 1000
18761624 680 1000
18788509 681 1000
18808711 682 1000
18825420 683 1000
18855506 684 1000
18883969 685 1000
18904921 686 1000
18931734 687 1000
18955250 688 1000
18972750 689 1000
19001429 690 1000
19040184 691 1000
19064500 692 1000
19085006 693 1000
19115763 694 1000
19150278 695 1000
19173045 696 1000
19197057 697 1000
19214673 698 1000
19236809 699 1000
19266537 700 1000
19298969 701 1000
19333784 702 1000
19360013 703 1000
19383401 704 1000
19419769 705 1000
19444529 706 1000
19478395 707 1000
19514784 708 1000
19549358 709 1000
19578183 710 1000
19622466 711 1000
19648058 712 1000
19687418 713 1000
19714200 714 1000
19745462 715 1000
19789112 716 1000
19848967 717 1000
19900078 718 1000
19932674 719 1000
19971876 720 1000
20014187 721 1000
20068334 722 1000
20104087 723 1000
20155180 724 1000
20209334 725 1000
20265422 726 1000
20374595 727 1000
20439675 728 1000
20487641 729 1000
20556663 730 1000
20603305 731 1000
20652721 732 1000
20702563 733 1000
20780212 734 1000
20844348 735 1000
20910521 736 1000
20974008 737 1000
21068852 738 1000
21150687 739 1000
21225301 740 1000
21322078 741 1000
21374531 742 1000
21436232 743 1000
21556412 744 1000
21703020 745 1000
21844732 746 1000
21968817 747 1000
22162526 748 1000
22274271 749 1000
22445925 750 1000
22568982 751 1000
22673805 752 1000
22877032 753 1000
23070631 754 1000
23379100 755 1000
23816177 756 1000
24159253 757 1000
24523458 758 1000
24769736 759 1000
25116126 760 1000
25340699 761 1000
25609018 762 1000
25899203 763 1000
26207328 764 1000
26565129 765 1000
27220788 766 1000
27666369 767 1000
28026473 768 1000
28533074 769 1000
29094347 770 1000
29635886 771 1000
30234448 772 1000
30933094 773 1000
31267454 774 1000
31805200 775 1000
32551269 776 1000
33085170 777 1000
33456457 778 1000
34072318 779 1000
34544582 780 1000
35076211 781 1000
35567125 782 1000
36063605 783 1000
36591073 784 1000
37314478 785 1000
38130291 786 1000
38873813 787 1000
39394487 788 1000
40312233 789 1000
41174092 790 1000
41970317 791 1000
43141888 792 1000
43854781 793 1000
44745202 794 1000
45177744 795 1000
46130342 796 1000
47381315 797 1000
47871443 798 1000
48542558 799 1000
49384609 800 1000
50001067 801 1000
50631066 802 1000
51167273 803 1000
51486587 804 1000
51781001 805 1000
52005134 806 1000
52298598 807 1000
52609121 808 1000
52909941 809 1000
53324885 810 1000
53710873 811 1000
54245155 812 1000
54660790 813 1000
55138862 814 1000
55629805 815 1000
56283930 816 1000
57071670 817 1000
57763308 818 1000
58469159 819 1000
59534039 820 1000
60250143 821 1000
61023940 822 1000
61978067 823 1000
62575948 824 1000
62811528 825 1000
63767969 826 1000
64841036 827 1000
65674775 828 1000
68606213 829 1000
69756124 830 1000
71235691 831 1000
72769476 832 1000
74392322 833 1000
76485337 834 1000
77110639 835 1000
77904508 836 1000
78771176 837 1000
80398730 838 1000
82345190 839 1000
83334006 840 1000
84181113 841 1000
85182953 842 1000
86138248 843 1000
87875544 844 1000
89415957 845 1000
90647350 846 1000
92258270 847 1000
93874438 848 1000
95344733 849 1000
99022241 850 1000
101712514 851 1000
106492508 852 1000
107658038 853 1000
109265179 854 1000
111647572 855 1000
114411435 856 1000
119947747 857 1000
122674569 858 1000
123919054 859 1000
124784895 860 1000
125679218 861 1000
126552020 862 1000
127273241 863 1000
127602802 864 1000
128110887 865 1000
128645235 866 1000
129556783 867 1000
130909373 868 1000
133577013 869 1000
134532053 870 1000
136059183 871 1000
136618402 872 1000
138701695 873 1000
139651995 874 1000
140402815 875 1000
141562492 876 1000
142791956 877 1000
145086757 878 1000
145546866 879 1000
146224104 880 1000
146648675 881 1000
147317530 882 1000
147688959 883 1000
148249898 884 1000
149170724 885 1000
149765222 886 1000
150176453 887 1000
150733940 888 1000
151182112 889 1000
151536865 890 1000
151944342 891 1000
152363608 892 1000
153285129 893 1000
153992086 894 1000
154274160 895 1000
154573317 896 1000
155500962 897 1000
156769950 898 1000
158061689 899 1000
159456674 900 1000
160284131 901 1000
161521824 902 1000
162800508 903 1000
163633913 904 1000
164666637 905 1000
165349184 906 1000
166327859 907 1000
167484363 908 1000
168295040 909 1000
170564891 910 1000
173713125 911 1000
174137357 912 1000
177021306 913 1000
177834696 914 1000
191706546 915 1000
192596792 916 1000
195787280 917 1000
198692153 918 1000
199860770 919 1000
200632423 920 1000
201606899 921 1000
203558441 922 1000
204563323 923 1000
205228682 924 1000
205583048 925 1000
206378643 926 1000
207865945 927 1000
209239106 928 1000
210975647 929 1000
214715093 930 1000
218121743 931 1000
220474589 932 1000
222282203 933 1000
224470419 934 1000
230577457 935 1000
234602727 936 1000
235920569 937 1000
236996193 938 1000
237882362 939 1000
239231778 940 1000
239892990 941 1000
241319583 942 1000
241662597 943 1000
243820806 944 1000
245875502 945 1000
248594326 946 1000
250327815 947 1000
251466950 948 1000
252345375 949 1000
253318615 950 1000
256404051 951 1000
259806528 952 1000
261928118 953 1000
284933576 954 1000
289804718 955 1000
294072141 956 1000
307543725 957 1000
309955865 958 1000
316692020 959 1000
330039151 960 1000
331607075 961 1000
332417449 962 1000
333697213 963 1000
335194714 964 1000
336040610 965 1000
337427908 966 1000
339386407 967 1000
340968603 968 1000
351811903 969 1000
353645471 970 1000
357425414 971 1000
359556239 972 1000
361459479 973 1000
362560139 974 1000
364474023 975 1000
365595306 976 1000
366109314 977 1000
366963779 978 1000
367477083 979 1000
369121600 980 1000
370174830 981 1000
371654823 982 1000
372373079 983 1000
373704593 984 1000
374264537 985 1000
375062081 986 1000
375569196 987 1000
376233588 988 1000
376493218 989 1000
376876294 990 1000
377068457 991 1000
377399250 992 1000
377673439 993 1000
378022143 994 1000
378347765 995 1000
378682986 996 1000
379194863 997 1000
379890765 998 1000
381009680 999 1000
