1892581 0 1000
2004521 1 1000
2072669 2 1000
2191690 3 1000
2198644 4 1000
2199753 5 1000
2203960 6 1000
2231473 7 1000
2237095 8 1000
2251723 9 1000
2282108 10 1000
2285565 11 1000
2287810 12 1000
2290288 13 1000
2296285 14 1000
2298367 15 1000
2301335 16 1000
2309727 17 1000
2320825 18 1000
2322387 19 1000
2326869 20 1000
2330363 21 1000
2348869 22 1000
2357539 23 1000
2361282 24 1000
2364366 25 1000
2367922 26 1000
2373526 27 1000
2383058 28 1000
2395830 29 1000
2402785 30 1000
2409724 31 1000
2412663 32 1000
2418628 33 1000
2425720 34 1000
2431630 35 1000
2433945 36 1000
2437947 37 1000
2444371 38 1000
2448976 39 1000
2451502 40 1000
2459465 41 1000
2460033 42 1000
2462333 43 1000
2467041 44 1000
2469146 45 1000
2470957 46 1000
2477864 47 1000
2486519 48 1000
2489940 49 1000
2491651 50 1000
2495129 51 1000
2500471 52 1000
2508662 53 1000
2509451 54 1000
2514138 55 1000
2515952 56 1000
2517796 57 1000
2520159 58 1000
2522512 59 1000
2523645 60 1000
2525980 61 1000
2528206 62 1000
2531892 63 1000
2533204 64 1000
2534195 65 1000
2537156 66 1000
2538136 67 1000
2540573 68 1000
2541751 69 1000
2542628 70 1000
2543597 71 1000
2544806 72 1000
2545466 73 1000
2547013 74 1000
2547894 75 1000
2548592 76 1000
2551116 77 1000
2551990 78 1000
2554475 79 1000
2554956 80 1000
2555660 81 1000
2556392 82 1000
2557277 83 1000
2559949 84 1000
2563652 85 1000
2565134 86 1000
2569851 87 1000
2570289 88 1000
2571687 89 1000
2572252 90 1000
2574490 91 1000
2576424 92 1000
2576879 93 1000
2577699 94 1000
2579079 95 1000
2579937 96 1000
2581238 97 1000
2582896 98 1000
2583177 99 1000
2584639 100 1000
2584779 101 1000
2587602 102 1000
2588475 103 1000
2588975 104 1000
2589851 105 1000
2591757 106 1000
2593057 107 1000
2593938 108 1000
2600458 109 1000
2601495 110 1000
2602683 111 1000
2603613 112 1000
2606495 113 1000
2608378 114 1000
2610330 115 1000
2613765 116 1000
2613904 117 1000
2615306 118 1000
2617091 119 1000
2619460 120 1000
2621490 121 1000
2622925 122 1000
2624582 123 1000
2627261 124 1000
2628964 125 1000
2632202 126 1000
2635295 127 1000
2636079 128 1000
2638546 129 1000
2639647 130 1000
2640537 131 1000
2641149 132 1000
2642575 133 1000
2643073 134 1000
2644026 135 1000
2645439 136 1000
2649045 137 1000
2650446 138 1000
2651435 139 1000
2651923 140 1000
2652718 141 1000
2654776 142 1000
2656372 143 1000
2656666 144 1000
2658407 145 1000
2659084 146 1000
2660977 147 1000
2661855 148 1000
2664619 149 1000
2665845 150 1000
2666085 151 1000
2666854 152 1000
2668188 153 1000
2668874 154 1000
2669078 155 1000
2670871 156 1000
2671043 157 1000
2671140 158 1000
2673183 159 1000
2676947 160 1000
2679309 161 1000
2680315 162 1000
2681570 163 1000
2683781 164 1000
2684209 165 1000
2684458 166 1000
2687374 167 1000
2687957 168 1000
2690431 169 1000
2693029 170 1000
2694818 171 1000
2695906 172 1000
2698231 173 1000
2701402 174 1000
2702149 175 1000
2702519 176 1000
2702805 177 1000
2710131 178 1000
2710741 179 1000
2711385 180 1000
2713111 181 1000
2713494 182 1000
2713936 183 1000
2716367 184 1000
2717993 185 1000
2718984 186 1000
2719484 187 1000
2724343 188 1000
2725780 189 1000
2727952 190 1000
2730483 191 1000
2730983 192 1000
2732178 193 1000
2733522 194 1000
2734191 195 1000
2734993 196 1000
2737509 197 1000
2739154 198 1000
2739747 199 1000
2741437 200 1000
2743972 201 1000
2745540 202 1000
2748190 203 1000
2748828 204 1000
2749941 205 1000
2751341 206 1000
2754462 207 1000
2755776 208 1000
2757682 209 1000
2759465 210 1000
2759719 211 1000
2761556 212 1000
2768659 213 1000
2772155 214 1000
2772963 215 1000
2773469 216 1000
2774959 217 1000
2777817 218 1000
2778149 219 1000
2781180 220 1000
2782562 221 1000
2784354 222 1000
2784984 223 1000
2786544 224 1000
2787485 225 1000
2789066 226 1000
2790792 227 1000
2794052 228 1000
2795245 229 1000
2797240 230 1000
2797763 231 1000
2800286 232 1000
2801991 233 1000
2805010 234 1000
2806378 235 1000
2810992 236 1000
2814852 237 1000
2816489 238 1000
2816716 239 1000
2817410 240 1000
2819541 241 1000
2823606 242 1000
2826288 243 1000
2828300 244 1000
2829478 245 1000
2832085 246 1000
2835869 247 1000
2838918 248 1000
2842161 249 1000
2844673 250 1000
2846097 251 1000
2848221 252 1000
2852518 253 1000
2852961 254 1000
2853332 255 1000
2855865 256 1000
2858640 257 1000
2859239 258 1000
2860559 259 1000
2862004 260 1000
2862915 261 1000
2864407 262 1000
2864527 263 1000
2867368 264 1000
2869742 265 1000
2871445 266 1000
2873551 267 1000
2875242 268 1000
2876323 269 1000
2877124 270 1000
2877877 271 1000
2879218 272 1000
2882624 273 1000
2885588 274 1000
2890822 275 1000
2893934 276 1000
2894422 277 1000
2899367 278 1000
2900708 279 1000
2904701 280 1000
2905099 281 1000
2907217 282 1000
2909904 283 1000
2913039 284 1000
2915263 285 1000
2916485 286 1000
2920586 287 1000
2922308 288 1000
2923987 289 1000
2927619 290 1000
2932036 291 1000
2932609 292 1000
2934807 293 1000
2936206 294 1000
2937240 295 1000
2938585 296 1000
2938803 297 1000
2939860 298 1000
2940844 299 1000
2942830 300 1000
2945101 301 1000
2945161 302 1000
2946473 303 1000
2946747 304 1000
2947625 305 1000
2952512 306 1000
2958280 307 1000
2959282 308 1000
2960885 309 1000
2961743 310 1000
2962971 311 1000
2965737 312 1000
2968283 313 1000
2970117 314 1000
2972989 315 1000
2975497 316 1000
2976274 317 1000
2977234 318 1000
2977847 319 1000
2979950 320 1000
2986435 321 1000
2989902 322 1000
2999541 323 1000
3003409 324 1000
3005120 325 1000
3005594 326 1000
3009981 327 1000
3010778 328 1000
3011553 329 1000
3013343 330 1000
3019885 331 1000
3021373 332 1000
3024622 333 1000
3027106 334 1000
3027377 335 1000
3028338 336 1000
3030195 337 1000
3031704 338 1000
3034289 339 1000
3037598 340 1000
3041094 341 1000
3042806 342 1000
3043336 343 1000
3045336 344 1000
3046759 345 1000
3048400 346 1000
3051106 347 1000
3051441 348 1000
3051806 349 1000
3054635 350 1000
3056626 351 1000
3057567 352 1000
3058957 353 1000
3060508 354 1000
3065447 355 1000
3067012 356 1000
3072911 357 1000
3074172 358 1000
3075608 359 1000
3080220 360 1000
3082947 361 1000
3083567 362 1000
3085224 363 1000
3086790 364 1000
3087524 365 1000
3089263 366 1000
3092293 367 1000
3096428 368 1000
3098055 369 1000
3098813 370 1000
3102040 371 1000
3104452 372 1000
3107388 373 1000
3108350 374 1000
3109654 375 1000
3113919 376 1000
3114668 377 1000
3116687 378 1000
3120460 379 1000
3120539 380 1000
3123660 381 1000
3124069 382 1000
3124886 383 1000
3125930 384 1000
3126498 385 1000
3128480 386 1000
3129869 387 1000
3132320 388 1000
3133502 389 1000
3136445 390 1000
3141222 391 1000
3142556 392 1000
3146418 393 1000
3149608 394 1000
3157248 395 1000
3159343 396 1000
3162770 397 1000
3163912 398 1000
3168320 399 1000
3174124 400 1000
3176370 401 1000
3177640 402 1000
3181164 403 1000
3184924 404 1000
3186902 405 1000
3193026 406 1000
3198440 407 1000
3201027 408 1000
3203049 409 1000
3212211 410 1000
3215991 411 1000
3219938 412 1000
3222893 413 1000
3229595 414 1000
3230877 415 1000
3233330 416 1000
3239588 417 1000
3243199 418 1000
3251432 419 1000
3253795 420 1000
3257257 421 1000
3262613 422 1000
3269766 423 1000
3271371 424 1000
3274971 425 1000
3276455 426 1000
3281119 427 1000
3282323 428 1000
3282851 429 1000
3287242 430 1000
3288053 431 1000
3289372 432 1000
3291813 433 1000
3295729 434 1000
3296640 435 1000
3298312 436 1000
3304066 437 1000
3307858 438 1000
3314740 439 1000
3316409 440 1000
3321841 441 1000
3323656 442 1000
3329292 443 1000
3330228 444 1000
3331498 445 1000
3334565 446 1000
3337384 447 1000
3340598 448 1000
3342321 449 1000
3345714 450 1000
3347715 451 1000
3349749 452 1000
3352018 453 1000
3354014 454 1000
3354742 455 1000
3357995 456 1000
3358534 457 1000
3360471 458 1000
3361694 459 1000
3365724 460 1000
3368849 461 1000
3371330 462 1000
3372195 463 1000
3373692 464 1000
3374213 465 1000
3375166 466 1000
3376736 467 1000
3379918 468 1000
3381557 469 1000
3383124 470 1000
3386454 471 1000
3387953 472 1000
3388594 473 1000
3389322 474 1000
3389833 475 1000
3392060 476 1000
3393760 477 1000
3394938 478 1000
3396334 479 1000
3397339 480 1000
3398905 481 1000
3399114 482 1000
3400050 483 1000
3400776 484 1000
3402026 485 1000
3402459 486 1000
3404542 487 1000
3407077 488 1000
3410493 489 1000
3412748 490 1000
3413635 491 1000
3414481 492 1000
3416729 493 1000
3419705 494 1000
3420257 495 1000
3421665 496 1000
3423229 497 1000
3424151 498 1000
3426058 499 1000
3426382 500 1000
3428371 501 1000
3429313 502 1000
3430032 503 1000
3431473 504 1000
3432292 505 1000
3432870 506 1000
3434793 507 1000
3438487 508 1000
3439888 509 1000
3440851 510 1000
3445465 511 1000
3445991 512 1000
3446292 513 1000
3448238 514 1000
3448726 515 1000
3453642 516 1000
3454045 517 1000
3455760 518 1000
3456986 519 1000
3461917 520 1000
3462778 521 1000
3463822 522 1000
3464673 523 1000
3465378 524 1000
3467204 525 1000
3468113 526 1000
3468684 527 1000
3468994 528 1000
3471896 529 1000
3473220 530 1000
3477256 531 1000
3477593 532 1000
3477787 533 1000
3478864 534 1000
3483152 535 1000
3484965 536 1000
3488595 537 1000
3490600 538 1000
3492198 539 1000
3492890 540 1000
3495395 541 1000
3496411 542 1000
3496848 543 1000
3498255 544 1000
3499626 545 1000
3501225 546 1000
3502024 547 1000
3503743 548 1000
3506999 549 1000
3509165 550 1000
3510106 551 1000
3512293 552 1000
3512428 553 1000
3514229 554 1000
3514440 555 1000
3517947 556 1000
3519443 557 1000
3521110 558 1000
3523490 559 1000
3524750 560 1000
3526369 561 1000
3527220 562 1000
3528281 563 1000
3531717 564 1000
3532636 565 1000
3533079 566 1000
3534528 567 1000
3535668 568 1000
3536414 569 1000
3537226 570 1000
3538010 571 1000
3539315 572 1000
3542749 573 1000
3544790 574 1000
3545570 575 1000
3547862 576 1000
3549823 577 1000
3553881 578 1000
3556154 579 1000
3556688 580 1000
3557958 581 1000
3558517 582 1000
3558888 583 1000
3562727 584 1000
3564768 585 1000
3567747 586 1000
3567964 587 1000
3568704 588 1000
3573848 589 1000
3576282 590 1000
3577015 591 1000
3578154 592 1000
3581942 593 1000
3584915 594 1000
3586654 595 1000
3588795 596 1000
3589909 597 1000
3591867 598 1000
3592589 599 1000
3593886 600 1000
3594722 601 1000
3596647 602 1000
3598023 603 1000
3599037 604 1000
3602347 605 1000
3604832 606 1000
3605518 607 1000
3606935 608 1000
3607277 609 1000
3610159 610 1000
3612107 611 1000
3613042 612 1000
3616258 613 1000
3617177 614 1000
3617581 615 1000
3617935 616 1000
3620343 617 1000
3622917 618 1000
3623995 619 1000
3626471 620 1000
3626945 621 1000
3627470 622 1000
3629457 623 1000
3630133 624 1000
3632503 625 1000
3633427 626 1000
3635804 627 1000
3636603 628 1000
3637414 629 1000
3637890 630 1000
3638430 631 1000
3639996 632 1000
3642179 633 1000
3643214 634 1000
3645272 635 1000
3646104 636 1000
3647322 637 1000
3649518 638 1000
3650706 639 1000
3653781 640 1000
3655439 641 1000
3657641 642 1000
3658630 643 1000
3659914 644 1000
3660455 645 1000
3661307 646 1000
3663234 647 1000
3667026 648 1000
3668036 649 1000
3668950 650 1000
3670124 651 1000
3670475 652 1000
3671360 653 1000
3672607 654 1000
3673063 655 1000
3675672 656 1000
3675945 657 1000
3677221 658 1000
3678910 659 1000
3679810 660 1000
3682551 661 1000
3682829 662 1000
3685969 663 1000
3686238 664 1000
3687831 665 1000
3688637 666 1000
3689588 667 1000
3690397 668 1000
3693023 669 1000
3695999 670 1000
3696424 671 1000
3697255 672 1000
3698389 673 1000
3700390 674 1000
3701302 675 1000
3702085 676 1000
3703161 677 1000
3705237 678 1000
3705771 679 1000
3706112 680 1000
3706693 681 1000
3709783 682 1000
3710221 683 1000
3710610 684 1000
3711920 685 1000
3712394 686 1000
3712547 687 1000
3714294 688 1000
3715396 689 1000
3716430 690 1000
3717777 691 1000
3718947 692 1000
3720761 693 1000
3723912 694 1000
3725320 695 1000
3726287 696 1000
3726456 697 1000
3727602 698 1000
3729334 699 1000
3730660 700 1000
3731427 701 1000
3732012 702 1000
3733452 703 1000
3735084 704 1000
3735854 705 1000
3738513 706 1000
3739062 707 1000
3740060 708 1000
3740828 709 1000
3741381 710 1000
3742130 711 1000
3742490 712 1000
3744897 713 1000
3747462 714 1000
3747988 715 1000
3749666 716 1000
3749898 717 1000
3750406 718 1000
3752137 719 1000
3753530 720 1000
3754066 721 1000
3755584 722 1000
3757610 723 1000
3758780 724 1000
3761722 725 1000
3764219 726 1000
3764559 727 1000
3764955 728 1000
3766578 729 1000
3768682 730 1000
3769222 731 1000
3771766 732 1000
3773939 733 1000
3774849 734 1000
3775419 735 1000
3777126 736 1000
3777219 737 1000
3779770 738 1000
3781261 739 1000
3782191 740 1000
3784335 741 1000
3786728 742 1000
3788153 743 1000
3789504 744 1000
3789827 745 1000
3790189 746 1000
3791061 747 1000
3791526 748 1000
3792886 749 1000
3793338 750 1000
3794068 751 1000
3794628 752 1000
3795350 753 1000
3798305 754 1000
3798957 755 1000
3800068 756 1000
3803443 757 1000
3805035 758 1000
3805489 759 1000
3806909 760 1000
3807835 761 1000
3808731 762 1000
3811722 763 1000
3813453 764 1000
3814285 765 1000
3814858 766 1000
3815975 767 1000
3816367 768 1000
3817500 769 1000
3818195 770 1000
3819839 771 1000
3821306 772 1000
3822955 773 1000
3824584 774 1000
3827769 775 1000
3830066 776 1000
3830465 777 1000
3831377 778 1000
3832914 779 1000
3834955 780 1000
3835672 781 1000
3836800 782 1000
3837510 783 1000
3838242 784 1000
3840428 785 1000
3841196 786 1000
3841365 787 1000
3842366 788 1000
3842869 789 1000
3843343 790 1000
3845730 791 1000
3846948 792 1000
3848632 793 1000
3854787 794 1000
3855680 795 1000
3856429 796 1000
3858154 797 1000
3861688 798 1000
3863483 799 1000
3866151 800 1000
3868955 801 1000
3870885 802 1000
3871285 803 1000
3873554 804 1000
3874695 805 1000
3877236 806 1000
3877956 807 1000
3879535 808 1000
3881756 809 1000
3883194 810 1000
3883303 811 1000
3890904 812 1000
3891039 813 1000
3891817 814 1000
3896678 815 1000
3901868 816 1000
3905692 817 1000
3906915 818 1000
3907698 819 1000
3911777 820 1000
3913855 821 1000
3915090 822 1000
3915495 823 1000
3916471 824 1000
3916690 825 1000
3917615 826 1000
3925383 827 1000
3926382 828 1000
3928385 829 1000
3930614 830 1000
3934017 831 1000
3936087 832 1000
3940374 833 1000
3943090 834 1000
3946024 835 1000
3948677 836 1000
3949127 837 1000
3949801 838 1000
3954128 839 1000
3954492 840 1000
3956691 841 1000
3960630 842 1000
3966479 843 1000
3969645 844 1000
3970297 845 1000
3973205 846 1000
3979755 847 1000
3982126 848 1000
3983735 849 1000
3986457 850 1000
3989490 851 1000
3995603 852 1000
3999731 853 1000
4003520 854 1000
4008747 855 1000
4011664 856 1000
4011749 857 1000
4015200 858 1000
4021472 859 1000
4023404 860 1000
4025517 861 1000
4026569 862 1000
4029473 863 1000
4031320 864 1000
4034226 865 1000
4047778 866 1000
4051020 867 1000
4053248 868 1000
4062191 869 1000
4077583 870 1000
4083872 871 1000
4092073 872 1000
4103219 873 1000
4123879 874 1000
4126469 875 1000
4131137 876 1000
4138156 877 1000
4157282 878 1000
4162344 879 1000
4174827 880 1000
4194040 881 1000
4202322 882 1000
4210540 883 1000
4228083 884 1000
4255750 885 1000
4261334 886 1000
4265067 887 1000
4273283 888 1000
4312425 889 1000
4318446 890 1000
4359676 891 1000
4365363 892 1000
4395974 893 1000
4401142 894 1000
4413469 895 1000
4414417 896 1000
4446684 897 1000
4478677 898 1000
4480266 899 1000
4488297 900 1000
4527433 901 1000
4553379 902 1000
4556228 903 1000
4592396 904 1000
4614940 905 1000
4626207 906 1000
4652671 907 1000
4682051 908 1000
4791132 909 1000
4894436 910 1000
4927748 911 1000
4961627 912 1000
4970944 913 1000
5024360 914 1000
5077887 915 1000
5136859 916 1000
5164258 917 1000
5225469 918 1000
5292013 919 1000
5434616 920 1000
5474376 921 1000
5499421 922 1000
5517322 923 1000
5532922 924 1000
5706101 925 1000
5824762 926 1000
6185336 927 1000
6278211 928 1000
6507990 929 1000
6561759 930 1000
8282455 931 1000
9095751 932 1000
9227625 933 1000
10308002 934 1000
10374696 935 1000
11448279 936 1000
11723331 937 1000
13079003 938 1000
13532761 939 1000
14080023 940 1000
14897186 941 1000
17132902 942 1000
17886680 943 1000
18838529 944 1000
19133055 945 1000
19771551 946 1000
20232699 947 1000
20458333 948 1000
20570443 949 1000
20722581 950 1000
21276431 951 1000
21536199 952 1000
21610396 953 1000
22331235 954 1000
22945024 955 1000
24097449 956 1000
25432922 957 1000
28635056 958 1000
31205142 959 1000
34687752 960 1000
35974811 961 1000
40027181 962 1000
41680886 963 1000
42298909 964 1000
42467750 965 1000
43100046 966 1000
43212603 967 1000
43504112 968 1000
44601024 969 1000
61943983 970 1000
84286801 971 1000
84568947 972 1000
92259448 973 1000
92911293 974 1000
97181592 975 1000
97302731 976 1000
111243222 977 1000
111366132 978 1000
114677209 979 1000
114743460 980 1000
123660650 981 1000
123779298 982 1000
126215260 983 1000
126997397 984 1000
149753127 985 1000
150502358 986 1000
152567154 987 1000
153448423 988 1000
165910505 989 1000
166990404 990 1000
199215425 991 1000
199325053 992 1000
199397478 993 1000
200164424 994 1000
203156747 995 1000
203928834 996 1000
207570251 997 1000
207960369 998 1000
222221597 999 1000
