# load avg(tp, lat, bwr, bww, cpu, tps, brps, bwps), sd(...), ci(...)
10 10 16805.6422857 28.8312073657 10377852.4858 8058198.14738 6.84794811321 2.11871698113 0.0 18.1120188679 10 0.0 0.0 0.0 0.0 0.0 0.0 0.0 0.0 10 0.0 0.0 0.0 0.0 0.0 0.0 0.0 0.0 
12 12 21352.2195229 29.4199248786 12589440.9249 9622207.49185 7.99051886792 2.47169811321 0.0 20.8150943396 12 0.0 0.0 0.0 0.0 0.0 0.0 0.0 0.0 12 0.0 0.0 0.0 0.0 0.0 0.0 0.0 0.0 
14 14 23839.7656228 33.1004877283 14660786.8426 11354205.3378 9.0970754717 2.20943396226 0.0 18.6113207547 14 0.0 0.0 0.0 0.0 0.0 0.0 0.0 0.0 14 0.0 0.0 0.0 0.0 0.0 0.0 0.0 0.0 
16 16 26577.5883156 35.1671911065 15886042.4645 12201876.9021 9.7470990566 2.22830188679 0.0 18.4301886792 16 0.0 0.0 0.0 0.0 0.0 0.0 0.0 0.0 16 0.0 0.0 0.0 0.0 0.0 0.0 0.0 0.0 
19 19 31367.2844501 38.1133664697 18884794.6551 14541396.6982 11.0818632075 2.11698113208 0.0 18.3094339623 19 0.0 0.0 0.0 0.0 0.0 0.0 0.0 0.0 19 0.0 0.0 0.0 0.0 0.0 0.0 0.0 0.0 
22 22 34157.4841389 41.1140116335 20414134.9798 15699565.1441 12.0873113208 2.32837176799 0.0 19.4571628232 22 0.0 0.0 0.0 0.0 0.0 0.0 0.0 0.0 22 0.0 0.0 0.0 0.0 0.0 0.0 0.0 0.0 
26 26 38135.3677964 41.6475594768 22798000.8888 17549374.949 13.2619575472 2.11728301887 0.0 17.9797924528 26 0.0 0.0 0.0 0.0 0.0 0.0 0.0 0.0 26 0.0 0.0 0.0 0.0 0.0 0.0 0.0 0.0 
31 31 45186.2031663 48.5292047215 26753580.3145 20547734.6941 15.4133354499 2.12632075472 0.0 18.1879245283 31 0.0 0.0 0.0 0.0 0.0 0.0 0.0 0.0 31 0.0 0.0 0.0 0.0 0.0 0.0 0.0 0.0 
37 37 48330.1759667 50.4393186434 28316743.9435 21603203.1017 16.2226415094 2.19041509434 0.0 18.3384339623 37 0.0 0.0 0.0 0.0 0.0 0.0 0.0 0.0 37 0.0 0.0 0.0 0.0 0.0 0.0 0.0 0.0 
44 44 55373.0480694 53.3423180962 32060472.9237 24507705.3058 18.6685613208 2.04564586357 0.0 17.4098693759 44 0.0 0.0 0.0 0.0 0.0 0.0 0.0 0.0 44 0.0 0.0 0.0 0.0 0.0 0.0 0.0 0.0 
52 52 59116.836141 59.2542829657 34241381.9131 26087731.1191 19.9725721154 2.11683018868 0.0 17.9912641509 52 0.0 0.0 0.0 0.0 0.0 0.0 0.0 0.0 52 0.0 0.0 0.0 0.0 0.0 0.0 0.0 0.0 
62 62 61654.7269149 65.9067546915 37461075.664 28766430.3705 20.9003061224 1.98996897959 0.0 17.0299959184 62 0.0 0.0 0.0 0.0 0.0 0.0 0.0 0.0 62 0.0 0.0 0.0 0.0 0.0 0.0 0.0 0.0 
74 74 68888.629243 70.1675420479 41105233.0933 31324171.7781 22.8484183673 1.89575510204 0.0 16.3017142857 74 0.0 0.0 0.0 0.0 0.0 0.0 0.0 0.0 74 0.0 0.0 0.0 0.0 0.0 0.0 0.0 0.0 
88 88 77694.4150422 72.0375579814 45661613.1268 34912486.1572 25.4343622449 1.97697959184 0.0 17.3342040816 88 0.0 0.0 0.0 0.0 0.0 0.0 0.0 0.0 88 0.0 0.0 0.0 0.0 0.0 0.0 0.0 0.0 
100 100 75423.7183542 77.0326059059 44718030.5403 34289261.5774 24.9158418367 2.34783673469 0.0 19.3028571429 100 0.0 0.0 0.0 0.0 0.0 0.0 0.0 0.0 100 0.0 0.0 0.0 0.0 0.0 0.0 0.0 0.0 
120 120 76655.3273981 80.3614304571 45024401.6183 34284930.5551 25.2871428571 1.7522244898 0.0 16.1706938776 120 0.0 0.0 0.0 0.0 0.0 0.0 0.0 0.0 120 0.0 0.0 0.0 0.0 0.0 0.0 0.0 0.0 
140 140 75995.6601709 83.4730829886 45294611.811 34546375.5354 26.1154591837 1.87512244898 0.0 15.9313469388 140 0.0 0.0 0.0 0.0 0.0 0.0 0.0 0.0 140 0.0 0.0 0.0 0.0 0.0 0.0 0.0 0.0 
160 160 74104.1999839 85.8395284454 44724724.9853 34282336.5759 26.2434438776 1.83885714286 0.0 16.0068571429 160 0.0 0.0 0.0 0.0 0.0 0.0 0.0 0.0 160 0.0 0.0 0.0 0.0 0.0 0.0 0.0 0.0 
180 180 72131.8713858 89.0373802775 42723376.8578 32674042.7962 25.9204846939 1.81640816327 0.0 16.1871020408 180 0.0 0.0 0.0 0.0 0.0 0.0 0.0 0.0 180 0.0 0.0 0.0 0.0 0.0 0.0 0.0 0.0 
200 200 71672.543419 93.4387945232 41884129.312 31897314.7341 25.9303061224 2.04148979592 0.0 17.8666122449 200 0.0 0.0 0.0 0.0 0.0 0.0 0.0 0.0 200 0.0 0.0 0.0 0.0 0.0 0.0 0.0 0.0 
