8175518 0 1000
9262964 1 1000
9654339 2 1000
9755065 3 1000
9907786 4 1000
10042341 5 1000
10197843 6 1000
10273371 7 1000
10398855 8 1000
10497193 9 1000
10562594 10 1000
10631349 11 1000
10702847 12 1000
10790725 13 1000
10908476 14 1000
10996304 15 1000
11075825 16 1000
11139247 17 1000
11194288 18 1000
11235840 19 1000
11319190 20 1000
11389598 21 1000
11437757 22 1000
11497565 23 1000
11557195 24 1000
11620273 25 1000
11684942 26 1000
11750372 27 1000
11795197 28 1000
11867675 29 1000
11902418 30 1000
11944691 31 1000
11989909 32 1000
12043139 33 1000
12088667 34 1000
12135989 35 1000
12174881 36 1000
12233972 37 1000
12281983 38 1000
12342259 39 1000
12400115 40 1000
12449502 41 1000
12500108 42 1000
12533287 43 1000
12575109 44 1000
12615617 45 1000
12650746 46 1000
12682325 47 1000
12720292 48 1000
12761725 49 1000
12784125 50 1000
12838572 51 1000
12863875 52 1000
12894655 53 1000
12928729 54 1000
12947343 55 1000
12975085 56 1000
12994425 57 1000
13014669 58 1000
13053342 59 1000
13078818 60 1000
13105207 61 1000
13141131 62 1000
13172602 63 1000
13196344 64 1000
13221778 65 1000
13247612 66 1000
13275287 67 1000
13308026 68 1000
13336100 69 1000
13351152 70 1000
13377274 71 1000
13403807 72 1000
13425841 73 1000
13455195 74 1000
13487053 75 1000
13511664 76 1000
13533190 77 1000
13552773 78 1000
13571298 79 1000
13594464 80 1000
13617763 81 1000
13638228 82 1000
13651568 83 1000
13668128 84 1000
13689672 85 1000
13703166 86 1000
13724835 87 1000
13743528 88 1000
13762786 89 1000
13779734 90 1000
13793185 91 1000
13822668 92 1000
13839487 93 1000
13855011 94 1000
13870070 95 1000
13882156 96 1000
13897600 97 1000
13910522 98 1000
13924870 99 1000
13942568 100 1000
13961152 101 1000
13982437 102 1000
14001436 103 1000
14020577 104 1000
14038415 105 1000
14055200 106 1000
14074228 107 1000
14097435 108 1000
14117910 109 1000
14136979 110 1000
14148841 111 1000
14164217 112 1000
14179841 113 1000
14194308 114 1000
14209206 115 1000
14221406 116 1000
14240713 117 1000
14253217 118 1000
14265664 119 1000
14282283 120 1000
14292064 121 1000
14312016 122 1000
14323165 123 1000
14335250 124 1000
14350308 125 1000
14368030 126 1000
14380443 127 1000
14391049 128 1000
14399989 129 1000
14414658 130 1000
14430024 131 1000
14444107 132 1000
14462576 133 1000
14476267 134 1000
14494110 135 1000
14512888 136 1000
14530385 137 1000
14541446 138 1000
14555663 139 1000
14571492 140 1000
14587180 141 1000
14600669 142 1000
14614567 143 1000
14625093 144 1000
14638321 145 1000
14658972 146 1000
14672698 147 1000
14687276 148 1000
14704440 149 1000
14713573 150 1000
14733070 151 1000
14744005 152 1000
14758400 153 1000
14770846 154 1000
14790011 155 1000
14810358 156 1000
14824553 157 1000
14836202 158 1000
14847531 159 1000
14862401 160 1000
14872757 161 1000
14881068 162 1000
14897478 163 1000
14907528 164 1000
14919239 165 1000
14930377 166 1000
14943706 167 1000
14958355 168 1000
14967083 169 1000
14983186 170 1000
14996413 171 1000
15008734 172 1000
15019150 173 1000
15036825 174 1000
15047169 175 1000
15061035 176 1000
15071445 177 1000
15084935 178 1000
15097318 179 1000
15105311 180 1000
15119583 181 1000
15128788 182 1000
15138972 183 1000
15151527 184 1000
15164521 185 1000
15177536 186 1000
15189902 187 1000
15197578 188 1000
15209633 189 1000
15221511 190 1000
15230213 191 1000
15238080 192 1000
15249282 193 1000
15257270 194 1000
15266837 195 1000
15275975 196 1000
15285581 197 1000
15296462 198 1000
15308671 199 1000
15322799 200 1000
15335175 201 1000
15352321 202 1000
15362559 203 1000
15370863 204 1000
15382704 205 1000
15393229 206 1000
15403221 207 1000
15418040 208 1000
15429749 209 1000
15444679 210 1000
15459850 211 1000
15475445 212 1000
15488477 213 1000
15504614 214 1000
15514352 215 1000
15528335 216 1000
15538981 217 1000
15553311 218 1000
15562999 219 1000
15576878 220 1000
15584752 221 1000
15598183 222 1000
15609216 223 1000
15618744 224 1000
15630986 225 1000
15640406 226 1000
15653159 227 1000
15667652 228 1000
15676206 229 1000
15685733 230 1000
15703834 231 1000
15718350 232 1000
15728247 233 1000
15737580 234 1000
15751192 235 1000
15763481 236 1000
15777557 237 1000
15785644 238 1000
15800534 239 1000
15811831 240 1000
15824532 241 1000
15841521 242 1000
15850151 243 1000
15855957 244 1000
15870430 245 1000
15881402 246 1000
15890888 247 1000
15904549 248 1000
15915357 249 1000
15923441 250 1000
15931303 251 1000
15943455 252 1000
15952021 253 1000
15959719 254 1000
15972050 255 1000
15989232 256 1000
15999081 257 1000
16010881 258 1000
16019342 259 1000
16035288 260 1000
16049536 261 1000
16059771 262 1000
16070971 263 1000
16080258 264 1000
16090741 265 1000
16102346 266 1000
16118118 267 1000
16127569 268 1000
16135117 269 1000
16146924 270 1000
16162088 271 1000
16172683 272 1000
16183641 273 1000
16193740 274 1000
16206201 275 1000
16215720 276 1000
16231285 277 1000
16245967 278 1000
16255808 279 1000
16269015 280 1000
16284461 281 1000
16300348 282 1000
16312055 283 1000
16322604 284 1000
16338341 285 1000
16348752 286 1000
16358518 287 1000
16374728 288 1000
16382532 289 1000
16391918 290 1000
16400204 291 1000
16414912 292 1000
16431321 293 1000
16443816 294 1000
16451947 295 1000
16463727 296 1000
16474897 297 1000
16492546 298 1000
16504528 299 1000
16512562 300 1000
16521415 301 1000
16529149 302 1000
16545700 303 1000
16566628 304 1000
16578616 305 1000
16591249 306 1000
16605966 307 1000
16622004 308 1000
16636389 309 1000
16647060 310 1000
16656234 311 1000
16664378 312 1000
16680511 313 1000
16693551 314 1000
16703933 315 1000
16719758 316 1000
16729613 317 1000
16743045 318 1000
16759431 319 1000
16766771 320 1000
16774993 321 1000
16790710 322 1000
16799576 323 1000
16813606 324 1000
16826107 325 1000
16837802 326 1000
16847397 327 1000
16856770 328 1000
16870198 329 1000
16882988 330 1000
16893371 331 1000
16909519 332 1000
16918398 333 1000
16934093 334 1000
16946917 335 1000
16956454 336 1000
16968580 337 1000
16985023 338 1000
16997533 339 1000
17005516 340 1000
17012745 341 1000
17029249 342 1000
17050864 343 1000
17061428 344 1000
17075403 345 1000
17086484 346 1000
17097180 347 1000
17108914 348 1000
17117006 349 1000
17129228 350 1000
17143120 351 1000
17152411 352 1000
17165900 353 1000
17177305 354 1000
17186423 355 1000
17195236 356 1000
17207846 357 1000
17219206 358 1000
17226644 359 1000
17234779 360 1000
17246371 361 1000
17255978 362 1000
17269125 363 1000
17277314 364 1000
17290040 365 1000
17300721 366 1000
17312075 367 1000
17323894 368 1000
17333647 369 1000
17344886 370 1000
17359070 371 1000
17366670 372 1000
17379254 373 1000
17388130 374 1000
17400353 375 1000
17416348 376 1000
17428366 377 1000
17444696 378 1000
17455412 379 1000
17468934 380 1000
17476913 381 1000
17491967 382 1000
17503731 383 1000
17513631 384 1000
17525667 385 1000
17541436 386 1000
17552092 387 1000
17566095 388 1000
17582514 389 1000
17592483 390 1000
17606630 391 1000
17623257 392 1000
17640970 393 1000
17656522 394 1000
17670684 395 1000
17681136 396 1000
17691514 397 1000
17702660 398 1000
17709754 399 1000
17725839 400 1000
17736940 401 1000
17747018 402 1000
17760686 403 1000
17774787 404 1000
17780408 405 1000
17797924 406 1000
17812897 407 1000
17825449 408 1000
17840098 409 1000
17850957 410 1000
17862431 411 1000
17879739 412 1000
17891973 413 1000
17907256 414 1000
17914504 415 1000
17920427 416 1000
17930169 417 1000
17942669 418 1000
17960118 419 1000
17977252 420 1000
17988093 421 1000
18002302 422 1000
18012385 423 1000
18026496 424 1000
18041769 425 1000
18055906 426 1000
18071075 427 1000
18083151 428 1000
18095732 429 1000
18108531 430 1000
18119317 431 1000
18130507 432 1000
18144442 433 1000
18157732 434 1000
18166057 435 1000
18174092 436 1000
18190836 437 1000
18203490 438 1000
18219185 439 1000
18235857 440 1000
18244904 441 1000
18261533 442 1000
18276175 443 1000
18289598 444 1000
18300514 445 1000
18312774 446 1000
18329283 447 1000
18343410 448 1000
18356196 449 1000
18367452 450 1000
18379481 451 1000
18394282 452 1000
18402552 453 1000
18414167 454 1000
18426920 455 1000
18444081 456 1000
18460431 457 1000
18479955 458 1000
18500981 459 1000
18509740 460 1000
18520595 461 1000
18537293 462 1000
18557356 463 1000
18571808 464 1000
18588120 465 1000
18605763 466 1000
18626532 467 1000
18640331 468 1000
18653453 469 1000
18669933 470 1000
18682529 471 1000
18701591 472 1000
18723331 473 1000
18739962 474 1000
18762586 475 1000
18779189 476 1000
18794896 477 1000
18812055 478 1000
18826960 479 1000
18836388 480 1000
18849645 481 1000
18863301 482 1000
18876219 483 1000
18888418 484 1000
18906908 485 1000
18922705 486 1000
18935800 487 1000
18946309 488 1000
18962320 489 1000
18974177 490 1000
18991374 491 1000
19008265 492 1000
19031452 493 1000
19047125 494 1000
19064167 495 1000
19085841 496 1000
19102434 497 1000
19116826 498 1000
19134350 499 1000
19151465 500 1000
19170643 501 1000
19181377 502 1000
19203903 503 1000
19225598 504 1000
19244863 505 1000
19262773 506 1000
19276998 507 1000
19293000 508 1000
19301997 509 1000
19318639 510 1000
19332211 511 1000
19345936 512 1000
19355751 513 1000
19371365 514 1000
19385190 515 1000
19404043 516 1000
19423556 517 1000
19439002 518 1000
19460395 519 1000
19480308 520 1000
19503080 521 1000
19521512 522 1000
19531989 523 1000
19550643 524 1000
19565222 525 1000
19581745 526 1000
19598970 527 1000
19613299 528 1000
19632628 529 1000
19654616 530 1000
19671170 531 1000
19690150 532 1000
19711863 533 1000
19728478 534 1000
19744901 535 1000
19761464 536 1000
19782095 537 1000
19805366 538 1000
19821489 539 1000
19839950 540 1000
19857383 541 1000
19866319 542 1000
19885565 543 1000
19902536 544 1000
19917803 545 1000
19939066 546 1000
19957035 547 1000
19975434 548 1000
19987377 549 1000
20003653 550 1000
20021675 551 1000
20034597 552 1000
20047485 553 1000
20066627 554 1000
20078732 555 1000
20092156 556 1000
20120750 557 1000
20138281 558 1000
20159238 559 1000
20174624 560 1000
20189707 561 1000
20206114 562 1000
20228779 563 1000
20248904 564 1000
20266645 565 1000
20290578 566 1000
20306100 567 1000
20319121 568 1000
20331185 569 1000
20358277 570 1000
20379694 571 1000
20396887 572 1000
20409919 573 1000
20425836 574 1000
20446679 575 1000
20464394 576 1000
20485987 577 1000
20503283 578 1000
20518394 579 1000
20539614 580 1000
20556310 581 1000
20577782 582 1000
20595431 583 1000
20608587 584 1000
20624436 585 1000
20642790 586 1000
20657183 587 1000
20671745 588 1000
20689944 589 1000
20711611 590 1000
20727007 591 1000
20747651 592 1000
20766443 593 1000
20783562 594 1000
20798997 595 1000
20819062 596 1000
20839792 597 1000
20853894 598 1000
20873395 599 1000
20901685 600 1000
20918296 601 1000
20951080 602 1000
20965683 603 1000
20981809 604 1000
20999646 605 1000
21017849 606 1000
21041615 607 1000
21061115 608 1000
21078250 609 1000
21097387 610 1000
21123854 611 1000
21143865 612 1000
21168136 613 1000
21181457 614 1000
21199798 615 1000
21222084 616 1000
21248334 617 1000
21274951 618 1000
21301034 619 1000
21321060 620 1000
21345657 621 1000
21366440 622 1000
21389096 623 1000
21417307 624 1000
21442981 625 1000
21467134 626 1000
21482861 627 1000
21506210 628 1000
21523918 629 1000
21549474 630 1000
21574263 631 1000
21590881 632 1000
21604935 633 1000
21627635 634 1000
21646599 635 1000
21668011 636 1000
21701055 637 1000
21729973 638 1000
21748609 639 1000
21775263 640 1000
21795207 641 1000
21814170 642 1000
21832837 643 1000
21853624 644 1000
21873206 645 1000
21892230 646 1000
21908806 647 1000
21933630 648 1000
21957162 649 1000
21977137 650 1000
21996627 651 1000
22017133 652 1000
22044221 653 1000
22071315 654 1000
22099812 655 1000
22132384 656 1000
22154842 657 1000
22178657 658 1000
22202014 659 1000
22230095 660 1000
22263918 661 1000
22290415 662 1000
22324701 663 1000
22357722 664 1000
22396796 665 1000
22413207 666 1000
22427451 667 1000
22453870 668 1000
22481393 669 1000
22506153 670 1000
22536408 671 1000
22563794 672 1000
22581879 673 1000
22604858 674 1000
22626724 675 1000
22651282 676 1000
22682140 677 1000
22715945 678 1000
22744223 679 1000
22794737 680 1000
22827831 681 1000
22849058 682 1000
22874874 683 1000
22916565 684 1000
22947742 685 1000
22987886 686 1000
23032194 687 1000
23063121 688 1000
23106170 689 1000
23138786 690 1000
23163831 691 1000
23190813 692 1000
23222104 693 1000
23245799 694 1000
23273609 695 1000
23298689 696 1000
23328156 697 1000
23360568 698 1000
23387459 699 1000
23414216 700 1000
23435231 701 1000
23456680 702 1000
23493823 703 1000
23530582 704 1000
23554985 705 1000
23588488 706 1000
23609601 707 1000
23632245 708 1000
23659607 709 1000
23678075 710 1000
23705689 711 1000
23748666 712 1000
23778658 713 1000
23810947 714 1000
23848406 715 1000
23870585 716 1000
23895484 717 1000
23953711 718 1000
23984900 719 1000
24018660 720 1000
24042999 721 1000
24069177 722 1000
24112046 723 1000
24143182 724 1000
24177913 725 1000
24212744 726 1000
24254686 727 1000
24286945 728 1000
24323063 729 1000
24339290 730 1000
24377389 731 1000
24405100 732 1000
24447259 733 1000
24486013 734 1000
24516133 735 1000
24551258 736 1000
24578850 737 1000
24610517 738 1000
24659968 739 1000
24707469 740 1000
24749810 741 1000
24790899 742 1000
24825039 743 1000
24874812 744 1000
24901932 745 1000
24955164 746 1000
24986833 747 1000
25013195 748 1000
25045531 749 1000
25089573 750 1000
25118700 751 1000
25154547 752 1000
25182484 753 1000
25215031 754 1000
25236536 755 1000
25264129 756 1000
25290606 757 1000
25321188 758 1000
25353459 759 1000
25389092 760 1000
25419069 761 1000
25439711 762 1000
25462904 763 1000
25492176 764 1000
25533774 765 1000
25567674 766 1000
25599130 767 1000
25634999 768 1000
25690663 769 1000
25705308 770 1000
25738416 771 1000
25790466 772 1000
25829867 773 1000
25859247 774 1000
25895561 775 1000
25937023 776 1000
25982386 777 1000
26027767 778 1000
26075764 779 1000
26116043 780 1000
26147847 781 1000
26187148 782 1000
26215168 783 1000
26250862 784 1000
26293559 785 1000
26323780 786 1000
26412618 787 1000
26459042 788 1000
26503808 789 1000
26544683 790 1000
26601745 791 1000
26647630 792 1000
26705050 793 1000
26758837 794 1000
26837385 795 1000
26894854 796 1000
26944458 797 1000
27008981 798 1000
27042491 799 1000
27097036 800 1000
27177414 801 1000
27224938 802 1000
27278790 803 1000
27330274 804 1000
27389035 805 1000
27452594 806 1000
27533153 807 1000
27609996 808 1000
27699068 809 1000
27759868 810 1000
27880280 811 1000
27975290 812 1000
28033141 813 1000
28131088 814 1000
28195534 815 1000
28269667 816 1000
28328275 817 1000
28431257 818 1000
28469761 819 1000
28553253 820 1000
28614077 821 1000
28706883 822 1000
28753975 823 1000
28832976 824 1000
28895197 825 1000
28943795 826 1000
29004872 827 1000
29048768 828 1000
29111808 829 1000
29177721 830 1000
29223302 831 1000
29261155 832 1000
29315323 833 1000
29369016 834 1000
29433172 835 1000
29494616 836 1000
29560784 837 1000
29604855 838 1000
29659029 839 1000
29700778 840 1000
29749534 841 1000
29791313 842 1000
29827443 843 1000
29862262 844 1000
29921250 845 1000
29966881 846 1000
30025179 847 1000
30057581 848 1000
30117643 849 1000
30157721 850 1000
30217027 851 1000
30248641 852 1000
30315657 853 1000
30390634 854 1000
30462437 855 1000
30512729 856 1000
30576544 857 1000
30668271 858 1000
30712330 859 1000
30784148 860 1000
30891954 861 1000
30984145 862 1000
31066275 863 1000
31161340 864 1000
31316716 865 1000
31411763 866 1000
31531207 867 1000
31632443 868 1000
31791964 869 1000
31926832 870 1000
32150938 871 1000
32326370 872 1000
32454846 873 1000
32659371 874 1000
32809915 875 1000
33019157 876 1000
33152993 877 1000
33412398 878 1000
33709425 879 1000
33953802 880 1000
34197543 881 1000
34385402 882 1000
34638847 883 1000
34869016 884 1000
35043616 885 1000
35188852 886 1000
35488531 887 1000
35782861 888 1000
36368351 889 1000
36691781 890 1000
37165775 891 1000
37578128 892 1000
37972780 893 1000
38502321 894 1000
39045689 895 1000
39357995 896 1000
39639592 897 1000
40205117 898 1000
40906288 899 1000
41321982 900 1000
42105913 901 1000
42539577 902 1000
43028228 903 1000
43782111 904 1000
44175562 905 1000
44486250 906 1000
45067117 907 1000
45697137 908 1000
46352255 909 1000
46990185 910 1000
47576563 911 1000
48174546 912 1000
48462480 913 1000
48935090 914 1000
49519220 915 1000
50121368 916 1000
51495122 917 1000
52419884 918 1000
53201112 919 1000
53578464 920 1000
54250713 921 1000
54897725 922 1000
55535116 923 1000
56352420 924 1000
56993595 925 1000
57884527 926 1000
58597135 927 1000
59248586 928 1000
60295904 929 1000
61099545 930 1000
62805321 931 1000
64305432 932 1000
65846850 933 1000
72118800 934 1000
79501279 935 1000
82640342 936 1000
84611139 937 1000
87226006 938 1000
90319747 939 1000
91959793 940 1000
96392225 941 1000
97136393 942 1000
98315482 943 1000
99583428 944 1000
100431129 945 1000
101628190 946 1000
103418679 947 1000
108587552 948 1000
112631040 949 1000
115149255 950 1000
120025557 951 1000
121297896 952 1000
123513390 953 1000
125079465 954 1000
126106730 955 1000
129653102 956 1000
131852451 957 1000
132958185 958 1000
136453785 959 1000
137721554 960 1000
138407993 961 1000
139526171 962 1000
141038198 963 1000
144674140 964 1000
146069270 965 1000
156314618 966 1000
162142677 967 1000
163786968 968 1000
165951462 969 1000
166671982 970 1000
167809489 971 1000
168880651 972 1000
169701047 973 1000
170953522 974 1000
172059852 975 1000
172402240 976 1000
172908504 977 1000
173758461 978 1000
174389012 979 1000
174974907 980 1000
175569588 981 1000
176416671 982 1000
178060495 983 1000
178810393 984 1000
179885575 985 1000
181122663 986 1000
181703284 987 1000
182635252 988 1000
197847857 989 1000
205861087 990 1000
209259112 991 1000
210890131 992 1000
211833684 993 1000
212680287 994 1000
214118904 995 1000
216488891 996 1000
221165553 997 1000
224673205 998 1000
239224071 999 1000
