# load avg(tp, lat, bwr, bww, cpu, tps, brps, bwps), sd(...), ci(...)
1 1 17389.201816 1.75247721863 28973886.8997 21460416.5405 32.7679245283 2.40566037736 0.0 20.0 1 0.0 0.0 0.0 0.0 0.0 0.0 0.0 0.0 1 0.0 0.0 0.0 0.0 0.0 0.0 0.0 0.0 
2 2 31538.6772182 1.88567049619 42719845.4158 28830108.7511 44.3471698113 1.97169811321 0.0 15.7735849057 2 0.0 0.0 0.0 0.0 0.0 0.0 0.0 0.0 2 0.0 0.0 0.0 0.0 0.0 0.0 0.0 0.0 
3 3 34108.5453621 2.66668023363 47880134.0954 33208257.9866 47.655 2.0 0.0 16.0 3 0.0 0.0 0.0 0.0 0.0 0.0 0.0 0.0 3 0.0 0.0 0.0 0.0 0.0 0.0 0.0 0.0 
4 4 38820.8793839 3.10886518765 52089470.3388 35233195.232 49.610754717 2.0 0.0 16.0 4 0.0 0.0 0.0 0.0 0.0 0.0 0.0 0.0 4 0.0 0.0 0.0 0.0 0.0 0.0 0.0 0.0 
6 6 41778.5696351 4.08199652288 56708694.4727 38493968.006 51.6316037736 1.83962264151 0.0 14.7169811321 6 0.0 0.0 0.0 0.0 0.0 0.0 0.0 0.0 6 0.0 0.0 0.0 0.0 0.0 0.0 0.0 0.0 
8 8 43314.8411118 5.25182842675 58634338.242 39821355.9899 52.1561320755 1.85849056604 0.0 14.8679245283 8 0.0 0.0 0.0 0.0 0.0 0.0 0.0 0.0 8 0.0 0.0 0.0 0.0 0.0 0.0 0.0 0.0 
11 11 43693.9125233 7.15173532834 59783155.5602 40944421.8002 53.2597169811 1.86726415094 0.0 14.9382075472 11 0.0 0.0 0.0 0.0 0.0 0.0 0.0 0.0 11 0.0 0.0 0.0 0.0 0.0 0.0 0.0 0.0 
15 15 45067.050893 9.21022652248 61318803.6503 42003858.3813 53.5858490566 2.14150943396 0.0 17.2075471698 15 0.0 0.0 0.0 0.0 0.0 0.0 0.0 0.0 15 0.0 0.0 0.0 0.0 0.0 0.0 0.0 0.0 
20 20 44185.010442 12.5861696271 60651326.9511 41480689.8079 53.1827358491 2.10339622642 0.0 16.8271698113 20 0.0 0.0 0.0 0.0 0.0 0.0 0.0 0.0 20 0.0 0.0 0.0 0.0 0.0 0.0 0.0 0.0 
27 27 46908.2032283 14.7266564094 66921243.31 45781723.7254 55.1184 2.19 0.0 17.52 27 0.0 0.0 0.0 0.0 0.0 0.0 0.0 0.0 27 0.0 0.0 0.0 0.0 0.0 0.0 0.0 0.0 
36 36 45827.7800627 20.9868961183 63881902.052 43621550.8725 55.5400943396 1.86169811321 0.0 14.8938733672 36 0.0 0.0 0.0 0.0 0.0 0.0 0.0 0.0 36 0.0 0.0 0.0 0.0 0.0 0.0 0.0 0.0 
47 47 44829.1478076 27.6272376658 61902071.4482 42307421.9583 55.059245283 2.0658563135 0.0 16.526850508 47 0.0 0.0 0.0 0.0 0.0 0.0 0.0 0.0 47 0.0 0.0 0.0 0.0 0.0 0.0 0.0 0.0 
62 62 45613.4319376 35.5210355156 63342915.5629 43373334.3223 55.7727884615 2.08653846154 0.0 16.6923076923 62 0.0 0.0 0.0 0.0 0.0 0.0 0.0 0.0 62 0.0 0.0 0.0 0.0 0.0 0.0 0.0 0.0 
81 81 45821.3483546 47.2927571765 64480844.8288 44149972.9318 55.3855653061 2.03 0.0 16.24 81 0.0 0.0 0.0 0.0 0.0 0.0 0.0 0.0 81 0.0 0.0 0.0 0.0 0.0 0.0 0.0 0.0 
