1170200 0 1000
1181164 1 1000
1197657 2 1000
1204669 3 1000
1208197 4 1000
1210179 5 1000
1215587 6 1000
1217023 7 1000
1221265 8 1000
1221650 9 1000
1225500 10 1000
1234146 11 1000
1236759 12 1000
1237238 13 1000
1237553 14 1000
1242890 15 1000
1247135 16 1000
1248077 17 1000
1249097 18 1000
1249249 19 1000
1250168 20 1000
1251585 21 1000
1254928 22 1000
1260649 23 1000
1264188 24 1000
1264733 25 1000
1265709 26 1000
1274242 27 1000
1276810 28 1000
1278924 29 1000
1286559 30 1000
1287254 31 1000
1291811 32 1000
1291836 33 1000
1293251 34 1000
1293752 35 1000
1296671 36 1000
1297924 37 1000
1300564 38 1000
1302465 39 1000
1302642 40 1000
1302666 41 1000
1303795 42 1000
1303903 43 1000
1305715 44 1000
1305776 45 1000
1306183 46 1000
1306302 47 1000
1306314 48 1000
1310335 49 1000
1312138 50 1000
1312738 51 1000
1312854 52 1000
1314765 53 1000
1316344 54 1000
1317131 55 1000
1317200 56 1000
1321833 57 1000
1323634 58 1000
1324432 59 1000
1326481 60 1000
1328387 61 1000
1328977 62 1000
1329993 63 1000
1333764 64 1000
1334393 65 1000
1336002 66 1000
1336600 67 1000
1339481 68 1000
1339600 69 1000
1343359 70 1000
1347291 71 1000
1347913 72 1000
1348413 73 1000
1351404 74 1000
1353391 75 1000
1353846 76 1000
1357167 77 1000
1358755 78 1000
1359166 79 1000
1361635 80 1000
1365852 81 1000
1367916 82 1000
1368041 83 1000
1368582 84 1000
1369896 85 1000
1371033 86 1000
1371147 87 1000
1373325 88 1000
1374200 89 1000
1376057 90 1000
1376530 91 1000
1376792 92 1000
1380962 93 1000
1381463 94 1000
1382464 95 1000
1383874 96 1000
1384508 97 1000
1387185 98 1000
1388613 99 1000
1394643 100 1000
1397706 101 1000
1400063 102 1000
1402598 103 1000
1404042 104 1000
1404600 105 1000
1405292 106 1000
1411343 107 1000
1412518 108 1000
1417207 109 1000
1419701 110 1000
1419883 111 1000
1420845 112 1000
1424346 113 1000
1427131 114 1000
1428238 115 1000
1429543 116 1000
1430534 117 1000
1431309 118 1000
1432694 119 1000
1433744 120 1000
1433912 121 1000
1433975 122 1000
1437252 123 1000
1441289 124 1000
1441319 125 1000
1442263 126 1000
1442687 127 1000
1445033 128 1000
1446047 129 1000
1447880 130 1000
1448253 131 1000
1449285 132 1000
1450275 133 1000
1453030 134 1000
1454536 135 1000
1459885 136 1000
1462439 137 1000
1467452 138 1000
1468115 139 1000
1468759 140 1000
1470510 141 1000
1471809 142 1000
1471941 143 1000
1473328 144 1000
1475441 145 1000
1477836 146 1000
1478056 147 1000
1478223 148 1000
1478578 149 1000
1479058 150 1000
1480620 151 1000
1480858 152 1000
1483694 153 1000
1485256 154 1000
1487245 155 1000
1488016 156 1000
1490762 157 1000
1494695 158 1000
1496312 159 1000
1497519 160 1000
1500038 161 1000
1500291 162 1000
1500358 163 1000
1500944 164 1000
1501254 165 1000
1505753 166 1000
1505914 167 1000
1509451 168 1000
1511409 169 1000
1512224 170 1000
1514022 171 1000
1514125 172 1000
1516555 173 1000
1517073 174 1000
1519690 175 1000
1522322 176 1000
1522908 177 1000
1526136 178 1000
1526373 179 1000
1527624 180 1000
1527775 181 1000
1528186 182 1000
1531829 183 1000
1532542 184 1000
1532883 185 1000
1533768 186 1000
1537693 187 1000
1538380 188 1000
1538724 189 1000
1539043 190 1000
1539328 191 1000
1540166 192 1000
1540956 193 1000
1544961 194 1000
1545074 195 1000
1545751 196 1000
1546832 197 1000
1547658 198 1000
1549448 199 1000
1549799 200 1000
1551591 201 1000
1554533 202 1000
1555773 203 1000
1556912 204 1000
1557000 205 1000
1557082 206 1000
1558042 207 1000
1560747 208 1000
1562137 209 1000
1562147 210 1000
1562956 211 1000
1564619 212 1000
1570068 213 1000
1573079 214 1000
1575527 215 1000
1575590 216 1000
1577304 217 1000
1581184 218 1000
1581884 219 1000
1584287 220 1000
1585526 221 1000
1585676 222 1000
1586223 223 1000
1588780 224 1000
1589182 225 1000
1590958 226 1000
1591739 227 1000
1593044 228 1000
1595058 229 1000
1596126 230 1000
1597108 231 1000
1598458 232 1000
1600514 233 1000
1607214 234 1000
1608913 235 1000
1608997 236 1000
1611333 237 1000
1611906 238 1000
1613508 239 1000
1615773 240 1000
1617373 241 1000
1626151 242 1000
1626626 243 1000
1628813 244 1000
1629561 245 1000
1632471 246 1000
1633233 247 1000
1633903 248 1000
1638285 249 1000
1639799 250 1000
1643899 251 1000
1643933 252 1000
1651006 253 1000
1651180 254 1000
1653131 255 1000
1660542 256 1000
1660782 257 1000
1662473 258 1000
1667455 259 1000
1667865 260 1000
1669518 261 1000
1669594 262 1000
1674748 263 1000
1675313 264 1000
1675349 265 1000
1675714 266 1000
1677214 267 1000
1677911 268 1000
1678624 269 1000
1678685 270 1000
1679465 271 1000
1679824 272 1000
1681394 273 1000
1682933 274 1000
1686528 275 1000
1686888 276 1000
1687180 277 1000
1687649 278 1000
1688978 279 1000
1691956 280 1000
1692473 281 1000
1696207 282 1000
1697158 283 1000
1698303 284 1000
1699086 285 1000
1701350 286 1000
1701374 287 1000
1701518 288 1000
1704841 289 1000
1706047 290 1000
1706366 291 1000
1711211 292 1000
1714338 293 1000
1719239 294 1000
1721947 295 1000
1722426 296 1000
1722657 297 1000
1724113 298 1000
1726277 299 1000
1729159 300 1000
1729543 301 1000
1729966 302 1000
1731179 303 1000
1733278 304 1000
1740192 305 1000
1742207 306 1000
1742257 307 1000
1744252 308 1000
1745505 309 1000
1747746 310 1000
1747972 311 1000
1751177 312 1000
1751219 313 1000
1752729 314 1000
1755339 315 1000
1755680 316 1000
1756034 317 1000
1759860 318 1000
1761145 319 1000
1761898 320 1000
1762012 321 1000
1765378 322 1000
1772402 323 1000
1772746 324 1000
1773028 325 1000
1773928 326 1000
1776569 327 1000
1777425 328 1000
1779935 329 1000
1780982 330 1000
1781355 331 1000
1781941 332 1000
1782566 333 1000
1785703 334 1000
1787234 335 1000
1788573 336 1000
1789340 337 1000
1793122 338 1000
1793518 339 1000
1794389 340 1000
1796854 341 1000
1799281 342 1000
1799621 343 1000
1799776 344 1000
1800280 345 1000
1800549 346 1000
1800804 347 1000
1802664 348 1000
1802848 349 1000
1805459 350 1000
1805858 351 1000
1810204 352 1000
1811832 353 1000
1812134 354 1000
1812613 355 1000
1814109 356 1000
1814724 357 1000
1816276 358 1000
1819625 359 1000
1824889 360 1000
1826395 361 1000
1826639 362 1000
1832058 363 1000
1834934 364 1000
1837285 365 1000
1838848 366 1000
1848353 367 1000
1849115 368 1000
1850499 369 1000
1851975 370 1000
1854307 371 1000
1855888 372 1000
1857530 373 1000
1859105 374 1000
1861752 375 1000
1864154 376 1000
1864574 377 1000
1867221 378 1000
1868510 379 1000
1871769 380 1000
1873616 381 1000
1874184 382 1000
1876311 383 1000
1876700 384 1000
1877253 385 1000
1878143 386 1000
1878183 387 1000
1879203 388 1000
1879727 389 1000
1880642 390 1000
1881502 391 1000
1883124 392 1000
1883987 393 1000
1884402 394 1000
1884496 395 1000
1885175 396 1000
1885833 397 1000
1888444 398 1000
1888714 399 1000
1888983 400 1000
1889109 401 1000
1889563 402 1000
1893572 403 1000
1895776 404 1000
1896226 405 1000
1899613 406 1000
1899616 407 1000
1901603 408 1000
1903396 409 1000
1903444 410 1000
1904047 411 1000
1904147 412 1000
1904207 413 1000
1906159 414 1000
1907134 415 1000
1907861 416 1000
1909475 417 1000
1910506 418 1000
1912261 419 1000
1914765 420 1000
1916536 421 1000
1918748 422 1000
1918807 423 1000
1919180 424 1000
1919646 425 1000
1920826 426 1000
1920997 427 1000
1923848 428 1000
1928187 429 1000
1929766 430 1000
1929967 431 1000
1930675 432 1000
1931437 433 1000
1932240 434 1000
1932247 435 1000
1934941 436 1000
1934978 437 1000
1935738 438 1000
1936025 439 1000
1936480 440 1000
1936511 441 1000
1938472 442 1000
1939755 443 1000
1942932 444 1000
1943593 445 1000
1943723 446 1000
1944549 447 1000
1948136 448 1000
1950182 449 1000
1950700 450 1000
1951042 451 1000
1951340 452 1000
1952772 453 1000
1952970 454 1000
1955165 455 1000
1955749 456 1000
1957760 457 1000
1958762 458 1000
1958813 459 1000
1959893 460 1000
1961219 461 1000
1962263 462 1000
1962696 463 1000
1967227 464 1000
1967257 465 1000
1967457 466 1000
1967605 467 1000
1967961 468 1000
1969031 469 1000
1969775 470 1000
1969853 471 1000
1970858 472 1000
1971149 473 1000
1972532 474 1000
1972725 475 1000
1974231 476 1000
1974695 477 1000
1974737 478 1000
1974843 479 1000
1977582 480 1000
1978511 481 1000
1979437 482 1000
1979792 483 1000
1981516 484 1000
1982859 485 1000
1984747 486 1000
1986564 487 1000
1990723 488 1000
1991048 489 1000
1992846 490 1000
1993148 491 1000
1994053 492 1000
1994649 493 1000
1995587 494 1000
1996098 495 1000
1996536 496 1000
1997159 497 1000
1999032 498 1000
1999790 499 1000
1999899 500 1000
2001900 501 1000
2002565 502 1000
2002934 503 1000
2003071 504 1000
2004458 505 1000
2005023 506 1000
2010410 507 1000
2010633 508 1000
2011609 509 1000
2012133 510 1000
2012189 511 1000
2015019 512 1000
2016011 513 1000
2017862 514 1000
2018438 515 1000
2020454 516 1000
2022107 517 1000
2022651 518 1000
2022715 519 1000
2024383 520 1000
2024543 521 1000
2025466 522 1000
2025881 523 1000
2028826 524 1000
2029959 525 1000
2033809 526 1000
2034461 527 1000
2035036 528 1000
2035550 529 1000
2035937 530 1000
2037642 531 1000
2039547 532 1000
2039651 533 1000
2040012 534 1000
2040283 535 1000
2040596 536 1000
2041037 537 1000
2042610 538 1000
2042783 539 1000
2043264 540 1000
2044956 541 1000
2045540 542 1000
2045964 543 1000
2048153 544 1000
2048629 545 1000
2049257 546 1000
2049883 547 1000
2050134 548 1000
2053380 549 1000
2054032 550 1000
2054129 551 1000
2056317 552 1000
2057166 553 1000
2057683 554 1000
2057949 555 1000
2058074 556 1000
2058907 557 1000
2059087 558 1000
2059357 559 1000
2060204 560 1000
2061202 561 1000
2061688 562 1000
2061863 563 1000
2062891 564 1000
2063205 565 1000
2063319 566 1000
2063665 567 1000
2065175 568 1000
2065386 569 1000
2066295 570 1000
2066319 571 1000
2066508 572 1000
2066564 573 1000
2066862 574 1000
2067066 575 1000
2067646 576 1000
2068522 577 1000
2069757 578 1000
2069788 579 1000
2070193 580 1000
2070803 581 1000
2072875 582 1000
2073549 583 1000
2074442 584 1000
2074476 585 1000
2074552 586 1000
2074707 587 1000
2075714 588 1000
2076276 589 1000
2076661 590 1000
2077413 591 1000
2077582 592 1000
2079434 593 1000
2080912 594 1000
2082208 595 1000
2082894 596 1000
2083868 597 1000
2085061 598 1000
2087446 599 1000
2088700 600 1000
2090175 601 1000
2092136 602 1000
2093503 603 1000
2096173 604 1000
2098276 605 1000
2099076 606 1000
2099303 607 1000
2099376 608 1000
2102239 609 1000
2102320 610 1000
2103219 611 1000
2103574 612 1000
2103917 613 1000
2106540 614 1000
2106939 615 1000
2108241 616 1000
2109234 617 1000
2109508 618 1000
2110211 619 1000
2110991 620 1000
2112604 621 1000
2113043 622 1000
2114143 623 1000
2114475 624 1000
2116217 625 1000
2116609 626 1000
2118247 627 1000
2118273 628 1000
2118289 629 1000
2118422 630 1000
2118453 631 1000
2118662 632 1000
2118878 633 1000
2120151 634 1000
2121274 635 1000
2121543 636 1000
2122880 637 1000
2122986 638 1000
2123726 639 1000
2124039 640 1000
2126027 641 1000
2126762 642 1000
2129109 643 1000
2129443 644 1000
2129671 645 1000
2129922 646 1000
2130845 647 1000
2131260 648 1000
2131867 649 1000
2131972 650 1000
2132402 651 1000
2133532 652 1000
2133842 653 1000
2134614 654 1000
2134955 655 1000
2135349 656 1000
2137455 657 1000
2137622 658 1000
2137875 659 1000
2138058 660 1000
2138125 661 1000
2139809 662 1000
2142364 663 1000
2142518 664 1000
2142574 665 1000
2142825 666 1000
2143928 667 1000
2145096 668 1000
2145547 669 1000
2145759 670 1000
2145938 671 1000
2146201 672 1000
2146293 673 1000
2146837 674 1000
2147316 675 1000
2148037 676 1000
2148771 677 1000
2149931 678 1000
2151263 679 1000
2151967 680 1000
2152224 681 1000
2153065 682 1000
2155352 683 1000
2155690 684 1000
2156629 685 1000
2158158 686 1000
2158733 687 1000
2159320 688 1000
2159402 689 1000
2159473 690 1000
2160253 691 1000
2160954 692 1000
2163074 693 1000
2163219 694 1000
2163818 695 1000
2165001 696 1000
2165676 697 1000
2166083 698 1000
2166754 699 1000
2166982 700 1000
2167379 701 1000
2167906 702 1000
2167957 703 1000
2169884 704 1000
2169889 705 1000
2171092 706 1000
2171544 707 1000
2171979 708 1000
2172152 709 1000
2172949 710 1000
2173508 711 1000
2174425 712 1000
2174452 713 1000
2174813 714 1000
2175747 715 1000
2178603 716 1000
2179405 717 1000
2180331 718 1000
2180392 719 1000
2182580 720 1000
2182883 721 1000
2183205 722 1000
2184593 723 1000
2184963 724 1000
2184985 725 1000
2185044 726 1000
2185668 727 1000
2185895 728 1000
2186142 729 1000
2186456 730 1000
2187197 731 1000
2187517 732 1000
2187707 733 1000
2190198 734 1000
2190641 735 1000
2191313 736 1000
2191834 737 1000
2192546 738 1000
2192559 739 1000
2193333 740 1000
2193799 741 1000
2194418 742 1000
2195615 743 1000
2195725 744 1000
2196417 745 1000
2196583 746 1000
2197977 747 1000
2198364 748 1000
2198381 749 1000
2198613 750 1000
2198872 751 1000
2200214 752 1000
2200663 753 1000
2201783 754 1000
2201831 755 1000
2201882 756 1000
2202092 757 1000
2203190 758 1000
2203688 759 1000
2204658 760 1000
2204705 761 1000
2205288 762 1000
2205681 763 1000
2206612 764 1000
2206787 765 1000
2207677 766 1000
2210604 767 1000
2211787 768 1000
2211818 769 1000
2212067 770 1000
2212222 771 1000
2213764 772 1000
2214849 773 1000
2214985 774 1000
2215196 775 1000
2216635 776 1000
2217846 777 1000
2217891 778 1000
2218944 779 1000
2219206 780 1000
2219206 781 1000
2220160 782 1000
2220641 783 1000
2221550 784 1000
2222204 785 1000
2224817 786 1000
2226363 787 1000
2228079 788 1000
2228789 789 1000
2229279 790 1000
2229480 791 1000
2229816 792 1000
2230256 793 1000
2231529 794 1000
2231784 795 1000
2233427 796 1000
2235019 797 1000
2235113 798 1000
2235887 799 1000
2237970 800 1000
2238680 801 1000
2238705 802 1000
2238941 803 1000
2239296 804 1000
2239430 805 1000
2239858 806 1000
2240679 807 1000
2240733 808 1000
2241297 809 1000
2241718 810 1000
2242348 811 1000
2243769 812 1000
2243965 813 1000
2244117 814 1000
2244133 815 1000
2245344 816 1000
2245665 817 1000
2245862 818 1000
2247585 819 1000
2248214 820 1000
2248423 821 1000
2249011 822 1000
2250395 823 1000
2251352 824 1000
2251447 825 1000
2251558 826 1000
2253900 827 1000
2254775 828 1000
2255441 829 1000
2255554 830 1000
2255956 831 1000
2256205 832 1000
2258905 833 1000
2259550 834 1000
2259958 835 1000
2260184 836 1000
2260326 837 1000
2260682 838 1000
2260689 839 1000
2261432 840 1000
2261643 841 1000
2261730 842 1000
2263779 843 1000
2264569 844 1000
2265433 845 1000
2265525 846 1000
2267865 847 1000
2268098 848 1000
2268712 849 1000
2269321 850 1000
2270220 851 1000
2270768 852 1000
2272071 853 1000
2273712 854 1000
2273846 855 1000
2275329 856 1000
2275483 857 1000
2275746 858 1000
2276617 859 1000
2279377 860 1000
2279773 861 1000
2280006 862 1000
2280947 863 1000
2282935 864 1000
2284874 865 1000
2285040 866 1000
2285650 867 1000
2285795 868 1000
2285978 869 1000
2286444 870 1000
2286743 871 1000
2288889 872 1000
2289506 873 1000
2289727 874 1000
2290230 875 1000
2291511 876 1000
2291879 877 1000
2291954 878 1000
2293342 879 1000
2293686 880 1000
2294993 881 1000
2296781 882 1000
2297377 883 1000
2297463 884 1000
2298664 885 1000
2298844 886 1000
2299649 887 1000
2300488 888 1000
2300547 889 1000
2301961 890 1000
2302035 891 1000
2302775 892 1000
2303095 893 1000
2303343 894 1000
2303805 895 1000
2305056 896 1000
2305805 897 1000
2306262 898 1000
2306268 899 1000
2306684 900 1000
2308818 901 1000
2309776 902 1000
2309856 903 1000
2311215 904 1000
2312704 905 1000
2314641 906 1000
2315188 907 1000
2315629 908 1000
2316385 909 1000
2317272 910 1000
2317948 911 1000
2318849 912 1000
2319822 913 1000
2320272 914 1000
2320376 915 1000
2320925 916 1000
2322954 917 1000
2323392 918 1000
2326315 919 1000
2327845 920 1000
2328812 921 1000
2329024 922 1000
2330114 923 1000
2330859 924 1000
2332492 925 1000
2335005 926 1000
2336378 927 1000
2338098 928 1000
2340503 929 1000
2341378 930 1000
2341486 931 1000
2342061 932 1000
2342659 933 1000
2342891 934 1000
2343084 935 1000
2343174 936 1000
2344209 937 1000
2344265 938 1000
2345023 939 1000
2345743 940 1000
2345975 941 1000
2346101 942 1000
2348151 943 1000
2352283 944 1000
2353665 945 1000
2354824 946 1000
2355861 947 1000
2356096 948 1000
2356517 949 1000
2356796 950 1000
2358018 951 1000
2358392 952 1000
2358424 953 1000
2358531 954 1000
2359007 955 1000
2360234 956 1000
2360255 957 1000
2360553 958 1000
2360658 959 1000
2362492 960 1000
2363013 961 1000
2363726 962 1000
2363854 963 1000
2364241 964 1000
2365225 965 1000
2366123 966 1000
2366648 967 1000
2366857 968 1000
2367155 969 1000
2370140 970 1000
2374281 971 1000
2374711 972 1000
2374981 973 1000
2376981 974 1000
2377710 975 1000
2378147 976 1000
2378500 977 1000
2379009 978 1000
2380028 979 1000
2381471 980 1000
2381556 981 1000
2383351 982 1000
2383846 983 1000
2384205 984 1000
2384464 985 1000
2385363 986 1000
2385546 987 1000
2385732 988 1000
2388596 989 1000
2389843 990 1000
2390193 991 1000
2393003 992 1000
2393590 993 1000
2394009 994 1000
2396023 995 1000
2396057 996 1000
2398658 997 1000
2399282 998 1000
2400156 999 1000
