3273266 0 1000
4047490 1 1000
4346735 2 1000
4542253 3 1000
4615990 4 1000
4704243 5 1000
4764528 6 1000
4847132 7 1000
4914521 8 1000
4975701 9 1000
5044682 10 1000
5103014 11 1000
5149600 12 1000
5187868 13 1000
5235590 14 1000
5272046 15 1000
5326295 16 1000
5375980 17 1000
5422231 18 1000
5462850 19 1000
5509631 20 1000
5565289 21 1000
5604067 22 1000
5661760 23 1000
5702361 24 1000
5747110 25 1000
5789858 26 1000
5832287 27 1000
5857995 28 1000
5886515 29 1000
5932045 30 1000
5966810 31 1000
6011556 32 1000
6058093 33 1000
6113036 34 1000
6157885 35 1000
6203400 36 1000
6232734 37 1000
6278806 38 1000
6318870 39 1000
6349509 40 1000
6401240 41 1000
6432139 42 1000
6471713 43 1000
6498792 44 1000
6525843 45 1000
6554993 46 1000
6592463 47 1000
6633551 48 1000
6657998 49 1000
6702986 50 1000
6739783 51 1000
6785978 52 1000
6824757 53 1000
6859538 54 1000
6898852 55 1000
6927006 56 1000
6947409 57 1000
6979910 58 1000
7004521 59 1000
7049022 60 1000
7080574 61 1000
7121098 62 1000
7151081 63 1000
7193460 64 1000
7232204 65 1000
7262062 66 1000
7284676 67 1000
7305750 68 1000
7340349 69 1000
7358658 70 1000
7396895 71 1000
7429624 72 1000
7461668 73 1000
7500861 74 1000
7517892 75 1000
7534848 76 1000
7547272 77 1000
7566204 78 1000
7577511 79 1000
7592453 80 1000
7608539 81 1000
7634106 82 1000
7660849 83 1000
7695367 84 1000
7722553 85 1000
7738783 86 1000
7760244 87 1000
7787435 88 1000
7811625 89 1000
7825565 90 1000
7839122 91 1000
7855222 92 1000
7872987 93 1000
7881324 94 1000
7898347 95 1000
7916568 96 1000
7937909 97 1000
7976044 98 1000
7993414 99 1000
8017931 100 1000
8049031 101 1000
8078900 102 1000
8104316 103 1000
8122972 104 1000
8139921 105 1000
8154109 106 1000
8173749 107 1000
8188339 108 1000
8199484 109 1000
8216603 110 1000
8243769 111 1000
8260185 112 1000
8282740 113 1000
8311684 114 1000
8341158 115 1000
8357145 116 1000
8376286 117 1000
8403475 118 1000
8420934 119 1000
8438488 120 1000
8454296 121 1000
8470965 122 1000
8489406 123 1000
8507449 124 1000
8524475 125 1000
8547056 126 1000
8576142 127 1000
8609248 128 1000
8631652 129 1000
8647593 130 1000
8673788 131 1000
8694058 132 1000
8707238 133 1000
8726951 134 1000
8746659 135 1000
8760268 136 1000
8776754 137 1000
8790242 138 1000
8805461 139 1000
8824058 140 1000
8837971 141 1000
8850631 142 1000
8861089 143 1000
8873694 144 1000
8894035 145 1000
8905395 146 1000
8920410 147 1000
8938923 148 1000
8959325 149 1000
8972692 150 1000
8991628 151 1000
9005631 152 1000
9014973 153 1000
9030003 154 1000
9040818 155 1000
9054659 156 1000
9064953 157 1000
9074126 158 1000
9082758 159 1000
9093739 160 1000
9104180 161 1000
9114971 162 1000
9128792 163 1000
9137704 164 1000
9152395 165 1000
9166795 166 1000
9175891 167 1000
9187622 168 1000
9201684 169 1000
9214531 170 1000
9225639 171 1000
9240163 172 1000
9251123 173 1000
9262488 174 1000
9275508 175 1000
9289963 176 1000
9299708 177 1000
9310058 178 1000
9319620 179 1000
9330880 180 1000
9341848 181 1000
9356230 182 1000
9363355 183 1000
9372146 184 1000
9382197 185 1000
9389292 186 1000
9399197 187 1000
9408884 188 1000
9416577 189 1000
9426849 190 1000
9435603 191 1000
9447406 192 1000
9454776 193 1000
9463730 194 1000
9473648 195 1000
9485119 196 1000
9495755 197 1000
9506050 198 1000
9518850 199 1000
9527135 200 1000
9539035 201 1000
9551313 202 1000
9560822 203 1000
9569622 204 1000
9581469 205 1000
9588988 206 1000
9599749 207 1000
9610360 208 1000
9618636 209 1000
9628513 210 1000
9633320 211 1000
9640916 212 1000
9649611 213 1000
9657443 214 1000
9665444 215 1000
9669913 216 1000
9679114 217 1000
9687557 218 1000
9693297 219 1000
9704447 220 1000
9710790 221 1000
9718384 222 1000
9725570 223 1000
9731112 224 1000
9739018 225 1000
9746565 226 1000
9752582 227 1000
9757971 228 1000
9762089 229 1000
9768641 230 1000
9776741 231 1000
9782990 232 1000
9789061 233 1000
9795487 234 1000
9802524 235 1000
9808209 236 1000
9814875 237 1000
9821709 238 1000
9827930 239 1000
9835133 240 1000
9842273 241 1000
9849259 242 1000
9857954 243 1000
9863521 244 1000
9870447 245 1000
9878137 246 1000
9886745 247 1000
9891846 248 1000
9902151 249 1000
9908801 250 1000
9916215 251 1000
9922442 252 1000
9927166 253 1000
9935467 254 1000
9940349 255 1000
9945017 256 1000
9952924 257 1000
9959990 258 1000
9966615 259 1000
9974650 260 1000
9980554 261 1000
9987651 262 1000
9995095 263 1000
10000877 264 1000
10007294 265 1000
10012370 266 1000
10017233 267 1000
10024357 268 1000
10030236 269 1000
10036142 270 1000
10040631 271 1000
10047380 272 1000
10052837 273 1000
10058512 274 1000
10061891 275 1000
10068004 276 1000
10072339 277 1000
10076948 278 1000
10082252 279 1000
10087800 280 1000
10092020 281 1000
10097343 282 1000
10102737 283 1000
10106844 284 1000
10112383 285 1000
10116792 286 1000
10123727 287 1000
10131143 288 1000
10138127 289 1000
10142569 290 1000
10147739 291 1000
10153510 292 1000
10160618 293 1000
10164843 294 1000
10168763 295 1000
10173743 296 1000
10178649 297 1000
10184547 298 1000
10189034 299 1000
10195120 300 1000
10200724 301 1000
10207885 302 1000
10215001 303 1000
10221070 304 1000
10229180 305 1000
10233949 306 1000
10238342 307 1000
10242145 308 1000
10248702 309 1000
10254340 310 1000
10257417 311 1000
10261849 312 1000
10266314 313 1000
10273143 314 1000
10280288 315 1000
10287932 316 1000
10292794 317 1000
10298463 318 1000
10304891 319 1000
10308442 320 1000
10313386 321 1000
10318132 322 1000
10321509 323 1000
10326759 324 1000
10331283 325 1000
10337033 326 1000
10340721 327 1000
10345564 328 1000
10351656 329 1000
10357906 330 1000
10362554 331 1000
10368048 332 1000
10372410 333 1000
10378081 334 1000
10384651 335 1000
10388739 336 1000
10397092 337 1000
10403909 338 1000
10409685 339 1000
10414278 340 1000
10419587 341 1000
10423987 342 1000
10432312 343 1000
10438781 344 1000
10445087 345 1000
10451659 346 1000
10458820 347 1000
10465660 348 1000
10471211 349 1000
10481302 350 1000
10487051 351 1000
10494131 352 1000
10501300 353 1000
10506912 354 1000
10516007 355 1000
10522527 356 1000
10529483 357 1000
10534466 358 1000
10540912 359 1000
10549364 360 1000
10554010 361 1000
10559096 362 1000
10566007 363 1000
10574057 364 1000
10579175 365 1000
10584987 366 1000
10594450 367 1000
10602497 368 1000
10608291 369 1000
10617118 370 1000
10622644 371 1000
10630759 372 1000
10637545 373 1000
10647160 374 1000
10653924 375 1000
10660414 376 1000
10669582 377 1000
10677580 378 1000
10688807 379 1000
10696621 380 1000
10702569 381 1000
10710322 382 1000
10718316 383 1000
10725651 384 1000
10735166 385 1000
10743774 386 1000
10752450 387 1000
10762617 388 1000
10771785 389 1000
10782598 390 1000
10791695 391 1000
10804189 392 1000
10812405 393 1000
10823142 394 1000
10834009 395 1000
10842311 396 1000
10851994 397 1000
10864735 398 1000
10878426 399 1000
10895236 400 1000
10906021 401 1000
10917735 402 1000
10927242 403 1000
10941011 404 1000
10960703 405 1000
10974269 406 1000
10996794 407 1000
11016232 408 1000
11030204 409 1000
11040986 410 1000
11059071 411 1000
11078172 412 1000
11094852 413 1000
11115708 414 1000
11139037 415 1000
11158447 416 1000
11170282 417 1000
11190079 418 1000
11212089 419 1000
11238003 420 1000
11252640 421 1000
11269849 422 1000
11292974 423 1000
11306536 424 1000
11333483 425 1000
11355478 426 1000
11397936 427 1000
11413939 428 1000
11458103 429 1000
11485479 430 1000
11507483 431 1000
11534655 432 1000
11558539 433 1000
11578167 434 1000
11602421 435 1000
11624401 436 1000
11652898 437 1000
11686420 438 1000
11734426 439 1000
11771999 440 1000
11814248 441 1000
11868950 442 1000
11911101 443 1000
11965628 444 1000
12012392 445 1000
12061332 446 1000
12089176 447 1000
12118043 448 1000
12156040 449 1000
12196720 450 1000
12224935 451 1000
12255584 452 1000
12287780 453 1000
12308627 454 1000
12341631 455 1000
12356601 456 1000
12380989 457 1000
12400156 458 1000
12430791 459 1000
12455270 460 1000
12474693 461 1000
12498951 462 1000
12515108 463 1000
12536285 464 1000
12551874 465 1000
12572107 466 1000
12596688 467 1000
12626186 468 1000
12649275 469 1000
12667727 470 1000
12687550 471 1000
12703336 472 1000
12725461 473 1000
12742428 474 1000
12761235 475 1000
12779672 476 1000
12796744 477 1000
12814042 478 1000
12832196 479 1000
12853317 480 1000
12865859 481 1000
12881226 482 1000
12892752 483 1000
12911049 484 1000
12928936 485 1000
12946661 486 1000
12965509 487 1000
12984042 488 1000
12998718 489 1000
13014676 490 1000
13029261 491 1000
13044983 492 1000
13055136 493 1000
13068300 494 1000
13079893 495 1000
13095221 496 1000
13106322 497 1000
13118033 498 1000
13131405 499 1000
13144707 500 1000
13157859 501 1000
13170231 502 1000
13179310 503 1000
13186217 504 1000
13198776 505 1000
13208901 506 1000
13217869 507 1000
13227419 508 1000
13232985 509 1000
13244415 510 1000
13255599 511 1000
13263715 512 1000
13276070 513 1000
13291006 514 1000
13304304 515 1000
13311449 516 1000
13320340 517 1000
13328760 518 1000
13338351 519 1000
13348662 520 1000
13356609 521 1000
13367483 522 1000
13379604 523 1000
13387752 524 1000
13400012 525 1000
13410744 526 1000
13418511 527 1000
13429610 528 1000
13436833 529 1000
13444404 530 1000
13453960 531 1000
13466380 532 1000
13475809 533 1000
13484594 534 1000
13491633 535 1000
13502684 536 1000
13509286 537 1000
13517843 538 1000
13526234 539 1000
13535431 540 1000
13542915 541 1000
13552284 542 1000
13559629 543 1000
13566807 544 1000
13574080 545 1000
13581546 546 1000
13589171 547 1000
13595038 548 1000
13604590 549 1000
13613200 550 1000
13621008 551 1000
13629692 552 1000
13638885 553 1000
13644645 554 1000
13652892 555 1000
13660887 556 1000
13666256 557 1000
13675240 558 1000
13682220 559 1000
13688325 560 1000
13697825 561 1000
13708298 562 1000
13719786 563 1000
13726998 564 1000
13734375 565 1000
13744024 566 1000
13751856 567 1000
13760602 568 1000
13770487 569 1000
13781318 570 1000
13790452 571 1000
13798536 572 1000
13807272 573 1000
13812373 574 1000
13819266 575 1000
13824771 576 1000
13832320 577 1000
13840060 578 1000
13847671 579 1000
13856086 580 1000
13866781 581 1000
13877824 582 1000
13883725 583 1000
13893226 584 1000
13901508 585 1000
13911343 586 1000
13921754 587 1000
13929261 588 1000
13937260 589 1000
13948401 590 1000
13956547 591 1000
13965291 592 1000
13973879 593 1000
13985532 594 1000
13995197 595 1000
14005148 596 1000
14015465 597 1000
14023800 598 1000
14034573 599 1000
14043309 600 1000
14052530 601 1000
14060569 602 1000
14070640 603 1000
14077489 604 1000
14087254 605 1000
14092764 606 1000
14102039 607 1000
14108663 608 1000
14120117 609 1000
14127628 610 1000
14137150 611 1000
14145183 612 1000
14152991 613 1000
14160054 614 1000
14166510 615 1000
14175001 616 1000
14185800 617 1000
14193645 618 1000
14200952 619 1000
14209802 620 1000
14220950 621 1000
14230093 622 1000
14237208 623 1000
14244291 624 1000
14254644 625 1000
14263321 626 1000
14270724 627 1000
14277816 628 1000
14286904 629 1000
14294630 630 1000
14305255 631 1000
14311584 632 1000
14319708 633 1000
14324738 634 1000
14332263 635 1000
14344721 636 1000
14352768 637 1000
14360460 638 1000
14367336 639 1000
14375877 640 1000
14382586 641 1000
14390131 642 1000
14396003 643 1000
14403377 644 1000
14410544 645 1000
14417802 646 1000
14425428 647 1000
14432345 648 1000
14443686 649 1000
14448664 650 1000
14457680 651 1000
14464138 652 1000
14470550 653 1000
14479844 654 1000
14486712 655 1000
14493188 656 1000
14499920 657 1000
14507375 658 1000
14512020 659 1000
14520175 660 1000
14529691 661 1000
14538903 662 1000
14546210 663 1000
14553193 664 1000
14558976 665 1000
14565218 666 1000
14570935 667 1000
14578339 668 1000
14584431 669 1000
14592397 670 1000
14603384 671 1000
14612050 672 1000
14618088 673 1000
14630706 674 1000
14637363 675 1000
14643414 676 1000
14652069 677 1000
14660188 678 1000
14665648 679 1000
14674422 680 1000
14680665 681 1000
14687695 682 1000
14697413 683 1000
14706652 684 1000
14712432 685 1000
14720905 686 1000
14728538 687 1000
14736778 688 1000
14742610 689 1000
14750397 690 1000
14756883 691 1000
14764076 692 1000
14771431 693 1000
14777230 694 1000
14782650 695 1000
14786844 696 1000
14792972 697 1000
14803396 698 1000
14815516 699 1000
14820136 700 1000
14825816 701 1000
14835838 702 1000
14842936 703 1000
14849625 704 1000
14856978 705 1000
14863315 706 1000
14870775 707 1000
14877915 708 1000
14887679 709 1000
14898146 710 1000
14905315 711 1000
14910131 712 1000
14918913 713 1000
14927200 714 1000
14935207 715 1000
14941955 716 1000
14947415 717 1000
14954196 718 1000
14959126 719 1000
14963770 720 1000
14971742 721 1000
14978722 722 1000
14984064 723 1000
14990098 724 1000
14995398 725 1000
15000815 726 1000
15007947 727 1000
15014577 728 1000
15019581 729 1000
15024812 730 1000
15030393 731 1000
15037749 732 1000
15043698 733 1000
15049766 734 1000
15056267 735 1000
15063495 736 1000
15071279 737 1000
15079101 738 1000
15084338 739 1000
15088698 740 1000
15092646 741 1000
15098432 742 1000
15105063 743 1000
15110606 744 1000
15115583 745 1000
15122424 746 1000
15128936 747 1000
15134599 748 1000
15139202 749 1000
15143680 750 1000
15148644 751 1000
15155014 752 1000
15158742 753 1000
15164103 754 1000
15169059 755 1000
15178454 756 1000
15184161 757 1000
15189271 758 1000
15193805 759 1000
15199090 760 1000
15203232 761 1000
15211885 762 1000
15219664 763 1000
15226677 764 1000
15234142 765 1000
15241644 766 1000
15248838 767 1000
15254218 768 1000
15260991 769 1000
15269489 770 1000
15278949 771 1000
15286512 772 1000
15292351 773 1000
15296779 774 1000
15305593 775 1000
15315780 776 1000
15322711 777 1000
15330691 778 1000
15341939 779 1000
15348495 780 1000
15359516 781 1000
15367690 782 1000
15374254 783 1000
15383750 784 1000
15394167 785 1000
15402281 786 1000
15411550 787 1000
15419663 788 1000
15430299 789 1000
15437788 790 1000
15450682 791 1000
15460009 792 1000
15469695 793 1000
15483499 794 1000
15498048 795 1000
15505847 796 1000
15514064 797 1000
15522801 798 1000
15532144 799 1000
15543030 800 1000
15555875 801 1000
15566825 802 1000
15577175 803 1000
15586942 804 1000
15599055 805 1000
15608499 806 1000
15627217 807 1000
15633674 808 1000
15643891 809 1000
15655894 810 1000
15667522 811 1000
15679558 812 1000
15691725 813 1000
15705809 814 1000
15721483 815 1000
15738272 816 1000
15759210 817 1000
15767980 818 1000
15788095 819 1000
15804367 820 1000
15828377 821 1000
15849553 822 1000
15872930 823 1000
15895565 824 1000
15918193 825 1000
15936205 826 1000
15961560 827 1000
15977659 828 1000
16009202 829 1000
16049015 830 1000
16083205 831 1000
16122521 832 1000
16162170 833 1000
16197322 834 1000
16245188 835 1000
16303019 836 1000
16397651 837 1000
16483024 838 1000
16548556 839 1000
16615279 840 1000
16693859 841 1000
16778711 842 1000
16869618 843 1000
16984389 844 1000
17165555 845 1000
17243905 846 1000
17332913 847 1000
17422511 848 1000
17509178 849 1000
17562911 850 1000
17609390 851 1000
17673706 852 1000
17725107 853 1000
17759442 854 1000
17804334 855 1000
17840383 856 1000
17875455 857 1000
17920821 858 1000
17951460 859 1000
17980567 860 1000
18013361 861 1000
18037317 862 1000
18082225 863 1000
18108973 864 1000
18141326 865 1000
18167199 866 1000
18210729 867 1000
18257290 868 1000
18290316 869 1000
18332201 870 1000
18372624 871 1000
18410445 872 1000
18446447 873 1000
18491739 874 1000
18530929 875 1000
18558410 876 1000
18597107 877 1000
18619982 878 1000
18658106 879 1000
18702035 880 1000
18731702 881 1000
18772882 882 1000
18814558 883 1000
18847477 884 1000
18878190 885 1000
18914438 886 1000
18954351 887 1000
18988820 888 1000
19022113 889 1000
19064545 890 1000
19101679 891 1000
19129975 892 1000
19169862 893 1000
19194926 894 1000
19229601 895 1000
19266896 896 1000
19303417 897 1000
19341886 898 1000
19389861 899 1000
19430999 900 1000
19473571 901 1000
19503817 902 1000
19538188 903 1000
19564747 904 1000
19601768 905 1000
19645103 906 1000
19684177 907 1000
19715764 908 1000
19746906 909 1000
19778787 910 1000
19826162 911 1000
19860258 912 1000
19918849 913 1000
19971133 914 1000
20000174 915 1000
20036172 916 1000
20072158 917 1000
20125900 918 1000
20164081 919 1000
20205013 920 1000
20251087 921 1000
20295229 922 1000
20348828 923 1000
20429645 924 1000
20499636 925 1000
20545872 926 1000
20620210 927 1000
20677523 928 1000
20770984 929 1000
20927873 930 1000
21157314 931 1000
21591105 932 1000
21902765 933 1000
22102925 934 1000
22241399 935 1000
22395694 936 1000
22489729 937 1000
22624207 938 1000
22763150 939 1000
22861458 940 1000
22998196 941 1000
23147608 942 1000
23274982 943 1000
23493111 944 1000
23582781 945 1000
23701151 946 1000
23851788 947 1000
24012689 948 1000
24214992 949 1000
24527836 950 1000
24779865 951 1000
25045579 952 1000
25294183 953 1000
25886819 954 1000
26611758 955 1000
27664620 956 1000
28965899 957 1000
30463713 958 1000
30893869 959 1000
31573531 960 1000
33323332 961 1000
35264823 962 1000
38155758 963 1000
39085839 964 1000
41271971 965 1000
42850697 966 1000
45609237 967 1000
47520795 968 1000
49558764 969 1000
55112252 970 1000
59931376 971 1000
65103117 972 1000
79603453 973 1000
87526452 974 1000
88801013 975 1000
90674098 976 1000
94394080 977 1000
101656792 978 1000
115547596 979 1000
120971543 980 1000
123480661 981 1000
125467662 982 1000
127778691 983 1000
131432853 984 1000
133976015 985 1000
139975379 986 1000
142316873 987 1000
151557697 988 1000
153764595 989 1000
157811722 990 1000
165374926 991 1000
167235848 992 1000
169178179 993 1000
172999594 994 1000
175463171 995 1000
201100076 996 1000
205979622 997 1000
207599405 998 1000
208939922 999 1000
