2047479 0 1000
2095237 1 1000
2165536 2 1000
2193537 3 1000
2229424 4 1000
2265240 5 1000
2274885 6 1000
2298948 7 1000
2312192 8 1000
2316843 9 1000
2334253 10 1000
2353603 11 1000
2365729 12 1000
2378099 13 1000
2381895 14 1000
2397490 15 1000
2406426 16 1000
2422060 17 1000
2426045 18 1000
2429137 19 1000
2444188 20 1000
2450013 21 1000
2455658 22 1000
2456575 23 1000
2457438 24 1000
2463635 25 1000
2472288 26 1000
2480611 27 1000
2493698 28 1000
2498287 29 1000
2505985 30 1000
2508655 31 1000
2509635 32 1000
2510192 33 1000
2512937 34 1000
2516131 35 1000
2524695 36 1000
2525179 37 1000
2542549 38 1000
2551097 39 1000
2559354 40 1000
2561818 41 1000
2562191 42 1000
2564098 43 1000
2566029 44 1000
2567967 45 1000
2569480 46 1000
2573827 47 1000
2579284 48 1000
2582029 49 1000
2586717 50 1000
2588364 51 1000
2590707 52 1000
2594789 53 1000
2597216 54 1000
2598560 55 1000
2599614 56 1000
2601862 57 1000
2605521 58 1000
2606560 59 1000
2607826 60 1000
2611334 61 1000
2612698 62 1000
2615394 63 1000
2621052 64 1000
2624389 65 1000
2625081 66 1000
2630290 67 1000
2632970 68 1000
2634405 69 1000
2638724 70 1000
2640728 71 1000
2642499 72 1000
2644983 73 1000
2652003 74 1000
2653416 75 1000
2656848 76 1000
2658432 77 1000
2662072 78 1000
2664266 79 1000
2665920 80 1000
2666293 81 1000
2669450 82 1000
2672798 83 1000
2675921 84 1000
2676214 85 1000
2677834 86 1000
2680744 87 1000
2681676 88 1000
2685645 89 1000
2687579 90 1000
2689517 91 1000
2690731 92 1000
2692340 93 1000
2692797 94 1000
2693724 95 1000
2694849 96 1000
2698543 97 1000
2700546 98 1000
2700732 99 1000
2701954 100 1000
2703826 101 1000
2705565 102 1000
2706631 103 1000
2708899 104 1000
2711481 105 1000
2712672 106 1000
2715799 107 1000
2717005 108 1000
2717258 109 1000
2719672 110 1000
2721029 111 1000
2724017 112 1000
2725754 113 1000
2728966 114 1000
2733362 115 1000
2733449 116 1000
2734875 117 1000
2735830 118 1000
2738110 119 1000
2739486 120 1000
2742513 121 1000
2749086 122 1000
2750869 123 1000
2751980 124 1000
2752463 125 1000
2752714 126 1000
2755773 127 1000
2756931 128 1000
2759160 129 1000
2762211 130 1000
2764816 131 1000
2766127 132 1000
2766881 133 1000
2767745 134 1000
2768338 135 1000
2769116 136 1000
2773311 137 1000
2777344 138 1000
2778382 139 1000
2779548 140 1000
2780748 141 1000
2785831 142 1000
2789891 143 1000
2794422 144 1000
2795259 145 1000
2797433 146 1000
2799507 147 1000
2801602 148 1000
2802895 149 1000
2803834 150 1000
2804176 151 1000
2804409 152 1000
2805316 153 1000
2805462 154 1000
2808084 155 1000
2810337 156 1000
2811370 157 1000
2812334 158 1000
2813135 159 1000
2816874 160 1000
2817724 161 1000
2819175 162 1000
2819708 163 1000
2819809 164 1000
2820203 165 1000
2821313 166 1000
2821638 167 1000
2822632 168 1000
2822910 169 1000
2823042 170 1000
2828657 171 1000
2831963 172 1000
2833245 173 1000
2833827 174 1000
2834127 175 1000
2835234 176 1000
2836046 177 1000
2840981 178 1000
2842335 179 1000
2843806 180 1000
2845411 181 1000
2846237 182 1000
2847331 183 1000
2848241 184 1000
2848872 185 1000
2849939 186 1000
2853467 187 1000
2854297 188 1000
2854543 189 1000
2856635 190 1000
2858382 191 1000
2858519 192 1000
2860200 193 1000
2862317 194 1000
2863399 195 1000
2864599 196 1000
2865574 197 1000
2866263 198 1000
2867601 199 1000
2869050 200 1000
2869495 201 1000
2870244 202 1000
2871659 203 1000
2873350 204 1000
2873650 205 1000
2874500 206 1000
2874712 207 1000
2875913 208 1000
2877082 209 1000
2878478 210 1000
2879385 211 1000
2880333 212 1000
2880932 213 1000
2881200 214 1000
2882543 215 1000
2884282 216 1000
2884792 217 1000
2885203 218 1000
2885935 219 1000
2886406 220 1000
2886517 221 1000
2887137 222 1000
2889073 223 1000
2889548 224 1000
2889966 225 1000
2890462 226 1000
2891131 227 1000
2891597 228 1000
2892187 229 1000
2892791 230 1000
2892926 231 1000
2893139 232 1000
2893895 233 1000
2894472 234 1000
2894717 235 1000
2895262 236 1000
2895555 237 1000
2896173 238 1000
2897012 239 1000
2897979 240 1000
2898351 241 1000
2899397 242 1000
2899433 243 1000
2899925 244 1000
2900744 245 1000
2901402 246 1000
2901845 247 1000
2903116 248 1000
2903545 249 1000
2904103 250 1000
2904690 251 1000
2905515 252 1000
2905685 253 1000
2906388 254 1000
2906589 255 1000
2906760 256 1000
2907203 257 1000
2907501 258 1000
2907862 259 1000
2908058 260 1000
2908121 261 1000
2908468 262 1000
2910584 263 1000
2912059 264 1000
2913335 265 1000
2914094 266 1000
2914472 267 1000
2914784 268 1000
2915489 269 1000
2916173 270 1000
2917085 271 1000
2917423 272 1000
2918083 273 1000
2918600 274 1000
2918788 275 1000
2919744 276 1000
2920635 277 1000
2921016 278 1000
2921253 279 1000
2922017 280 1000
2923506 281 1000
2923895 282 1000
2925073 283 1000
2925928 284 1000
2927387 285 1000
2927637 286 1000
2927738 287 1000
2929298 288 1000
2929888 289 1000
2930657 290 1000
2931668 291 1000
2932137 292 1000
2932562 293 1000
2933969 294 1000
2934629 295 1000
2935076 296 1000
2936812 297 1000
2937938 298 1000
2938850 299 1000
2939809 300 1000
2940194 301 1000
2941149 302 1000
2941822 303 1000
2942558 304 1000
2943632 305 1000
2944482 306 1000
2945249 307 1000
2946722 308 1000
2947683 309 1000
2948434 310 1000
2948741 311 1000
2949140 312 1000
2949440 313 1000
2950195 314 1000
2950383 315 1000
2950936 316 1000
2951472 317 1000
2952184 318 1000
2952320 319 1000
2953661 320 1000
2955102 321 1000
2955523 322 1000
2956104 323 1000
2956668 324 1000
2956874 325 1000
2957266 326 1000
2958070 327 1000
2958264 328 1000
2958981 329 1000
2959103 330 1000
2959588 331 1000
2960070 332 1000
2960697 333 1000
2961981 334 1000
2962372 335 1000
2963146 336 1000
2963319 337 1000
2963543 338 1000
2963716 339 1000
2964168 340 1000
2964532 341 1000
2965665 342 1000
2965771 343 1000
2966481 344 1000
2967380 345 1000
2968315 346 1000
2968741 347 1000
2969218 348 1000
2969542 349 1000
2971251 350 1000
2971761 351 1000
2972417 352 1000
2973666 353 1000
2973921 354 1000
2974147 355 1000
2974322 356 1000
2974757 357 1000
2975087 358 1000
2975364 359 1000
2975514 360 1000
2975950 361 1000
2976569 362 1000
2977014 363 1000
2977712 364 1000
2978398 365 1000
2978798 366 1000
2979452 367 1000
2979665 368 1000
2980343 369 1000
2980578 370 1000
2981559 371 1000
2981943 372 1000
2982977 373 1000
2984466 374 1000
2985396 375 1000
2985606 376 1000
2986856 377 1000
2987501 378 1000
2987604 379 1000
2989020 380 1000
2990063 381 1000
2990099 382 1000
2991426 383 1000
2992114 384 1000
2992836 385 1000
2993416 386 1000
2994019 387 1000
2995366 388 1000
2995773 389 1000
2996667 390 1000
2997026 391 1000
2997239 392 1000
2998176 393 1000
2999118 394 1000
2999284 395 1000
2999611 396 1000
3000935 397 1000
3001395 398 1000
3002604 399 1000
3002681 400 1000
3003763 401 1000
3004560 402 1000
3005127 403 1000
3006462 404 1000
3006837 405 1000
3008677 406 1000
3009535 407 1000
3009906 408 1000
3010295 409 1000
3011560 410 1000
3011914 411 1000
3012990 412 1000
3014155 413 1000
3014665 414 1000
3015885 415 1000
3016112 416 1000
3016949 417 1000
3017396 418 1000
3017782 419 1000
3021155 420 1000
3021616 421 1000
3021874 422 1000
3022216 423 1000
3022809 424 1000
3024114 425 1000
3024239 426 1000
3025779 427 1000
3025973 428 1000
3027149 429 1000
3027577 430 1000
3028394 431 1000
3029519 432 1000
3029869 433 1000
3030740 434 1000
3031429 435 1000
3031583 436 1000
3032643 437 1000
3033420 438 1000
3035528 439 1000
3037075 440 1000
3038134 441 1000
3038698 442 1000
3039871 443 1000
3042101 444 1000
3043031 445 1000
3043994 446 1000
3044185 447 1000
3044766 448 1000
3045146 449 1000
3045945 450 1000
3047137 451 1000
3048608 452 1000
3049325 453 1000
3049830 454 1000
3051239 455 1000
3051366 456 1000
3053018 457 1000
3053684 458 1000
3054120 459 1000
3054631 460 1000
3054828 461 1000
3055428 462 1000
3056351 463 1000
3056868 464 1000
3057577 465 1000
3058170 466 1000
3060393 467 1000
3061167 468 1000
3061482 469 1000
3061670 470 1000
3064578 471 1000
3066719 472 1000
3067082 473 1000
3068154 474 1000
3068550 475 1000
3069762 476 1000
3070019 477 1000
3070787 478 1000
3071383 479 1000
3073366 480 1000
3074346 481 1000
3074468 482 1000
3075340 483 1000
3075913 484 1000
3076551 485 1000
3077419 486 1000
3077677 487 1000
3078706 488 1000
3079171 489 1000
3079628 490 1000
3080408 491 1000
3081918 492 1000
3082831 493 1000
3084033 494 1000
3084351 495 1000
3084668 496 1000
3085699 497 1000
3087500 498 1000
3088607 499 1000
3090172 500 1000
3091179 501 1000
3091644 502 1000
3092622 503 1000
3094151 504 1000
3095670 505 1000
3096589 506 1000
3098407 507 1000
3098864 508 1000
3099142 509 1000
3099506 510 1000
3101110 511 1000
3101420 512 1000
3101635 513 1000
3102683 514 1000
3103768 515 1000
3105075 516 1000
3105725 517 1000
3107963 518 1000
3109028 519 1000
3109776 520 1000
3109844 521 1000
3110626 522 1000
3111634 523 1000
3112316 524 1000
3112806 525 1000
3113252 526 1000
3115228 527 1000
3117399 528 1000
3117687 529 1000
3118910 530 1000
3119321 531 1000
3120737 532 1000
3122071 533 1000
3125303 534 1000
3126879 535 1000
3128579 536 1000
3130691 537 1000
3132155 538 1000
3133263 539 1000
3133912 540 1000
3135824 541 1000
3136542 542 1000
3139522 543 1000
3140095 544 1000
3140719 545 1000
3141161 546 1000
3142082 547 1000
3144362 548 1000
3145842 549 1000
3146026 550 1000
3146954 551 1000
3147298 552 1000
3149775 553 1000
3150354 554 1000
3150999 555 1000
3151109 556 1000
3152701 557 1000
3153109 558 1000
3154037 559 1000
3154282 560 1000
3154833 561 1000
3156150 562 1000
3158822 563 1000
3161297 564 1000
3162275 565 1000
3163813 566 1000
3164627 567 1000
3170933 568 1000
3171984 569 1000
3173612 570 1000
3175147 571 1000
3176192 572 1000
3176462 573 1000
3176556 574 1000
3177064 575 1000
3177705 576 1000
3178294 577 1000
3178645 578 1000
3179871 579 1000
3181007 580 1000
3182566 581 1000
3183846 582 1000
3184486 583 1000
3186276 584 1000
3187196 585 1000
3188177 586 1000
3189515 587 1000
3190024 588 1000
3191862 589 1000
3192355 590 1000
3192883 591 1000
3193601 592 1000
3193862 593 1000
3194354 594 1000
3196201 595 1000
3197074 596 1000
3198910 597 1000
3199290 598 1000
3200071 599 1000
3200871 600 1000
3201649 601 1000
3203618 602 1000
3204113 603 1000
3205375 604 1000
3207161 605 1000
3210217 606 1000
3211029 607 1000
3212909 608 1000
3213822 609 1000
3214723 610 1000
3217001 611 1000
3217377 612 1000
3220927 613 1000
3221335 614 1000
3223820 615 1000
3224030 616 1000
3227275 617 1000
3228492 618 1000
3230906 619 1000
3233731 620 1000
3235441 621 1000
3235866 622 1000
3236548 623 1000
3237175 624 1000
3238107 625 1000
3243736 626 1000
3244425 627 1000
3246808 628 1000
3248643 629 1000
3249640 630 1000
3252000 631 1000
3252659 632 1000
3256568 633 1000
3256633 634 1000
3256813 635 1000
3257218 636 1000
3257711 637 1000
3259828 638 1000
3260655 639 1000
3261297 640 1000
3262399 641 1000
3263158 642 1000
3263735 643 1000
3264923 644 1000
3265294 645 1000
3265980 646 1000
3267072 647 1000
3269515 648 1000
3270862 649 1000
3273030 650 1000
3273506 651 1000
3274816 652 1000
3276273 653 1000
3278275 654 1000
3279292 655 1000
3280212 656 1000
3281825 657 1000
3282708 658 1000
3284630 659 1000
3286173 660 1000
3287051 661 1000
3288415 662 1000
3288660 663 1000
3289829 664 1000
3290243 665 1000
3290964 666 1000
3292033 667 1000
3294721 668 1000
3296460 669 1000
3297859 670 1000
3299168 671 1000
3300608 672 1000
3301855 673 1000
3304286 674 1000
3305797 675 1000
3305842 676 1000
3308940 677 1000
3310075 678 1000
3311627 679 1000
3314311 680 1000
3314510 681 1000
3315941 682 1000
3317465 683 1000
3318622 684 1000
3319015 685 1000
3320055 686 1000
3321074 687 1000
3321291 688 1000
3321779 689 1000
3322553 690 1000
3325321 691 1000
3327945 692 1000
3329926 693 1000
3330059 694 1000
3330595 695 1000
3331621 696 1000
3331931 697 1000
3334671 698 1000
3335314 699 1000
3336176 700 1000
3340608 701 1000
3342914 702 1000
3344702 703 1000
3345697 704 1000
3347216 705 1000
3348245 706 1000
3351127 707 1000
3352092 708 1000
3352724 709 1000
3358849 710 1000
3360473 711 1000
3362365 712 1000
3362848 713 1000
3365469 714 1000
3367186 715 1000
3368431 716 1000
3372388 717 1000
3372845 718 1000
3374723 719 1000
3376277 720 1000
3380338 721 1000
3382572 722 1000
3382994 723 1000
3383745 724 1000
3387945 725 1000
3388917 726 1000
3389340 727 1000
3391622 728 1000
3393870 729 1000
3395727 730 1000
3398009 731 1000
3398783 732 1000
3400017 733 1000
3400836 734 1000
3402282 735 1000
3403651 736 1000
3405692 737 1000
3407121 738 1000
3408009 739 1000
3410240 740 1000
3411975 741 1000
3413751 742 1000
3414906 743 1000
3415660 744 1000
3416056 745 1000
3418589 746 1000
3418770 747 1000
3419131 748 1000
3424528 749 1000
3428269 750 1000
3431199 751 1000
3433589 752 1000
3438413 753 1000
3439097 754 1000
3439799 755 1000
3441318 756 1000
3444164 757 1000
3444295 758 1000
3446279 759 1000
3447176 760 1000
3448504 761 1000
3450123 762 1000
3453181 763 1000
3455916 764 1000
3457425 765 1000
3458732 766 1000
3459444 767 1000
3459872 768 1000
3461368 769 1000
3462359 770 1000
3462647 771 1000
3463899 772 1000
3465617 773 1000
3466018 774 1000
3466386 775 1000
3466804 776 1000
3467680 777 1000
3468275 778 1000
3479205 779 1000
3479883 780 1000
3483087 781 1000
3484027 782 1000
3485796 783 1000
3486294 784 1000
3489906 785 1000
3492487 786 1000
3494285 787 1000
3499398 788 1000
3500905 789 1000
3502304 790 1000
3502872 791 1000
3506097 792 1000
3507719 793 1000
3508929 794 1000
3510348 795 1000
3512328 796 1000
3516561 797 1000
3520090 798 1000
3524803 799 1000
3526308 800 1000
3527039 801 1000
3529239 802 1000
3535384 803 1000
3537684 804 1000
3539961 805 1000
3541100 806 1000
3546014 807 1000
3547431 808 1000
3553933 809 1000
3558712 810 1000
3560411 811 1000
3561721 812 1000
3564647 813 1000
3568254 814 1000
3569201 815 1000
3570327 816 1000
3571471 817 1000
3573761 818 1000
3574000 819 1000
3580330 820 1000
3582202 821 1000
3584134 822 1000
3586967 823 1000
3590673 824 1000
3591407 825 1000
3592972 826 1000
3596207 827 1000
3600872 828 1000
3601999 829 1000
3606896 830 1000
3609579 831 1000
3613395 832 1000
3614673 833 1000
3615108 834 1000
3625988 835 1000
3629480 836 1000
3638803 837 1000
3646426 838 1000
3658341 839 1000
3662581 840 1000
3668908 841 1000
3671592 842 1000
3672564 843 1000
3674157 844 1000
3684334 845 1000
3687967 846 1000
3699025 847 1000
3706444 848 1000
3708134 849 1000
3709712 850 1000
3714198 851 1000
3715401 852 1000
3719118 853 1000
3737409 854 1000
3741848 855 1000
3747806 856 1000
3752017 857 1000
3754432 858 1000
3761021 859 1000
3767062 860 1000
3769129 861 1000
3770928 862 1000
3771863 863 1000
3779770 864 1000
3781822 865 1000
3784575 866 1000
3790051 867 1000
3797169 868 1000
3801366 869 1000
3801967 870 1000
3821042 871 1000
3828487 872 1000
3853943 873 1000
3857609 874 1000
3865880 875 1000
3871356 876 1000
3875607 877 1000
3883897 878 1000
3898982 879 1000
3912796 880 1000
3919210 881 1000
3920722 882 1000
3933517 883 1000
3942571 884 1000
3952661 885 1000
3960763 886 1000
3981438 887 1000
4021358 888 1000
4031877 889 1000
4040816 890 1000
4044729 891 1000
4057255 892 1000
4072248 893 1000
4106546 894 1000
4120030 895 1000
4140849 896 1000
4180549 897 1000
4201669 898 1000
4212802 899 1000
4213928 900 1000
4229150 901 1000
4236983 902 1000
4306837 903 1000
4320540 904 1000
4331194 905 1000
4369468 906 1000
4385583 907 1000
4391860 908 1000
4407682 909 1000
4447812 910 1000
4462782 911 1000
4484930 912 1000
4496473 913 1000
4549626 914 1000
4563144 915 1000
4579334 916 1000
4595568 917 1000
4604088 918 1000
4640782 919 1000
4695791 920 1000
4732055 921 1000
4767136 922 1000
4774614 923 1000
4811994 924 1000
4887128 925 1000
4942119 926 1000
4957898 927 1000
4966099 928 1000
5090843 929 1000
5128852 930 1000
5241327 931 1000
5253948 932 1000
5379419 933 1000
5384137 934 1000
5493544 935 1000
5507734 936 1000
5628773 937 1000
5677548 938 1000
5717281 939 1000
5748584 940 1000
5777705 941 1000
5955036 942 1000
6218208 943 1000
6701207 944 1000
6860167 945 1000
7125582 946 1000
7263899 947 1000
7717120 948 1000
8322716 949 1000
8446806 950 1000
8662158 951 1000
9812306 952 1000
11653235 953 1000
12112325 954 1000
13770396 955 1000
14088819 956 1000
14630692 957 1000
18683848 958 1000
19880567 959 1000
20149074 960 1000
22099864 961 1000
22455582 962 1000
22542028 963 1000
22930190 964 1000
23382740 965 1000
24406700 966 1000
27763008 967 1000
29895834 968 1000
32216062 969 1000
35376844 970 1000
41496759 971 1000
45766037 972 1000
46069860 973 1000
46394799 974 1000
46500272 975 1000
79082349 976 1000
84692181 977 1000
84752443 978 1000
85410179 979 1000
85464368 980 1000
85944818 981 1000
86073480 982 1000
86356075 983 1000
98212955 984 1000
116102503 985 1000
126128907 986 1000
126421027 987 1000
128291688 988 1000
129114586 989 1000
146791756 990 1000
147603952 991 1000
152052359 992 1000
152582513 993 1000
153739177 994 1000
153857167 995 1000
161572276 996 1000
162105050 997 1000
187629563 998 1000
190506214 999 1000
