1171524 0 1000
1172504 1 1000
1192967 2 1000
1201529 3 1000
1203751 4 1000
1213660 5 1000
1218737 6 1000
1219781 7 1000
1221591 8 1000
1223496 9 1000
1231169 10 1000
1233393 11 1000
1236380 12 1000
1237146 13 1000
1238547 14 1000
1239384 15 1000
1244710 16 1000
1253753 17 1000
1254400 18 1000
1257244 19 1000
1258171 20 1000
1258714 21 1000
1264679 22 1000
1269189 23 1000
1270537 24 1000
1273977 25 1000
1275462 26 1000
1276759 27 1000
1277579 28 1000
1277654 29 1000
1278244 30 1000
1279279 31 1000
1280034 32 1000
1282668 33 1000
1285282 34 1000
1286631 35 1000
1291659 36 1000
1292600 37 1000
1293440 38 1000
1296976 39 1000
1297750 40 1000
1298423 41 1000
1300844 42 1000
1301273 43 1000
1301486 44 1000
1303069 45 1000
1306381 46 1000
1306407 47 1000
1307775 48 1000
1308169 49 1000
1314963 50 1000
1322039 51 1000
1322510 52 1000
1324041 53 1000
1329172 54 1000
1333578 55 1000
1334350 56 1000
1340235 57 1000
1342964 58 1000
1347622 59 1000
1347694 60 1000
1348527 61 1000
1351259 62 1000
1355555 63 1000
1355579 64 1000
1356000 65 1000
1356213 66 1000
1358231 67 1000
1358742 68 1000
1358767 69 1000
1359079 70 1000
1359909 71 1000
1361025 72 1000
1361861 73 1000
1362067 74 1000
1363127 75 1000
1363427 76 1000
1363762 77 1000
1366573 78 1000
1366693 79 1000
1367649 80 1000
1367939 81 1000
1368296 82 1000
1371504 83 1000
1371965 84 1000
1381868 85 1000
1383250 86 1000
1383784 87 1000
1384298 88 1000
1385508 89 1000
1385736 90 1000
1387717 91 1000
1390262 92 1000
1390733 93 1000
1392198 94 1000
1395512 95 1000
1396453 96 1000
1396803 97 1000
1397367 98 1000
1399217 99 1000
1399297 100 1000
1402471 101 1000
1407505 102 1000
1415098 103 1000
1416951 104 1000
1421005 105 1000
1423050 106 1000
1424520 107 1000
1426444 108 1000
1427392 109 1000
1427491 110 1000
1430449 111 1000
1438301 112 1000
1438489 113 1000
1439788 114 1000
1445059 115 1000
1452353 116 1000
1453116 117 1000
1456415 118 1000
1457185 119 1000
1458739 120 1000
1458811 121 1000
1459714 122 1000
1464226 123 1000
1465007 124 1000
1466412 125 1000
1467205 126 1000
1467226 127 1000
1476125 128 1000
1476613 129 1000
1476777 130 1000
1477249 131 1000
1478891 132 1000
1479117 133 1000
1479432 134 1000
1480379 135 1000
1480663 136 1000
1481796 137 1000
1485375 138 1000
1486508 139 1000
1488388 140 1000
1492772 141 1000
1498607 142 1000
1498999 143 1000
1504058 144 1000
1505878 145 1000
1506187 146 1000
1509256 147 1000
1509632 148 1000
1510392 149 1000
1510507 150 1000
1512140 151 1000
1519188 152 1000
1520040 153 1000
1520803 154 1000
1521989 155 1000
1522995 156 1000
1525753 157 1000
1531410 158 1000
1539463 159 1000
1545659 160 1000
1546831 161 1000
1547523 162 1000
1549417 163 1000
1551334 164 1000
1551468 165 1000
1552328 166 1000
1554126 167 1000
1554274 168 1000
1554331 169 1000
1557018 170 1000
1558188 171 1000
1558643 172 1000
1559456 173 1000
1561328 174 1000
1564790 175 1000
1565996 176 1000
1567109 177 1000
1567326 178 1000
1571822 179 1000
1571924 180 1000
1574765 181 1000
1574783 182 1000
1576228 183 1000
1577166 184 1000
1578092 185 1000
1581339 186 1000
1581958 187 1000
1582050 188 1000
1584471 189 1000
1585159 190 1000
1587514 191 1000
1588078 192 1000
1591342 193 1000
1592084 194 1000
1592551 195 1000
1594482 196 1000
1596986 197 1000
1600171 198 1000
1605390 199 1000
1605561 200 1000
1606399 201 1000
1610841 202 1000
1613379 203 1000
1613478 204 1000
1614934 205 1000
1615313 206 1000
1615755 207 1000
1618776 208 1000
1620366 209 1000
1622148 210 1000
1622999 211 1000
1624019 212 1000
1624359 213 1000
1626619 214 1000
1628831 215 1000
1629208 216 1000
1631356 217 1000
1632616 218 1000
1633154 219 1000
1634144 220 1000
1636418 221 1000
1637365 222 1000
1637579 223 1000
1639918 224 1000
1640173 225 1000
1641490 226 1000
1641731 227 1000
1644405 228 1000
1644729 229 1000
1644916 230 1000
1646627 231 1000
1647833 232 1000
1647852 233 1000
1647918 234 1000
1650194 235 1000
1651157 236 1000
1652345 237 1000
1662279 238 1000
1662315 239 1000
1664605 240 1000
1666944 241 1000
1668793 242 1000
1672405 243 1000
1673653 244 1000
1673686 245 1000
1674149 246 1000
1674408 247 1000
1675708 248 1000
1676890 249 1000
1677866 250 1000
1678354 251 1000
1680201 252 1000
1682091 253 1000
1682180 254 1000
1682386 255 1000
1684509 256 1000
1685092 257 1000
1695672 258 1000
1696057 259 1000
1697903 260 1000
1701091 261 1000
1703557 262 1000
1710104 263 1000
1710976 264 1000
1711623 265 1000
1713081 266 1000
1713824 267 1000
1713941 268 1000
1713957 269 1000
1718597 270 1000
1720143 271 1000
1723668 272 1000
1724060 273 1000
1725228 274 1000
1725889 275 1000
1725994 276 1000
1726439 277 1000
1727004 278 1000
1729185 279 1000
1731082 280 1000
1733435 281 1000
1734151 282 1000
1735421 283 1000
1736091 284 1000
1737994 285 1000
1738604 286 1000
1740296 287 1000
1741388 288 1000
1741780 289 1000
1742794 290 1000
1742886 291 1000
1744129 292 1000
1745510 293 1000
1750866 294 1000
1754668 295 1000
1754848 296 1000
1755748 297 1000
1755848 298 1000
1756233 299 1000
1756632 300 1000
1758389 301 1000
1759315 302 1000
1760085 303 1000
1760801 304 1000
1764112 305 1000
1764783 306 1000
1768015 307 1000
1769994 308 1000
1772470 309 1000
1772587 310 1000
1774308 311 1000
1775003 312 1000
1777542 313 1000
1777786 314 1000
1778370 315 1000
1779561 316 1000
1780339 317 1000
1780437 318 1000
1782997 319 1000
1784994 320 1000
1786608 321 1000
1790744 322 1000
1791184 323 1000
1792665 324 1000
1793192 325 1000
1793723 326 1000
1797820 327 1000
1798030 328 1000
1798056 329 1000
1799561 330 1000
1800247 331 1000
1805387 332 1000
1806316 333 1000
1807257 334 1000
1811270 335 1000
1812176 336 1000
1813569 337 1000
1813921 338 1000
1814104 339 1000
1815347 340 1000
1821210 341 1000
1821604 342 1000
1822792 343 1000
1825477 344 1000
1829216 345 1000
1829824 346 1000
1830548 347 1000
1831409 348 1000
1836701 349 1000
1837426 350 1000
1838069 351 1000
1839191 352 1000
1840726 353 1000
1841212 354 1000
1843759 355 1000
1844177 356 1000
1844210 357 1000
1846164 358 1000
1849217 359 1000
1851722 360 1000
1852690 361 1000
1855045 362 1000
1856661 363 1000
1859973 364 1000
1860156 365 1000
1860941 366 1000
1861456 367 1000
1863137 368 1000
1865991 369 1000
1866628 370 1000
1866908 371 1000
1867691 372 1000
1869486 373 1000
1870185 374 1000
1873519 375 1000
1873645 376 1000
1875214 377 1000
1878001 378 1000
1878493 379 1000
1878778 380 1000
1879906 381 1000
1880877 382 1000
1881917 383 1000
1885140 384 1000
1886793 385 1000
1889904 386 1000
1890341 387 1000
1891263 388 1000
1891686 389 1000
1892361 390 1000
1892476 391 1000
1892900 392 1000
1893750 393 1000
1893944 394 1000
1898011 395 1000
1898933 396 1000
1899805 397 1000
1899874 398 1000
1902103 399 1000
1902111 400 1000
1903780 401 1000
1905648 402 1000
1907070 403 1000
1907073 404 1000
1907113 405 1000
1910049 406 1000
1910251 407 1000
1911374 408 1000
1912020 409 1000
1912643 410 1000
1913323 411 1000
1913332 412 1000
1914348 413 1000
1914625 414 1000
1916979 415 1000
1917009 416 1000
1918190 417 1000
1920036 418 1000
1922139 419 1000
1923360 420 1000
1923628 421 1000
1927471 422 1000
1928046 423 1000
1929893 424 1000
1931618 425 1000
1932851 426 1000
1935180 427 1000
1937431 428 1000
1940331 429 1000
1941741 430 1000
1941980 431 1000
1942014 432 1000
1942201 433 1000
1942477 434 1000
1943512 435 1000
1943889 436 1000
1945903 437 1000
1946448 438 1000
1946581 439 1000
1947929 440 1000
1948444 441 1000
1949647 442 1000
1950169 443 1000
1950215 444 1000
1951057 445 1000
1952011 446 1000
1952146 447 1000
1952873 448 1000
1953382 449 1000
1953550 450 1000
1954950 451 1000
1955412 452 1000
1955557 453 1000
1955633 454 1000
1956278 455 1000
1956630 456 1000
1958347 457 1000
1959255 458 1000
1962274 459 1000
1963380 460 1000
1963838 461 1000
1965053 462 1000
1965264 463 1000
1967482 464 1000
1968647 465 1000
1969350 466 1000
1970033 467 1000
1971058 468 1000
1971152 469 1000
1971263 470 1000
1974565 471 1000
1974749 472 1000
1974964 473 1000
1975218 474 1000
1977696 475 1000
1977810 476 1000
1978141 477 1000
1978232 478 1000
1981124 479 1000
1981734 480 1000
1982393 481 1000
1983798 482 1000
1985768 483 1000
1986910 484 1000
1987244 485 1000
1987430 486 1000
1989875 487 1000
1991094 488 1000
1991914 489 1000
1992188 490 1000
1992595 491 1000
1992654 492 1000
1994822 493 1000
1995219 494 1000
1995394 495 1000
1997276 496 1000
1997829 497 1000
1998858 498 1000
2001748 499 1000
2002235 500 1000
2002293 501 1000
2003774 502 1000
2004721 503 1000
2007665 504 1000
2008090 505 1000
2008910 506 1000
2011888 507 1000
2012663 508 1000
2012989 509 1000
2013446 510 1000
2020621 511 1000
2020792 512 1000
2021016 513 1000
2021599 514 1000
2022637 515 1000
2024194 516 1000
2024998 517 1000
2025704 518 1000
2026405 519 1000
2026587 520 1000
2028528 521 1000
2029045 522 1000
2029238 523 1000
2030022 524 1000
2031273 525 1000
2031331 526 1000
2031445 527 1000
2032321 528 1000
2033363 529 1000
2033399 530 1000
2034377 531 1000
2034548 532 1000
2035604 533 1000
2038560 534 1000
2039988 535 1000
2042241 536 1000
2042615 537 1000
2044325 538 1000
2047227 539 1000
2048175 540 1000
2048486 541 1000
2048510 542 1000
2049178 543 1000
2050926 544 1000
2051898 545 1000
2052727 546 1000
2053226 547 1000
2054085 548 1000
2054342 549 1000
2055868 550 1000
2056946 551 1000
2057597 552 1000
2059118 553 1000
2060110 554 1000
2060519 555 1000
2061146 556 1000
2064498 557 1000
2065442 558 1000
2065474 559 1000
2067806 560 1000
2068323 561 1000
2072789 562 1000
2073011 563 1000
2074650 564 1000
2074841 565 1000
2076091 566 1000
2076556 567 1000
2077588 568 1000
2077935 569 1000
2078450 570 1000
2078718 571 1000
2079438 572 1000
2079715 573 1000
2081344 574 1000
2081871 575 1000
2081992 576 1000
2083097 577 1000
2083915 578 1000
2084526 579 1000
2084839 580 1000
2085314 581 1000
2086634 582 1000
2086989 583 1000
2087130 584 1000
2087916 585 1000
2089247 586 1000
2089609 587 1000
2091611 588 1000
2092360 589 1000
2093638 590 1000
2095685 591 1000
2096055 592 1000
2097348 593 1000
2098576 594 1000
2100627 595 1000
2100684 596 1000
2101830 597 1000
2101846 598 1000
2102513 599 1000
2102773 600 1000
2103244 601 1000
2103304 602 1000
2103433 603 1000
2103716 604 1000
2104272 605 1000
2104785 606 1000
2104994 607 1000
2105177 608 1000
2105196 609 1000
2105249 610 1000
2105415 611 1000
2105613 612 1000
2106933 613 1000
2108166 614 1000
2108786 615 1000
2109699 616 1000
2110849 617 1000
2111098 618 1000
2112771 619 1000
2114257 620 1000
2115693 621 1000
2116157 622 1000
2117266 623 1000
2117964 624 1000
2118935 625 1000
2120050 626 1000
2121211 627 1000
2121353 628 1000
2121756 629 1000
2121895 630 1000
2122426 631 1000
2122916 632 1000
2123846 633 1000
2123865 634 1000
2124255 635 1000
2124971 636 1000
2125185 637 1000
2125611 638 1000
2126029 639 1000
2127308 640 1000
2128739 641 1000
2129410 642 1000
2132028 643 1000
2132315 644 1000
2132752 645 1000
2133219 646 1000
2134347 647 1000
2135649 648 1000
2136470 649 1000
2137553 650 1000
2137731 651 1000
2137749 652 1000
2138181 653 1000
2138682 654 1000
2139319 655 1000
2139661 656 1000
2139706 657 1000
2139778 658 1000
2140291 659 1000
2141812 660 1000
2143547 661 1000
2143571 662 1000
2144283 663 1000
2146043 664 1000
2147834 665 1000
2148882 666 1000
2148966 667 1000
2149793 668 1000
2149945 669 1000
2150824 670 1000
2151877 671 1000
2151907 672 1000
2152296 673 1000
2152846 674 1000
2153202 675 1000
2154893 676 1000
2155326 677 1000
2156454 678 1000
2157392 679 1000
2157580 680 1000
2158954 681 1000
2160838 682 1000
2161022 683 1000
2161374 684 1000
2161545 685 1000
2161988 686 1000
2162574 687 1000
2162767 688 1000
2163046 689 1000
2163900 690 1000
2164126 691 1000
2164372 692 1000
2164742 693 1000
2165624 694 1000
2165663 695 1000
2166057 696 1000
2167092 697 1000
2167475 698 1000
2167998 699 1000
2168714 700 1000
2169752 701 1000
2169958 702 1000
2170785 703 1000
2172757 704 1000
2172797 705 1000
2173325 706 1000
2173511 707 1000
2173581 708 1000
2175256 709 1000
2177261 710 1000
2177501 711 1000
2179051 712 1000
2180292 713 1000
2180590 714 1000
2180833 715 1000
2180917 716 1000
2182027 717 1000
2184900 718 1000
2186406 719 1000
2186622 720 1000
2187551 721 1000
2189000 722 1000
2192629 723 1000
2192682 724 1000
2194330 725 1000
2194591 726 1000
2195146 727 1000
2195303 728 1000
2197150 729 1000
2198812 730 1000
2201260 731 1000
2202772 732 1000
2203525 733 1000
2204655 734 1000
2205780 735 1000
2205908 736 1000
2205981 737 1000
2206256 738 1000
2206373 739 1000
2206811 740 1000
2208458 741 1000
2208837 742 1000
2209721 743 1000
2209936 744 1000
2210493 745 1000
2211518 746 1000
2211768 747 1000
2213400 748 1000
2214570 749 1000
2215529 750 1000
2215744 751 1000
2216330 752 1000
2216689 753 1000
2217138 754 1000
2218397 755 1000
2220492 756 1000
2221060 757 1000
2221888 758 1000
2222245 759 1000
2222679 760 1000
2223418 761 1000
2223743 762 1000
2225004 763 1000
2225163 764 1000
2225215 765 1000
2228026 766 1000
2228168 767 1000
2228533 768 1000
2229646 769 1000
2230213 770 1000
2230452 771 1000
2231936 772 1000
2232901 773 1000
2232913 774 1000
2233727 775 1000
2233799 776 1000
2235404 777 1000
2238329 778 1000
2238782 779 1000
2239686 780 1000
2240636 781 1000
2241537 782 1000
2242229 783 1000
2243066 784 1000
2243071 785 1000
2243596 786 1000
2244349 787 1000
2245601 788 1000
2246746 789 1000
2246762 790 1000
2246832 791 1000
2247322 792 1000
2247458 793 1000
2247540 794 1000
2248203 795 1000
2248440 796 1000
2249388 797 1000
2249481 798 1000
2250639 799 1000
2250928 800 1000
2251414 801 1000
2251996 802 1000
2252343 803 1000
2252846 804 1000
2254293 805 1000
2257022 806 1000
2258254 807 1000
2258312 808 1000
2258807 809 1000
2259310 810 1000
2259726 811 1000
2259876 812 1000
2260072 813 1000
2260095 814 1000
2260144 815 1000
2260745 816 1000
2260964 817 1000
2260984 818 1000
2264411 819 1000
2264796 820 1000
2265563 821 1000
2266371 822 1000
2266975 823 1000
2267037 824 1000
2267128 825 1000
2267610 826 1000
2268192 827 1000
2268378 828 1000
2268700 829 1000
2269055 830 1000
2269125 831 1000
2269323 832 1000
2269888 833 1000
2270672 834 1000
2273426 835 1000
2275025 836 1000
2275278 837 1000
2275989 838 1000
2277623 839 1000
2278053 840 1000
2278201 841 1000
2279953 842 1000
2281161 843 1000
2283188 844 1000
2283701 845 1000
2284126 846 1000
2286577 847 1000
2287173 848 1000
2287748 849 1000
2288373 850 1000
2288399 851 1000
2288549 852 1000
2288732 853 1000
2289401 854 1000
2290876 855 1000
2290976 856 1000
2291747 857 1000
2292950 858 1000
2293700 859 1000
2294101 860 1000
2294162 861 1000
2294810 862 1000
2294900 863 1000
2294989 864 1000
2295849 865 1000
2296496 866 1000
2297872 867 1000
2298091 868 1000
2299211 869 1000
2300005 870 1000
2300676 871 1000
2301255 872 1000
2301401 873 1000
2304398 874 1000
2304548 875 1000
2304837 876 1000
2305380 877 1000
2305430 878 1000
2307422 879 1000
2307476 880 1000
2307812 881 1000
2307952 882 1000
2308083 883 1000
2308166 884 1000
2308639 885 1000
2309280 886 1000
2309465 887 1000
2311523 888 1000
2311883 889 1000
2312828 890 1000
2315428 891 1000
2315777 892 1000
2316729 893 1000
2317142 894 1000
2317573 895 1000
2317639 896 1000
2317820 897 1000
2317856 898 1000
2317868 899 1000
2317869 900 1000
2321248 901 1000
2321588 902 1000
2322167 903 1000
2322167 904 1000
2322346 905 1000
2322691 906 1000
2323023 907 1000
2323040 908 1000
2323632 909 1000
2324035 910 1000
2324851 911 1000
2326983 912 1000
2327438 913 1000
2329199 914 1000
2329226 915 1000
2330229 916 1000
2331427 917 1000
2331845 918 1000
2333710 919 1000
2335371 920 1000
2335757 921 1000
2337513 922 1000
2337580 923 1000
2338038 924 1000
2339061 925 1000
2340459 926 1000
2341002 927 1000
2341220 928 1000
2341521 929 1000
2341871 930 1000
2342759 931 1000
2342807 932 1000
2343010 933 1000
2344331 934 1000
2344464 935 1000
2345350 936 1000
2345444 937 1000
2345465 938 1000
2346904 939 1000
2346920 940 1000
2349402 941 1000
2350081 942 1000
2352403 943 1000
2353191 944 1000
2355492 945 1000
2355797 946 1000
2355961 947 1000
2357247 948 1000
2357393 949 1000
2358958 950 1000
2359605 951 1000
2360886 952 1000
2361182 953 1000
2362488 954 1000
2362613 955 1000
2365027 956 1000
2365452 957 1000
2367967 958 1000
2368035 959 1000
2369103 960 1000
2369297 961 1000
2369978 962 1000
2373249 963 1000
2374386 964 1000
2374443 965 1000
2374555 966 1000
2376991 967 1000
2377773 968 1000
2378094 969 1000
2378736 970 1000
2379063 971 1000
2379141 972 1000
2379881 973 1000
2380147 974 1000
2381763 975 1000
2382135 976 1000
2383384 977 1000
2384508 978 1000
2384539 979 1000
2385769 980 1000
2386309 981 1000
2386483 982 1000
2387209 983 1000
2388351 984 1000
2388430 985 1000
2388460 986 1000
2391019 987 1000
2391672 988 1000
2391859 989 1000
2392733 990 1000
2393097 991 1000
2393736 992 1000
2394536 993 1000
2394985 994 1000
2395194 995 1000
2395527 996 1000
2395847 997 1000
2397473 998 1000
2398993 999 1000
