# load avg(tp, lat, bwr, bww, cpu, tps, brps, bwps), sd(...), ci(...)
1 1 467.792134302 53.8074654277 1147215.79696 911977.997638 1.84103773585 2.57547169811 0.0 22.7169811321 1 0.0 0.0 0.0 0.0 0.0 0.0 0.0 0.0 1 0.0 0.0 0.0 0.0 0.0 0.0 0.0 0.0 
2 2 13791.9166173 11.0018924804 31735221.0833 24774777.7993 11.8482075472 3.01886792453 0.0 25.1320754717 2 0.0 0.0 0.0 0.0 0.0 0.0 0.0 0.0 2 0.0 0.0 0.0 0.0 0.0 0.0 0.0 0.0 
3 3 24194.4566456 14.353937862 56053517.1917 43910472.1391 18.4919811321 2.66037735849 0.0 22.7169811321 3 0.0 0.0 0.0 0.0 0.0 0.0 0.0 0.0 3 0.0 0.0 0.0 0.0 0.0 0.0 0.0 0.0 
4 4 32715.1223813 16.4376065578 74955832.7748 58622594.9843 24.4633018868 2.86716981132 0.0 23.3902830189 4 0.0 0.0 0.0 0.0 0.0 0.0 0.0 0.0 4 0.0 0.0 0.0 0.0 0.0 0.0 0.0 0.0 
5 5 36075.0205989 18.6531029418 83985412.9847 65722084.1569 26.919245283 2.40566037736 0.0 20.9811320755 5 0.0 0.0 0.0 0.0 0.0 0.0 0.0 0.0 5 0.0 0.0 0.0 0.0 0.0 0.0 0.0 0.0 
7 7 38129.8070606 20.9534886165 88272541.4983 69148483.345 29.4498113208 2.59433962264 0.0 22.1132075472 7 0.0 0.0 0.0 0.0 0.0 0.0 0.0 0.0 7 0.0 0.0 0.0 0.0 0.0 0.0 0.0 0.0 
8 8 38930.5329139 19.8275755704 89242676.3889 69762355.7164 30.3902830189 2.48113207547 0.0 22.2641509434 8 0.0 0.0 0.0 0.0 0.0 0.0 0.0 0.0 8 0.0 0.0 0.0 0.0 0.0 0.0 0.0 0.0 
9 9 39302.8244241 20.2247480339 90322191.8054 70610363.9233 30.2108490566 2.40566037736 0.0 21.358490566 9 0.0 0.0 0.0 0.0 0.0 0.0 0.0 0.0 9 0.0 0.0 0.0 0.0 0.0 0.0 0.0 0.0 
16 16 39413.3587522 25.7720097184 91432644.2488 71544336.6136 30.7513824383 2.45254716981 0.0 20.2241509434 16 0.0 0.0 0.0 0.0 0.0 0.0 0.0 0.0 16 0.0 0.0 0.0 0.0 0.0 0.0 0.0 0.0 
32 32 39386.869578 34.8137860432 88674432.4408 69416679.4421 31.3764853896 2.45535714286 0.0 20.5714285714 32 0.0 0.0 0.0 0.0 0.0 0.0 0.0 0.0 32 0.0 0.0 0.0 0.0 0.0 0.0 0.0 0.0 
64 64 39892.5759851 53.66335577 92205035.7279 72262055.8597 30.2279245283 2.48113207547 0.0 21.6603773585 64 0.0 0.0 0.0 0.0 0.0 0.0 0.0 0.0 64 0.0 0.0 0.0 0.0 0.0 0.0 0.0 0.0 
