1783231 0 1000
1784873 1 1000
1793441 2 1000
1793639 3 1000
1847253 4 1000
1848619 5 1000
1852441 6 1000
1855226 7 1000
1922497 8 1000
1967736 9 1000
1982612 10 1000
2020681 11 1000
2026807 12 1000
2054806 13 1000
2059286 14 1000
2061187 15 1000
2065852 16 1000
2066918 17 1000
2068681 18 1000
2072162 19 1000
2073595 20 1000
2074939 21 1000
2077642 22 1000
2078197 23 1000
2079225 24 1000
2080112 25 1000
2083664 26 1000
2085915 27 1000
2090072 28 1000
2090108 29 1000
2090384 30 1000
2091085 31 1000
2095502 32 1000
2097169 33 1000
2100857 34 1000
2107769 35 1000
2109007 36 1000
2110344 37 1000
2113736 38 1000
2115355 39 1000
2116392 40 1000
2117625 41 1000
2119591 42 1000
2122044 43 1000
2122799 44 1000
2123588 45 1000
2124722 46 1000
2128705 47 1000
2129703 48 1000
2130624 49 1000
2131292 50 1000
2131352 51 1000
2131645 52 1000
2131701 53 1000
2133818 54 1000
2135039 55 1000
2136780 56 1000
2138221 57 1000
2138934 58 1000
2142624 59 1000
2142816 60 1000
2143673 61 1000
2143711 62 1000
2143939 63 1000
2144531 64 1000
2146449 65 1000
2155461 66 1000
2158522 67 1000
2159248 68 1000
2160114 69 1000
2162748 70 1000
2167453 71 1000
2168000 72 1000
2168729 73 1000
2169635 74 1000
2171842 75 1000
2174137 76 1000
2177691 77 1000
2178175 78 1000
2178625 79 1000
2179870 80 1000
2182316 81 1000
2183919 82 1000
2185276 83 1000
2186563 84 1000
2189420 85 1000
2189671 86 1000
2191396 87 1000
2193877 88 1000
2196094 89 1000
2196607 90 1000
2196899 91 1000
2197157 92 1000
2197708 93 1000
2201551 94 1000
2203656 95 1000
2205968 96 1000
2208636 97 1000
2210694 98 1000
2212161 99 1000
2212217 100 1000
2213097 101 1000
2213425 102 1000
2213617 103 1000
2218215 104 1000
2219237 105 1000
2219316 106 1000
2219684 107 1000
2221691 108 1000
2222906 109 1000
2223362 110 1000
2223435 111 1000
2224705 112 1000
2228004 113 1000
2228046 114 1000
2228873 115 1000
2229096 116 1000
2229817 117 1000
2230195 118 1000
2233284 119 1000
2233590 120 1000
2233875 121 1000
2233960 122 1000
2234058 123 1000
2234526 124 1000
2235130 125 1000
2235221 126 1000
2235500 127 1000
2236401 128 1000
2237361 129 1000
2237846 130 1000
2238699 131 1000
2239663 132 1000
2240066 133 1000
2241041 134 1000
2241759 135 1000
2242240 136 1000
2243067 137 1000
2243722 138 1000
2244888 139 1000
2247116 140 1000
2248990 141 1000
2249481 142 1000
2249566 143 1000
2249792 144 1000
2251108 145 1000
2253161 146 1000
2253786 147 1000
2254806 148 1000
2255765 149 1000
2255941 150 1000
2256891 151 1000
2257910 152 1000
2257967 153 1000
2258438 154 1000
2259355 155 1000
2259410 156 1000
2261078 157 1000
2261378 158 1000
2262407 159 1000
2263196 160 1000
2273700 161 1000
2273758 162 1000
2275113 163 1000
2275162 164 1000
2275224 165 1000
2277157 166 1000
2278302 167 1000
2280097 168 1000
2281526 169 1000
2284441 170 1000
2285164 171 1000
2288750 172 1000
2289393 173 1000
2290693 174 1000
2290828 175 1000
2291147 176 1000
2292164 177 1000
2293025 178 1000
2295916 179 1000
2296580 180 1000
2296599 181 1000
2298330 182 1000
2298719 183 1000
2299621 184 1000
2299802 185 1000
2300480 186 1000
2301349 187 1000
2302024 188 1000
2302029 189 1000
2304951 190 1000
2305693 191 1000
2307192 192 1000
2307476 193 1000
2307877 194 1000
2307972 195 1000
2310315 196 1000
2310868 197 1000
2312045 198 1000
2312916 199 1000
2313311 200 1000
2314032 201 1000
2314512 202 1000
2314737 203 1000
2315087 204 1000
2315251 205 1000
2316307 206 1000
2316606 207 1000
2316677 208 1000
2317926 209 1000
2318005 210 1000
2318345 211 1000
2319943 212 1000
2320065 213 1000
2323005 214 1000
2325350 215 1000
2325466 216 1000
2326110 217 1000
2326505 218 1000
2328032 219 1000
2328097 220 1000
2328339 221 1000
2329315 222 1000
2329382 223 1000
2329547 224 1000
2332514 225 1000
2332543 226 1000
2333042 227 1000
2333298 228 1000
2334470 229 1000
2336038 230 1000
2338399 231 1000
2339374 232 1000
2339535 233 1000
2339884 234 1000
2341105 235 1000
2341716 236 1000
2342619 237 1000
2342894 238 1000
2344004 239 1000
2344080 240 1000
2345064 241 1000
2345111 242 1000
2345113 243 1000
2346250 244 1000
2347225 245 1000
2348223 246 1000
2348512 247 1000
2349016 248 1000
2349147 249 1000
2349532 250 1000
2350652 251 1000
2351870 252 1000
2352255 253 1000
2352293 254 1000
2353464 255 1000
2354800 256 1000
2356091 257 1000
2357104 258 1000
2357284 259 1000
2357664 260 1000
2358227 261 1000
2359438 262 1000
2359644 263 1000
2359887 264 1000
2360703 265 1000
2361058 266 1000
2363146 267 1000
2363482 268 1000
2365196 269 1000
2365291 270 1000
2365614 271 1000
2366408 272 1000
2367570 273 1000
2367696 274 1000
2367726 275 1000
2367845 276 1000
2369052 277 1000
2369308 278 1000
2369778 279 1000
2370416 280 1000
2370441 281 1000
2371776 282 1000
2372249 283 1000
2374246 284 1000
2376337 285 1000
2377071 286 1000
2377282 287 1000
2378064 288 1000
2379318 289 1000
2380619 290 1000
2380863 291 1000
2381618 292 1000
2382013 293 1000
2382055 294 1000
2382131 295 1000
2383413 296 1000
2384399 297 1000
2385009 298 1000
2387790 299 1000
2388108 300 1000
2388500 301 1000
2388927 302 1000
2388969 303 1000
2389198 304 1000
2389387 305 1000
2389945 306 1000
2392743 307 1000
2392770 308 1000
2395060 309 1000
2396079 310 1000
2396318 311 1000
2396481 312 1000
2398247 313 1000
2400468 314 1000
2401170 315 1000
2401428 316 1000
2401602 317 1000
2401973 318 1000
2402099 319 1000
2402426 320 1000
2402880 321 1000
2403702 322 1000
2404606 323 1000
2404900 324 1000
2405014 325 1000
2405361 326 1000
2405901 327 1000
2406516 328 1000
2408631 329 1000
2408648 330 1000
2408909 331 1000
2409637 332 1000
2409710 333 1000
2410683 334 1000
2410788 335 1000
2412195 336 1000
2412738 337 1000
2413026 338 1000
2413643 339 1000
2413869 340 1000
2414172 341 1000
2414811 342 1000
2415231 343 1000
2415490 344 1000
2415699 345 1000
2416838 346 1000
2418720 347 1000
2419158 348 1000
2419394 349 1000
2419876 350 1000
2420157 351 1000
2420188 352 1000
2420439 353 1000
2421295 354 1000
2421327 355 1000
2421694 356 1000
2422529 357 1000
2423669 358 1000
2423704 359 1000
2424351 360 1000
2424749 361 1000
2425101 362 1000
2425358 363 1000
2425643 364 1000
2425725 365 1000
2427476 366 1000
2427999 367 1000
2428821 368 1000
2429089 369 1000
2429475 370 1000
2429788 371 1000
2429795 372 1000
2429946 373 1000
2429997 374 1000
2430240 375 1000
2430303 376 1000
2431763 377 1000
2432057 378 1000
2432211 379 1000
2432435 380 1000
2433218 381 1000
2433252 382 1000
2433293 383 1000
2433808 384 1000
2434662 385 1000
2435482 386 1000
2436368 387 1000
2437815 388 1000
2438892 389 1000
2439299 390 1000
2440245 391 1000
2441448 392 1000
2442046 393 1000
2442411 394 1000
2442615 395 1000
2442684 396 1000
2443806 397 1000
2446401 398 1000
2446612 399 1000
2446866 400 1000
2447098 401 1000
2447725 402 1000
2448211 403 1000
2450424 404 1000
2451128 405 1000
2451304 406 1000
2451520 407 1000
2451799 408 1000
2452007 409 1000
2454868 410 1000
2455938 411 1000
2456265 412 1000
2456807 413 1000
2457420 414 1000
2457621 415 1000
2457735 416 1000
2461390 417 1000
2461844 418 1000
2462278 419 1000
2462846 420 1000
2464156 421 1000
2464346 422 1000
2465398 423 1000
2465795 424 1000
2465939 425 1000
2466507 426 1000
2466565 427 1000
2467361 428 1000
2467666 429 1000
2467959 430 1000
2467983 431 1000
2468219 432 1000
2468234 433 1000
2468696 434 1000
2469039 435 1000
2469170 436 1000
2470799 437 1000
2471312 438 1000
2472080 439 1000
2472648 440 1000
2474210 441 1000
2474844 442 1000
2475748 443 1000
2477722 444 1000
2477795 445 1000
2479927 446 1000
2480270 447 1000
2480524 448 1000
2480936 449 1000
2481001 450 1000
2481520 451 1000
2482696 452 1000
2483790 453 1000
2484886 454 1000
2486701 455 1000
2487861 456 1000
2488662 457 1000
2491644 458 1000
2494050 459 1000
2494204 460 1000
2494622 461 1000
2495128 462 1000
2495346 463 1000
2495646 464 1000
2496153 465 1000
2496428 466 1000
2496646 467 1000
2498373 468 1000
2498757 469 1000
2500214 470 1000
2500445 471 1000
2501239 472 1000
2502698 473 1000
2504573 474 1000
2509308 475 1000
2509668 476 1000
2509890 477 1000
2510203 478 1000
2510346 479 1000
2510348 480 1000
2511250 481 1000
2511493 482 1000
2511717 483 1000
2511785 484 1000
2511909 485 1000
2512899 486 1000
2513938 487 1000
2514210 488 1000
2515783 489 1000
2517872 490 1000
2517904 491 1000
2518291 492 1000
2518864 493 1000
2519093 494 1000
2519808 495 1000
2522320 496 1000
2522668 497 1000
2523695 498 1000
2525348 499 1000
2525798 500 1000
2526506 501 1000
2527397 502 1000
2528467 503 1000
2528513 504 1000
2528831 505 1000
2528929 506 1000
2529327 507 1000
2529928 508 1000
2530563 509 1000
2532849 510 1000
2533431 511 1000
2533836 512 1000
2535248 513 1000
2535859 514 1000
2536738 515 1000
2537249 516 1000
2538515 517 1000
2539242 518 1000
2540334 519 1000
2540758 520 1000
2541111 521 1000
2541466 522 1000
2542711 523 1000
2544005 524 1000
2545923 525 1000
2547437 526 1000
2548947 527 1000
2549292 528 1000
2549385 529 1000
2550330 530 1000
2552354 531 1000
2556164 532 1000
2558813 533 1000
2559316 534 1000
2559480 535 1000
2559831 536 1000
2563306 537 1000
2563577 538 1000
2564561 539 1000
2565162 540 1000
2565418 541 1000
2565432 542 1000
2565744 543 1000
2565884 544 1000
2567405 545 1000
2567916 546 1000
2568912 547 1000
2569409 548 1000
2569446 549 1000
2570223 550 1000
2570260 551 1000
2571486 552 1000
2572823 553 1000
2574264 554 1000
2577910 555 1000
2578209 556 1000
2579085 557 1000
2579831 558 1000
2580926 559 1000
2581934 560 1000
2582628 561 1000
2582913 562 1000
2583837 563 1000
2583870 564 1000
2585334 565 1000
2585660 566 1000
2586138 567 1000
2586389 568 1000
2587252 569 1000
2588469 570 1000
2588899 571 1000
2589822 572 1000
2590128 573 1000
2590415 574 1000
2591467 575 1000
2592256 576 1000
2592658 577 1000
2593271 578 1000
2593397 579 1000
2593530 580 1000
2594917 581 1000
2596764 582 1000
2597300 583 1000
2598802 584 1000
2599065 585 1000
2601622 586 1000
2601928 587 1000
2602873 588 1000
2605210 589 1000
2605451 590 1000
2607141 591 1000
2607312 592 1000
2607519 593 1000
2610264 594 1000
2610296 595 1000
2613311 596 1000
2615135 597 1000
2615521 598 1000
2615903 599 1000
2618093 600 1000
2618414 601 1000
2618668 602 1000
2619524 603 1000
2620571 604 1000
2621138 605 1000
2621322 606 1000
2621909 607 1000
2623594 608 1000
2626273 609 1000
2626426 610 1000
2626606 611 1000
2634540 612 1000
2635947 613 1000
2636163 614 1000
2642939 615 1000
2644167 616 1000
2646887 617 1000
2653465 618 1000
2656313 619 1000
2658593 620 1000
2658815 621 1000
2659736 622 1000
2660298 623 1000
2660682 624 1000
2660974 625 1000
2663005 626 1000
2664029 627 1000
2668878 628 1000
2672025 629 1000
2674235 630 1000
2674644 631 1000
2678297 632 1000
2679944 633 1000
2684250 634 1000
2684330 635 1000
2685663 636 1000
2686547 637 1000
2686831 638 1000
2691397 639 1000
2692761 640 1000
2693316 641 1000
2695427 642 1000
2696733 643 1000
2697442 644 1000
2702317 645 1000
2703718 646 1000
2705715 647 1000
2707767 648 1000
2708605 649 1000
2711261 650 1000
2712587 651 1000
2712600 652 1000
2713361 653 1000
2719657 654 1000
2725987 655 1000
2726679 656 1000
2730547 657 1000
2731605 658 1000
2732589 659 1000
2733864 660 1000
2740447 661 1000
2740811 662 1000
2742384 663 1000
2745025 664 1000
2746727 665 1000
2747381 666 1000
2748523 667 1000
2749740 668 1000
2749948 669 1000
2754413 670 1000
2754513 671 1000
2757430 672 1000
2761020 673 1000
2761712 674 1000
2767802 675 1000
2769909 676 1000
2776805 677 1000
2777004 678 1000
2784053 679 1000
2785918 680 1000
2789995 681 1000
2790123 682 1000
2795832 683 1000
2796142 684 1000
2799561 685 1000
2801350 686 1000
2807315 687 1000
2813010 688 1000
2821714 689 1000
2826056 690 1000
2830152 691 1000
2832971 692 1000
2835148 693 1000
2835515 694 1000
2837100 695 1000
2837996 696 1000
2840525 697 1000
2841424 698 1000
2843343 699 1000
2849031 700 1000
2849058 701 1000
2852426 702 1000
2855133 703 1000
2855482 704 1000
2855519 705 1000
2856235 706 1000
2858474 707 1000
2859665 708 1000
2869284 709 1000
2872605 710 1000
2876749 711 1000
2879601 712 1000
2885374 713 1000
2887719 714 1000
2889145 715 1000
2889154 716 1000
2893265 717 1000
2895608 718 1000
2896483 719 1000
2897710 720 1000
2899029 721 1000
2900016 722 1000
2903557 723 1000
2903754 724 1000
2910361 725 1000
2913324 726 1000
2914052 727 1000
2915564 728 1000
2916310 729 1000
2924534 730 1000
2930761 731 1000
2932615 732 1000
2935133 733 1000
2935824 734 1000
2936924 735 1000
2944578 736 1000
2952258 737 1000
2954095 738 1000
2956239 739 1000
2957361 740 1000
2958797 741 1000
2966407 742 1000
2969651 743 1000
2974641 744 1000
2975102 745 1000
2978786 746 1000
2982941 747 1000
2986510 748 1000
2987119 749 1000
2990907 750 1000
2992369 751 1000
2994543 752 1000
2995517 753 1000
3003623 754 1000
3005024 755 1000
3014067 756 1000
3021986 757 1000
3023515 758 1000
3023825 759 1000
3024502 760 1000
3032383 761 1000
3033917 762 1000
3034946 763 1000
3035514 764 1000
3038334 765 1000
3043970 766 1000
3056749 767 1000
3070455 768 1000
3076547 769 1000
3082948 770 1000
3082976 771 1000
3086616 772 1000
3088684 773 1000
3092431 774 1000
3097295 775 1000
3097976 776 1000
3100214 777 1000
3100467 778 1000
3110599 779 1000
3113580 780 1000
3115606 781 1000
3118158 782 1000
3122142 783 1000
3123457 784 1000
3123573 785 1000
3123666 786 1000
3126559 787 1000
3127338 788 1000
3128580 789 1000
3130404 790 1000
3132488 791 1000
3134829 792 1000
3139983 793 1000
3140524 794 1000
3141305 795 1000
3144039 796 1000
3144290 797 1000
3154802 798 1000
3155612 799 1000
3156921 800 1000
3157295 801 1000
3158923 802 1000
3159065 803 1000
3163604 804 1000
3165339 805 1000
3167322 806 1000
3169016 807 1000
3171844 808 1000
3171959 809 1000
3172686 810 1000
3173441 811 1000
3174515 812 1000
3176181 813 1000
3176592 814 1000
3178240 815 1000
3179167 816 1000
3179797 817 1000
3183077 818 1000
3186463 819 1000
3190480 820 1000
3191483 821 1000
3193332 822 1000
3193659 823 1000
3201133 824 1000
3205705 825 1000
3206158 826 1000
3207397 827 1000
3207404 828 1000
3209275 829 1000
3210029 830 1000
3211713 831 1000
3214324 832 1000
3216377 833 1000
3217619 834 1000
3222605 835 1000
3226069 836 1000
3229955 837 1000
3232354 838 1000
3235547 839 1000
3235923 840 1000
3240228 841 1000
3240284 842 1000
3240840 843 1000
3242445 844 1000
3248651 845 1000
3248755 846 1000
3252039 847 1000
3252527 848 1000
3253128 849 1000
3254834 850 1000
3256511 851 1000
3257854 852 1000
3258488 853 1000
3259194 854 1000
3259512 855 1000
3260863 856 1000
3260929 857 1000
3261738 858 1000
3264949 859 1000
3265606 860 1000
3265735 861 1000
3265806 862 1000
3266094 863 1000
3269239 864 1000
3272038 865 1000
3276435 866 1000
3277644 867 1000
3279322 868 1000
3279858 869 1000
3281123 870 1000
3282198 871 1000
3283538 872 1000
3284310 873 1000
3285075 874 1000
3286117 875 1000
3286831 876 1000
3287288 877 1000
3288884 878 1000
3289528 879 1000
3289610 880 1000
3290374 881 1000
3290462 882 1000
3291570 883 1000
3294900 884 1000
3295279 885 1000
3297869 886 1000
3298533 887 1000
3299441 888 1000
3304269 889 1000
3304270 890 1000
3305775 891 1000
3306447 892 1000
3306595 893 1000
3307250 894 1000
3307446 895 1000
3307779 896 1000
3307966 897 1000
3309332 898 1000
3311227 899 1000
3311492 900 1000
3311587 901 1000
3312006 902 1000
3312549 903 1000
3312845 904 1000
3313162 905 1000
3315595 906 1000
3316245 907 1000
3317588 908 1000
3317761 909 1000
3319668 910 1000
3319742 911 1000
3319905 912 1000
3320466 913 1000
3321737 914 1000
3321923 915 1000
3322344 916 1000
3322898 917 1000
3323491 918 1000
3323894 919 1000
3324860 920 1000
3325149 921 1000
3325334 922 1000
3326784 923 1000
3327543 924 1000
3327994 925 1000
3328363 926 1000
3328489 927 1000
3328649 928 1000
3328684 929 1000
3329938 930 1000
3330643 931 1000
3331263 932 1000
3332271 933 1000
3332295 934 1000
3332916 935 1000
3333320 936 1000
3333649 937 1000
3335248 938 1000
3335701 939 1000
3336519 940 1000
3336638 941 1000
3337041 942 1000
3338360 943 1000
3338739 944 1000
3338811 945 1000
3339208 946 1000
3340322 947 1000
3341091 948 1000
3341943 949 1000
3342919 950 1000
3343574 951 1000
3343909 952 1000
3344703 953 1000
3345918 954 1000
3346321 955 1000
3346582 956 1000
3347027 957 1000
3347245 958 1000
3347276 959 1000
3349508 960 1000
3349687 961 1000
3349694 962 1000
3350059 963 1000
3350616 964 1000
3351239 965 1000
3351563 966 1000
3352353 967 1000
3353409 968 1000
3353409 969 1000
3353966 970 1000
3354760 971 1000
3354870 972 1000
3356012 973 1000
3356138 974 1000
3357614 975 1000
3358021 976 1000
3358771 977 1000
3360040 978 1000
3360757 979 1000
3361755 980 1000
3363004 981 1000
3364092 982 1000
3366362 983 1000
3366576 984 1000
3367725 985 1000
3368559 986 1000
3369161 987 1000
3370397 988 1000
3370457 989 1000
3370948 990 1000
3371455 991 1000
3372945 992 1000
3373335 993 1000
3373515 994 1000
3374732 995 1000
3374752 996 1000
3374796 997 1000
3375652 998 1000
3376111 999 1000
