# load avg(tp, lat, bwr, bww, cpu, tps, brps, bwps), sd(...), ci(...)
20 20 99222.3730437 13.942653698 31929447.0309 24886958.94 15.3970153061 1.95320861678 0.0 16.931814059 20 0.0 0.0 0.0 0.0 0.0 0.0 0.0 0.0 20 0.0 0.0 0.0 0.0 0.0 0.0 0.0 0.0 
40 40 164375.364125 18.4646380114 54269569.8413 42339679.9216 23.5794710145 2.05514492754 0.0 17.8415821256 40 0.0 0.0 0.0 0.0 0.0 0.0 0.0 0.0 40 0.0 0.0 0.0 0.0 0.0 0.0 0.0 0.0 
60 60 179904.62897 21.4681363662 59160697.5363 46127762.1616 25.3734930556 2.14546430488 0.0 18.1363392378 60 0.0 0.0 0.0 0.0 0.0 0.0 0.0 0.0 60 0.0 0.0 0.0 0.0 0.0 0.0 0.0 0.0 
80 80 214257.777171 23.0428531109 70626630.5246 55128356.6163 29.8355733696 2.10464304885 0.0 18.0030059045 80 0.0 0.0 0.0 0.0 0.0 0.0 0.0 0.0 80 0.0 0.0 0.0 0.0 0.0 0.0 0.0 0.0 
100 100 218678.130402 24.9935056731 72352081.57 56468849.8367 30.6803194444 2.07601234568 0.0 17.5556049383 100 0.0 0.0 0.0 0.0 0.0 0.0 0.0 0.0 100 0.0 0.0 0.0 0.0 0.0 0.0 0.0 0.0 
200 200 248862.323183 34.4490526275 82036881.8824 63989475.4561 35.4745564614 2.0187037037 0.0 17.3571564681 200 0.0 0.0 0.0 0.0 0.0 0.0 0.0 0.0 200 0.0 0.0 0.0 0.0 0.0 0.0 0.0 0.0 
300 300 248758.445087 43.7300876058 82554651.5146 64403475.1201 35.8967506313 2.06026936027 0.0 18.2161616162 300 0.0 0.0 0.0 0.0 0.0 0.0 0.0 0.0 300 0.0 0.0 0.0 0.0 0.0 0.0 0.0 0.0 
400 400 259103.559654 51.3331727524 85120406.2955 66304342.8608 38.0233724234 2.51942800094 0.0 21.3115362932 400 0.0 0.0 0.0 0.0 0.0 0.0 0.0 0.0 400 0.0 0.0 0.0 0.0 0.0 0.0 0.0 0.0 
420 420 260705.257563 53.3603610698 86372113.4348 67404397.2885 38.3687011099 1.9944526662 0.0 18.0125076345 420 0.0 0.0 0.0 0.0 0.0 0.0 0.0 0.0 420 0.0 0.0 0.0 0.0 0.0 0.0 0.0 0.0 
440 440 255715.525862 56.059284365 84551693.1915 65945843.9531 37.7079106105 2.03608762039 0.0 17.7437162321 440 0.0 0.0 0.0 0.0 0.0 0.0 0.0 0.0 440 0.0 0.0 0.0 0.0 0.0 0.0 0.0 0.0 
460 460 262050.171056 57.0114962479 86367644.1462 67359100.8526 38.6859208887 2.51857881137 0.0 21.8021576227 460 0.0 0.0 0.0 0.0 0.0 0.0 0.0 0.0 460 0.0 0.0 0.0 0.0 0.0 0.0 0.0 0.0 
480 480 262027.888222 59.120232495 86122019.2292 67186955.3105 38.8616873679 2.03190509749 0.0 17.7102560489 480 0.0 0.0 0.0 0.0 0.0 0.0 0.0 0.0 480 0.0 0.0 0.0 0.0 0.0 0.0 0.0 0.0 
500 500 255660.271281 61.7400879854 84178961.9323 65667673.1897 38.1245151578 2.21533591731 0.0 19.0863436693 500 0.0 0.0 0.0 0.0 0.0 0.0 0.0 0.0 500 0.0 0.0 0.0 0.0 0.0 0.0 0.0 0.0 
