# load avg(tp, lat, bwr, bww, cpu, tps, brps, bwps), sd(...), ci(...)
2 2 16883.7438325 12.4575631397 43962570.7169 34287185.0635 20.2387155388 3.00877192982 0.0 25.2631578947 2 0.0 0.0 0.0 0.0 0.0 0.0 0.0 0.0 2 0.0 0.0 0.0 0.0 0.0 0.0 0.0 0.0 
4 4 28191.7554131 16.4118820597 72908476.1821 56830946.0055 31.7601801378 2.78070175439 0.0 22.2456140351 4 0.0 0.0 0.0 0.0 0.0 0.0 0.0 0.0 4 0.0 0.0 0.0 0.0 0.0 0.0 0.0 0.0 
6 6 32884.1979317 19.6412756939 85433861.8239 66409011.9095 36.098125 2.41228070175 0.0 20.701754386 6 0.0 0.0 0.0 0.0 0.0 0.0 0.0 0.0 6 0.0 0.0 0.0 0.0 0.0 0.0 0.0 0.0 
8 8 33953.2727426 21.8531276559 88312406.5749 68655299.7965 37.4152678571 2.65789473684 0.0 22.2456140351 8 0.0 0.0 0.0 0.0 0.0 0.0 0.0 0.0 8 0.0 0.0 0.0 0.0 0.0 0.0 0.0 0.0 
10 10 34207.9675267 22.6300185549 88622545.5756 68901606.5357 37.5923214286 2.49052631579 0.0 20.7664035088 10 0.0 0.0 0.0 0.0 0.0 0.0 0.0 0.0 10 0.0 0.0 0.0 0.0 0.0 0.0 0.0 0.0 
20 20 34433.8249178 29.8246284341 89912220.4657 70122007.3095 37.9208928571 2.51754385965 0.0 21.1929824561 20 0.0 0.0 0.0 0.0 0.0 0.0 0.0 0.0 20 0.0 0.0 0.0 0.0 0.0 0.0 0.0 0.0 
30 30 34598.8614621 36.2222867435 89424889.5765 69927240.008 38.2764285714 2.48214285714 0.0 20.8571428571 30 0.0 0.0 0.0 0.0 0.0 0.0 0.0 0.0 30 0.0 0.0 0.0 0.0 0.0 0.0 0.0 0.0 
40 40 35080.075645 41.86646992 89848593.9109 70061704.2761 37.7721428571 2.53714285714 0.0 21.2972321429 40 0.0 0.0 0.0 0.0 0.0 0.0 0.0 0.0 40 0.0 0.0 0.0 0.0 0.0 0.0 0.0 0.0 
50 50 34933.0325431 49.9900094659 90239966.9784 70283782.0061 38.403125 2.60714285714 0.0 22.0714285714 50 0.0 0.0 0.0 0.0 0.0 0.0 0.0 0.0 50 0.0 0.0 0.0 0.0 0.0 0.0 0.0 0.0 
60 60 34817.655952 56.0766897377 90797438.8032 70564159.1869 38.2956363636 2.64285714286 0.0 22.2142857143 60 0.0 0.0 0.0 0.0 0.0 0.0 0.0 0.0 60 0.0 0.0 0.0 0.0 0.0 0.0 0.0 0.0 
80 80 34904.2784445 68.7622126362 93388446.0168 72684567.4131 37.4547115385 3.00723512337 0.0 24.970892598 80 0.0 0.0 0.0 0.0 0.0 0.0 0.0 0.0 80 0.0 0.0 0.0 0.0 0.0 0.0 0.0 0.0 
100 100 35057.8599124 81.9631299084 91164553.649 71146837.7203 38.4129090909 2.46428571429 0.0 21.3571428571 100 0.0 0.0 0.0 0.0 0.0 0.0 0.0 0.0 100 0.0 0.0 0.0 0.0 0.0 0.0 0.0 0.0 
120 120 35200.4856918 94.651974405 92259549.7948 71850454.3733 38.1473584906 2.88679245283 0.0 23.3962264151 120 0.0 0.0 0.0 0.0 0.0 0.0 0.0 0.0 120 0.0 0.0 0.0 0.0 0.0 0.0 0.0 0.0 
140 140 35306.9828256 107.512808677 92940440.5131 72597188.3017 38.5141742081 2.57692307692 0.0 21.6923076923 140 0.0 0.0 0.0 0.0 0.0 0.0 0.0 0.0 140 0.0 0.0 0.0 0.0 0.0 0.0 0.0 0.0 
160 160 34982.6234134 120.314757604 92403201.29 72142686.7742 37.6013461538 2.64423076923 0.0 21.9230769231 160 0.0 0.0 0.0 0.0 0.0 0.0 0.0 0.0 160 0.0 0.0 0.0 0.0 0.0 0.0 0.0 0.0 
180 180 33478.3612553 138.14498808 87623342.0141 68325268.2668 36.2169444444 2.79090909091 0.0 22.4727272727 180 0.0 0.0 0.0 0.0 0.0 0.0 0.0 0.0 180 0.0 0.0 0.0 0.0 0.0 0.0 0.0 0.0 
200 200 32053.7734104 159.84603561 84887445.4979 66068196.3141 35.2021698113 2.44339622642 0.0 21.8113207547 200 0.0 0.0 0.0 0.0 0.0 0.0 0.0 0.0 200 0.0 0.0 0.0 0.0 0.0 0.0 0.0 0.0 
