# load avg(tp, lat, bwr, bww, cpu, tps, brps, bwps), sd(...), ci(...)
50 50 100808.129753 25.9599858245 49137518.1423 34531258.5609 21.533421172 2.17147314949 0.0 18.5221669086 50 0.0 0.0 0.0 0.0 0.0 0.0 0.0 0.0 50 0.0 0.0 0.0 0.0 0.0 0.0 0.0 0.0 
51 51 134465.480055 25.3254065757 65469522.6622 46035524.546 28.1468713716 2.0358490566 0.0 17.3283018868 51 0.0 0.0 0.0 0.0 0.0 0.0 0.0 0.0 51 0.0 0.0 0.0 0.0 0.0 0.0 0.0 0.0 
52 52 138965.069115 25.3573672319 67674346.1135 47032512.291 28.1393367347 2.03904122449 0.0 17.8104522449 52 0.0 0.0 0.0 0.0 0.0 0.0 0.0 0.0 52 0.0 0.0 0.0 0.0 0.0 0.0 0.0 0.0 
53 53 124106.267855 25.4978690089 62058729.7405 44228817.2826 26.6563298258 2.10754716981 0.0 17.9773584906 53 0.0 0.0 0.0 0.0 0.0 0.0 0.0 0.0 53 0.0 0.0 0.0 0.0 0.0 0.0 0.0 0.0 
54 54 113849.90519 25.7361409546 56985492.1495 40720830.3719 24.6402099964 2.1992743106 0.0 18.3811320755 54 0.0 0.0 0.0 0.0 0.0 0.0 0.0 0.0 54 0.0 0.0 0.0 0.0 0.0 0.0 0.0 0.0 
55 55 132270.817956 25.9699528391 64107860.6498 44775891.1001 26.948855102 2.08 0.0 17.456 55 0.0 0.0 0.0 0.0 0.0 0.0 0.0 0.0 55 0.0 0.0 0.0 0.0 0.0 0.0 0.0 0.0 
56 56 130611.626348 26.2082612531 63658390.5114 44616223.4188 27.3787259615 2.13407111756 0.0 18.0287373004 56 0.0 0.0 0.0 0.0 0.0 0.0 0.0 0.0 56 0.0 0.0 0.0 0.0 0.0 0.0 0.0 0.0 
57 57 119944.704173 27.332079337 61472499.9602 43822217.0706 25.7142602041 2.01289795918 0.0 17.2009795918 57 0.0 0.0 0.0 0.0 0.0 0.0 0.0 0.0 57 0.0 0.0 0.0 0.0 0.0 0.0 0.0 0.0 
58 58 128096.625883 26.8975459381 63500193.9619 44719147.9174 26.5164795918 2.06171428571 0.0 17.3152653061 58 0.0 0.0 0.0 0.0 0.0 0.0 0.0 0.0 58 0.0 0.0 0.0 0.0 0.0 0.0 0.0 0.0 
59 59 132689.772496 26.3813788307 65986530.3398 46478508.4551 27.487372449 2.22026 0.0 18.9941 59 0.0 0.0 0.0 0.0 0.0 0.0 0.0 0.0 59 0.0 0.0 0.0 0.0 0.0 0.0 0.0 0.0 
60 60 130673.150132 27.0768072077 64405349.2675 45538397.0372 27.7445192308 2.15943396226 0.0 18.1692307692 60 0.0 0.0 0.0 0.0 0.0 0.0 0.0 0.0 60 0.0 0.0 0.0 0.0 0.0 0.0 0.0 0.0 
70 70 135839.770803 28.5821121603 64977445.9908 45086019.8481 27.4966326531 1.91765306122 0.0 16.9087959184 70 0.0 0.0 0.0 0.0 0.0 0.0 0.0 0.0 70 0.0 0.0 0.0 0.0 0.0 0.0 0.0 0.0 
80 80 142335.383575 30.8185775299 70014305.9846 48886482.9416 29.1491071429 1.89836734694 0.0 16.3304489796 80 0.0 0.0 0.0 0.0 0.0 0.0 0.0 0.0 80 0.0 0.0 0.0 0.0 0.0 0.0 0.0 0.0 
90 90 134683.244325 31.513389303 67240658.2161 47441734.4971 27.8877295918 1.94624489796 0.0 16.4708571429 90 0.0 0.0 0.0 0.0 0.0 0.0 0.0 0.0 90 0.0 0.0 0.0 0.0 0.0 0.0 0.0 0.0 
100 100 138022.443466 33.7635242229 68912678.6919 48398180.6626 28.8865816327 2.16404081633 0.0 18.2242244898 100 0.0 0.0 0.0 0.0 0.0 0.0 0.0 0.0 100 0.0 0.0 0.0 0.0 0.0 0.0 0.0 0.0 
151 151 141790.279495 41.8705243119 69668324.6526 48785940.6931 29.6089215686 2.27686538462 0.0 19.4149230769 151 0.0 0.0 0.0 0.0 0.0 0.0 0.0 0.0 151 0.0 0.0 0.0 0.0 0.0 0.0 0.0 0.0 
