2805618 0 1000
3736629 1 1000
3851254 2 1000
3932424 3 1000
4030720 4 1000
4113629 5 1000
4162419 6 1000
4211073 7 1000
4253261 8 1000
4274906 9 1000
4336385 10 1000
4364432 11 1000
4395678 12 1000
4417092 13 1000
4439410 14 1000
4461541 15 1000
4477264 16 1000
4496178 17 1000
4514580 18 1000
4523892 19 1000
4539312 20 1000
4559697 21 1000
4572768 22 1000
4583741 23 1000
4593732 24 1000
4608706 25 1000
4621471 26 1000
4632270 27 1000
4643989 28 1000
4652889 29 1000
4664424 30 1000
4674962 31 1000
4690290 32 1000
4700030 33 1000
4710489 34 1000
4720202 35 1000
4728325 36 1000
4741574 37 1000
4749620 38 1000
4756390 39 1000
4765895 40 1000
4773222 41 1000
4781342 42 1000
4790004 43 1000
4796061 44 1000
4802537 45 1000
4807287 46 1000
4812911 47 1000
4819597 48 1000
4830663 49 1000
4837090 50 1000
4844944 51 1000
4850904 52 1000
4857626 53 1000
4864011 54 1000
4871675 55 1000
4877523 56 1000
4885103 57 1000
4892913 58 1000
4902552 59 1000
4909484 60 1000
4914374 61 1000
4921349 62 1000
4927106 63 1000
4933807 64 1000
4941104 65 1000
4947459 66 1000
4954826 67 1000
4960572 68 1000
4968627 69 1000
4975972 70 1000
4981476 71 1000
4988210 72 1000
4993699 73 1000
5000746 74 1000
5008100 75 1000
5014874 76 1000
5020672 77 1000
5028415 78 1000
5036379 79 1000
5041736 80 1000
5048594 81 1000
5053924 82 1000
5058301 83 1000
5062227 84 1000
5066625 85 1000
5071476 86 1000
5078018 87 1000
5084765 88 1000
5089078 89 1000
5092937 90 1000
5095976 91 1000
5102720 92 1000
5108244 93 1000
5112879 94 1000
5117253 95 1000
5121424 96 1000
5127591 97 1000
5131068 98 1000
5137235 99 1000
5140803 100 1000
5146718 101 1000
5150366 102 1000
5154469 103 1000
5159360 104 1000
5164792 105 1000
5168907 106 1000
5172701 107 1000
5176186 108 1000
5181129 109 1000
5184939 110 1000
5191012 111 1000
5194469 112 1000
5198310 113 1000
5202994 114 1000
5206155 115 1000
5211029 116 1000
5216400 117 1000
5221182 118 1000
5225909 119 1000
5231256 120 1000
5234929 121 1000
5241885 122 1000
5244219 123 1000
5248065 124 1000
5251622 125 1000
5256430 126 1000
5260703 127 1000
5266367 128 1000
5271960 129 1000
5277249 130 1000
5282105 131 1000
5287451 132 1000
5291915 133 1000
5297979 134 1000
5303196 135 1000
5308204 136 1000
5311278 137 1000
5315149 138 1000
5319731 139 1000
5324621 140 1000
5330968 141 1000
5334144 142 1000
5340346 143 1000
5345504 144 1000
5349114 145 1000
5355803 146 1000
5361917 147 1000
5367053 148 1000
5372918 149 1000
5378524 150 1000
5382396 151 1000
5387493 152 1000
5392994 153 1000
5397734 154 1000
5402321 155 1000
5406592 156 1000
5411171 157 1000
5416607 158 1000
5419555 159 1000
5425619 160 1000
5429629 161 1000
5434640 162 1000
5439038 163 1000
5443998 164 1000
5449493 165 1000
5453958 166 1000
5460147 167 1000
5465135 168 1000
5469977 169 1000
5473631 170 1000
5480225 171 1000
5484805 172 1000
5490804 173 1000
5495445 174 1000
5500884 175 1000
5505710 176 1000
5512338 177 1000
5518895 178 1000
5525819 179 1000
5531071 180 1000
5538404 181 1000
5547792 182 1000
5555630 183 1000
5561996 184 1000
5568644 185 1000
5575002 186 1000
5580744 187 1000
5588577 188 1000
5595229 189 1000
5600794 190 1000
5608123 191 1000
5616479 192 1000
5624535 193 1000
5631843 194 1000
5640430 195 1000
5650034 196 1000
5657338 197 1000
5663823 198 1000
5672853 199 1000
5682345 200 1000
5689677 201 1000
5696169 202 1000
5704484 203 1000
5709709 204 1000
5719361 205 1000
5727329 206 1000
5734851 207 1000
5742823 208 1000
5749164 209 1000
5754673 210 1000
5762238 211 1000
5772567 212 1000
5779969 213 1000
5787160 214 1000
5797078 215 1000
5804702 216 1000
5815769 217 1000
5828984 218 1000
5840851 219 1000
5852164 220 1000
5861317 221 1000
5871111 222 1000
5883303 223 1000
5898928 224 1000
5909122 225 1000
5921930 226 1000
5934507 227 1000
5948905 228 1000
5959105 229 1000
5974265 230 1000
5991442 231 1000
6001585 232 1000
6014134 233 1000
6029999 234 1000
6044721 235 1000
6057012 236 1000
6077702 237 1000
6088897 238 1000
6101984 239 1000
6113108 240 1000
6128486 241 1000
6142914 242 1000
6155643 243 1000
6178280 244 1000
6196802 245 1000
6213953 246 1000
6224068 247 1000
6245724 248 1000
6262256 249 1000
6279890 250 1000
6296355 251 1000
6315510 252 1000
6333049 253 1000
6346373 254 1000
6362809 255 1000
6388195 256 1000
6407527 257 1000
6431526 258 1000
6452660 259 1000
6473845 260 1000
6506028 261 1000
6544816 262 1000
6564405 263 1000
6585567 264 1000
6605140 265 1000
6626856 266 1000
6642321 267 1000
6664520 268 1000
6686342 269 1000
6711804 270 1000
6728986 271 1000
6745260 272 1000
6758439 273 1000
6772890 274 1000
6790814 275 1000
6811241 276 1000
6827150 277 1000
6842947 278 1000
6856360 279 1000
6868303 280 1000
6877928 281 1000
6886931 282 1000
6900100 283 1000
6913278 284 1000
6923144 285 1000
6940969 286 1000
6951498 287 1000
6969976 288 1000
6982573 289 1000
6992571 290 1000
7004002 291 1000
7013333 292 1000
7028662 293 1000
7042128 294 1000
7058584 295 1000
7070407 296 1000
7080319 297 1000
7090853 298 1000
7110172 299 1000
7123390 300 1000
7135530 301 1000
7146050 302 1000
7161002 303 1000
7169275 304 1000
7181719 305 1000
7193879 306 1000
7203169 307 1000
7221634 308 1000
7232252 309 1000
7247574 310 1000
7257630 311 1000
7267793 312 1000
7279845 313 1000
7290402 314 1000
7298625 315 1000
7311768 316 1000
7323221 317 1000
7332359 318 1000
7343117 319 1000
7358050 320 1000
7366128 321 1000
7379267 322 1000
7389008 323 1000
7398041 324 1000
7407724 325 1000
7416945 326 1000
7427498 327 1000
7437337 328 1000
7444678 329 1000
7457389 330 1000
7469054 331 1000
7476685 332 1000
7489481 333 1000
7497777 334 1000
7508490 335 1000
7517220 336 1000
7525861 337 1000
7535837 338 1000
7544128 339 1000
7554543 340 1000
7565808 341 1000
7575147 342 1000
7585965 343 1000
7596753 344 1000
7605892 345 1000
7616454 346 1000
7624662 347 1000
7635922 348 1000
7642942 349 1000
7652530 350 1000
7661228 351 1000
7672720 352 1000
7681853 353 1000
7693047 354 1000
7702428 355 1000
7715035 356 1000
7723535 357 1000
7736012 358 1000
7746093 359 1000
7755867 360 1000
7765519 361 1000
7775007 362 1000
7784047 363 1000
7794964 364 1000
7804141 365 1000
7816160 366 1000
7828560 367 1000
7836647 368 1000
7848685 369 1000
7861439 370 1000
7875968 371 1000
7886521 372 1000
7893398 373 1000
7899047 374 1000
7908500 375 1000
7919493 376 1000
7926482 377 1000
7938676 378 1000
7948030 379 1000
7957653 380 1000
7967467 381 1000
7980129 382 1000
7991669 383 1000
8004522 384 1000
8015421 385 1000
8025892 386 1000
8036616 387 1000
8045180 388 1000
8056100 389 1000
8067901 390 1000
8076421 391 1000
8088782 392 1000
8097408 393 1000
8106871 394 1000
8120795 395 1000
8129828 396 1000
8141632 397 1000
8150239 398 1000
8160956 399 1000
8170497 400 1000
8184639 401 1000
8193016 402 1000
8201959 403 1000
8211269 404 1000
8222296 405 1000
8232706 406 1000
8240514 407 1000
8249395 408 1000
8265830 409 1000
8277262 410 1000
8284565 411 1000
8293206 412 1000
8306100 413 1000
8319206 414 1000
8334250 415 1000
8346738 416 1000
8358193 417 1000
8369796 418 1000
8384530 419 1000
8396170 420 1000
8408901 421 1000
8417105 422 1000
8428430 423 1000
8439831 424 1000
8453020 425 1000
8467399 426 1000
8479474 427 1000
8488689 428 1000
8496367 429 1000
8507000 430 1000
8517142 431 1000
8528721 432 1000
8538617 433 1000
8545772 434 1000
8555225 435 1000
8566902 436 1000
8578031 437 1000
8590327 438 1000
8600147 439 1000
8608851 440 1000
8619392 441 1000
8627708 442 1000
8634600 443 1000
8644453 444 1000
8652808 445 1000
8663120 446 1000
8672375 447 1000
8680856 448 1000
8690385 449 1000
8699177 450 1000
8706767 451 1000
8717460 452 1000
8727068 453 1000
8735228 454 1000
8746325 455 1000
8758483 456 1000
8768162 457 1000
8774829 458 1000
8781642 459 1000
8792753 460 1000
8800644 461 1000
8808656 462 1000
8820307 463 1000
8832909 464 1000
8841926 465 1000
8848601 466 1000
8855010 467 1000
8864332 468 1000
8874894 469 1000
8886628 470 1000
8894719 471 1000
8903486 472 1000
8912560 473 1000
8921757 474 1000
8928677 475 1000
8935059 476 1000
8939763 477 1000
8946385 478 1000
8957363 479 1000
8963837 480 1000
8973453 481 1000
8979917 482 1000
8986935 483 1000
8997029 484 1000
9006353 485 1000
9017447 486 1000
9023146 487 1000
9028653 488 1000
9039525 489 1000
9046798 490 1000
9057474 491 1000
9067635 492 1000
9076131 493 1000
9084214 494 1000
9091840 495 1000
9100519 496 1000
9106234 497 1000
9115052 498 1000
9122245 499 1000
9129778 500 1000
9136366 501 1000
9143926 502 1000
9151150 503 1000
9158162 504 1000
9166749 505 1000
9174831 506 1000
9183083 507 1000
9191111 508 1000
9198914 509 1000
9207336 510 1000
9214786 511 1000
9220754 512 1000
9228254 513 1000
9234619 514 1000
9239137 515 1000
9244181 516 1000
9251171 517 1000
9258161 518 1000
9266903 519 1000
9272533 520 1000
9280953 521 1000
9285627 522 1000
9289582 523 1000
9296259 524 1000
9303604 525 1000
9310790 526 1000
9315418 527 1000
9321027 528 1000
9327609 529 1000
9337100 530 1000
9341525 531 1000
9348528 532 1000
9356607 533 1000
9362285 534 1000
9366002 535 1000
9370713 536 1000
9376676 537 1000
9381371 538 1000
9388136 539 1000
9392786 540 1000
9399931 541 1000
9405456 542 1000
9410644 543 1000
9416065 544 1000
9421023 545 1000
9427821 546 1000
9432835 547 1000
9438038 548 1000
9444101 549 1000
9448050 550 1000
9452565 551 1000
9458596 552 1000
9463792 553 1000
9469062 554 1000
9474273 555 1000
9479959 556 1000
9486309 557 1000
9492870 558 1000
9498478 559 1000
9503496 560 1000
9508611 561 1000
9512465 562 1000
9519600 563 1000
9526234 564 1000
9533868 565 1000
9539707 566 1000
9545031 567 1000
9550604 568 1000
9556063 569 1000
9561784 570 1000
9569119 571 1000
9572979 572 1000
9578979 573 1000
9583687 574 1000
9587612 575 1000
9592440 576 1000
9596992 577 1000
9600983 578 1000
9605106 579 1000
9610775 580 1000
9615853 581 1000
9620607 582 1000
9626712 583 1000
9633439 584 1000
9638576 585 1000
9643025 586 1000
9646002 587 1000
9650063 588 1000
9654525 589 1000
9658417 590 1000
9662508 591 1000
9667381 592 1000
9672147 593 1000
9676412 594 1000
9680367 595 1000
9685602 596 1000
9692094 597 1000
9697199 598 1000
9701086 599 1000
9705724 600 1000
9710557 601 1000
9715915 602 1000
9720535 603 1000
9723959 604 1000
9729600 605 1000
9736389 606 1000
9739529 607 1000
9744257 608 1000
9749788 609 1000
9755810 610 1000
9760855 611 1000
9764191 612 1000
9767895 613 1000
9772587 614 1000
9775864 615 1000
9781653 616 1000
9787040 617 1000
9790471 618 1000
9795259 619 1000
9800707 620 1000
9804937 621 1000
9808886 622 1000
9814167 623 1000
9817877 624 1000
9822634 625 1000
9826046 626 1000
9829337 627 1000
9833102 628 1000
9838101 629 1000
9842676 630 1000
9847171 631 1000
9852340 632 1000
9856576 633 1000
9860019 634 1000
9864973 635 1000
9869625 636 1000
9873046 637 1000
9876943 638 1000
9881637 639 1000
9886510 640 1000
9890732 641 1000
9894942 642 1000
9899070 643 1000
9903763 644 1000
9908408 645 1000
9913263 646 1000
9918960 647 1000
9922690 648 1000
9926944 649 1000
9931101 650 1000
9934823 651 1000
9938741 652 1000
9941686 653 1000
9945697 654 1000
9951603 655 1000
9955618 656 1000
9959923 657 1000
9962669 658 1000
9967357 659 1000
9972184 660 1000
9976711 661 1000
9979990 662 1000
9982948 663 1000
9988969 664 1000
9992022 665 1000
9997192 666 1000
10000456 667 1000
10004123 668 1000
10008089 669 1000
10011406 670 1000
10014868 671 1000
10018027 672 1000
10023636 673 1000
10027846 674 1000
10031505 675 1000
10035143 676 1000
10037582 677 1000
10041730 678 1000
10045687 679 1000
10050366 680 1000
10053992 681 1000
10057997 682 1000
10061089 683 1000
10065047 684 1000
10067456 685 1000
10073944 686 1000
10077679 687 1000
10081586 688 1000
10085342 689 1000
10088592 690 1000
10091684 691 1000
10097566 692 1000
10102814 693 1000
10107751 694 1000
10111036 695 1000
10117761 696 1000
10121236 697 1000
10124632 698 1000
10129809 699 1000
10136360 700 1000
10139617 701 1000
10143528 702 1000
10146557 703 1000
10151936 704 1000
10156783 705 1000
10160649 706 1000
10164551 707 1000
10167976 708 1000
10172098 709 1000
10176515 710 1000
10179386 711 1000
10185324 712 1000
10190647 713 1000
10194442 714 1000
10197070 715 1000
10201848 716 1000
10205780 717 1000
10208825 718 1000
10213841 719 1000
10220608 720 1000
10224123 721 1000
10229017 722 1000
10232838 723 1000
10237167 724 1000
10240371 725 1000
10243778 726 1000
10247184 727 1000
10250816 728 1000
10254838 729 1000
10258620 730 1000
10262543 731 1000
10268407 732 1000
10272621 733 1000
10275708 734 1000
10279953 735 1000
10284567 736 1000
10288491 737 1000
10292272 738 1000
10297104 739 1000
10300803 740 1000
10306679 741 1000
10313341 742 1000
10317546 743 1000
10322011 744 1000
10326516 745 1000
10331447 746 1000
10337443 747 1000
10342247 748 1000
10347330 749 1000
10351636 750 1000
10356029 751 1000
10358893 752 1000
10363456 753 1000
10368350 754 1000
10371997 755 1000
10374953 756 1000
10379367 757 1000
10382664 758 1000
10385648 759 1000
10389160 760 1000
10392755 761 1000
10396711 762 1000
10402417 763 1000
10406135 764 1000
10410545 765 1000
10414466 766 1000
10419820 767 1000
10424684 768 1000
10429345 769 1000
10433790 770 1000
10438056 771 1000
10442883 772 1000
10447876 773 1000
10454372 774 1000
10463441 775 1000
10468970 776 1000
10474433 777 1000
10479424 778 1000
10488638 779 1000
10493961 780 1000
10499794 781 1000
10505026 782 1000
10510288 783 1000
10516342 784 1000
10522625 785 1000
10529076 786 1000
10537049 787 1000
10545402 788 1000
10552458 789 1000
10559966 790 1000
10566655 791 1000
10576843 792 1000
10586107 793 1000
10594601 794 1000
10600788 795 1000
10611280 796 1000
10622143 797 1000
10632169 798 1000
10648997 799 1000
10659053 800 1000
10665805 801 1000
10677154 802 1000
10684610 803 1000
10695133 804 1000
10703957 805 1000
10714389 806 1000
10724643 807 1000
10732979 808 1000
10740800 809 1000
10751699 810 1000
10762204 811 1000
10773877 812 1000
10784479 813 1000
10794028 814 1000
10806915 815 1000
10817935 816 1000
10841403 817 1000
10858431 818 1000
10871343 819 1000
10888100 820 1000
10901213 821 1000
10917017 822 1000
10932135 823 1000
10945547 824 1000
10958575 825 1000
10975498 826 1000
10989586 827 1000
11005874 828 1000
11029650 829 1000
11047855 830 1000
11074914 831 1000
11135280 832 1000
11157774 833 1000
11200809 834 1000
11251450 835 1000
11305322 836 1000
11377380 837 1000
11452522 838 1000
11518997 839 1000
11576324 840 1000
11649483 841 1000
11748338 842 1000
11851442 843 1000
11939253 844 1000
11996894 845 1000
12081717 846 1000
12186286 847 1000
12235676 848 1000
12264132 849 1000
12306136 850 1000
12372664 851 1000
12415458 852 1000
12475132 853 1000
12528502 854 1000
12584982 855 1000
12632033 856 1000
12682785 857 1000
12715636 858 1000
12756323 859 1000
12780899 860 1000
12834582 861 1000
12884748 862 1000
12924460 863 1000
12974199 864 1000
13018942 865 1000
13069522 866 1000
13115996 867 1000
13166878 868 1000
13216980 869 1000
13255013 870 1000
13280813 871 1000
13314001 872 1000
13344827 873 1000
13372645 874 1000
13406858 875 1000
13427457 876 1000
13452738 877 1000
13486551 878 1000
13515195 879 1000
13546101 880 1000
13571853 881 1000
13595646 882 1000
13620088 883 1000
13648214 884 1000
13675566 885 1000
13692510 886 1000
13720860 887 1000
13748941 888 1000
13798444 889 1000
13839575 890 1000
13866208 891 1000
13900027 892 1000
13926108 893 1000
13964403 894 1000
13990991 895 1000
14015717 896 1000
14050559 897 1000
14096856 898 1000
14134406 899 1000
14171388 900 1000
14206038 901 1000
14238745 902 1000
14269163 903 1000
14298356 904 1000
14338430 905 1000
14363728 906 1000
14390649 907 1000
14410879 908 1000
14421188 909 1000
14444772 910 1000
14465447 911 1000
14489121 912 1000
14509130 913 1000
14528823 914 1000
14555724 915 1000
14578671 916 1000
14617987 917 1000
14652750 918 1000
14678649 919 1000
14711231 920 1000
14749073 921 1000
14769768 922 1000
14801379 923 1000
14820974 924 1000
14848963 925 1000
14882792 926 1000
14909504 927 1000
14937843 928 1000
14962188 929 1000
14984443 930 1000
15036605 931 1000
15090789 932 1000
15156481 933 1000
15206389 934 1000
15251909 935 1000
15293416 936 1000
15359827 937 1000
15402845 938 1000
15453587 939 1000
15516454 940 1000
15579009 941 1000
15632180 942 1000
15704390 943 1000
15826175 944 1000
16029271 945 1000
16373472 946 1000
16660797 947 1000
17023569 948 1000
17255219 949 1000
17473073 950 1000
17660390 951 1000
17862894 952 1000
18009948 953 1000
18186371 954 1000
18424846 955 1000
18898640 956 1000
19363336 957 1000
19915052 958 1000
20507443 959 1000
21674633 960 1000
22852877 961 1000
24295285 962 1000
25018950 963 1000
26226187 964 1000
27829978 965 1000
30647999 966 1000
40380743 967 1000
43125119 968 1000
45503932 969 1000
51037890 970 1000
54994822 971 1000
62430236 972 1000
73974852 973 1000
77997561 974 1000
87186245 975 1000
93453423 976 1000
100761086 977 1000
103369035 978 1000
111918140 979 1000
120113350 980 1000
123607276 981 1000
124816538 982 1000
128787392 983 1000
137533403 984 1000
151891781 985 1000
155604956 986 1000
158374645 987 1000
161459717 988 1000
172590083 989 1000
182125731 990 1000
192138089 991 1000
197427153 992 1000
199339899 993 1000
205373585 994 1000
216873458 995 1000
233365622 996 1000
241968480 997 1000
256763017 998 1000
272951230 999 1000
