2096920 0 1000
2570331 1 1000
2647503 2 1000
2678915 3 1000
2711394 4 1000
2732212 5 1000
2740558 6 1000
2758007 7 1000
2779197 8 1000
2801447 9 1000
2811462 10 1000
2844142 11 1000
2855411 12 1000
2863610 13 1000
2886868 14 1000
2899658 15 1000
2913917 16 1000
2937877 17 1000
2951821 18 1000
2962866 19 1000
2972401 20 1000
2980336 21 1000
2985620 22 1000
2993473 23 1000
3004428 24 1000
3013323 25 1000
3022632 26 1000
3031474 27 1000
3041903 28 1000
3043826 29 1000
3051701 30 1000
3061759 31 1000
3067136 32 1000
3075864 33 1000
3079479 34 1000
3085343 35 1000
3092956 36 1000
3099400 37 1000
3108928 38 1000
3117482 39 1000
3122272 40 1000
3128759 41 1000
3131708 42 1000
3137061 43 1000
3141581 44 1000
3149050 45 1000
3152567 46 1000
3155363 47 1000
3165914 48 1000
3169384 49 1000
3174359 50 1000
3177993 51 1000
3186693 52 1000
3190064 53 1000
3197769 54 1000
3203487 55 1000
3205147 56 1000
3208742 57 1000
3212228 58 1000
3217252 59 1000
3222861 60 1000
3227094 61 1000
3229044 62 1000
3235926 63 1000
3243268 64 1000
3246308 65 1000
3253404 66 1000
3256839 67 1000
3262313 68 1000
3266169 69 1000
3269738 70 1000
3274351 71 1000
3276944 72 1000
3278044 73 1000
3280554 74 1000
3285772 75 1000
3286951 76 1000
3289097 77 1000
3290714 78 1000
3295076 79 1000
3297552 80 1000
3303678 81 1000
3305146 82 1000
3307871 83 1000
3311221 84 1000
3315121 85 1000
3318522 86 1000
3320924 87 1000
3325865 88 1000
3331089 89 1000
3336754 90 1000
3340291 91 1000
3343131 92 1000
3345687 93 1000
3349854 94 1000
3352333 95 1000
3354447 96 1000
3356368 97 1000
3358779 98 1000
3361183 99 1000
3363057 100 1000
3366785 101 1000
3368816 102 1000
3372660 103 1000
3375110 104 1000
3377247 105 1000
3380079 106 1000
3384893 107 1000
3388804 108 1000
3391720 109 1000
3394295 110 1000
3397313 111 1000
3398711 112 1000
3402044 113 1000
3403586 114 1000
3405975 115 1000
3409480 116 1000
3414631 117 1000
3419007 118 1000
3420848 119 1000
3427241 120 1000
3431216 121 1000
3432613 122 1000
3435855 123 1000
3441650 124 1000
3445552 125 1000
3449446 126 1000
3450823 127 1000
3453137 128 1000
3453779 129 1000
3458080 130 1000
3459759 131 1000
3462068 132 1000
3465043 133 1000
3467345 134 1000
3470451 135 1000
3473251 136 1000
3475065 137 1000
3476197 138 1000
3482371 139 1000
3487499 140 1000
3492245 141 1000
3495531 142 1000
3499834 143 1000
3505615 144 1000
3512946 145 1000
3518879 146 1000
3526031 147 1000
3530197 148 1000
3535440 149 1000
3536551 150 1000
3541620 151 1000
3554436 152 1000
3556842 153 1000
3562257 154 1000
3566323 155 1000
3569147 156 1000
3575051 157 1000
3582186 158 1000
3588544 159 1000
3591908 160 1000
3593862 161 1000
3594990 162 1000
3604318 163 1000
3607572 164 1000
3612278 165 1000
3619486 166 1000
3624986 167 1000
3628582 168 1000
3630737 169 1000
3634259 170 1000
3637413 171 1000
3645578 172 1000
3651240 173 1000
3653240 174 1000
3656397 175 1000
3661072 176 1000
3665933 177 1000
3670777 178 1000
3674779 179 1000
3680330 180 1000
3682167 181 1000
3691149 182 1000
3700645 183 1000
3704495 184 1000
3708640 185 1000
3713306 186 1000
3719452 187 1000
3727132 188 1000
3732378 189 1000
3736274 190 1000
3741298 191 1000
3744294 192 1000
3748219 193 1000
3750450 194 1000
3757591 195 1000
3763094 196 1000
3765980 197 1000
3769193 198 1000
3778954 199 1000
3783895 200 1000
3787928 201 1000
3793437 202 1000
3797752 203 1000
3803624 204 1000
3811700 205 1000
3815763 206 1000
3825246 207 1000
3839001 208 1000
3845848 209 1000
3852841 210 1000
3857643 211 1000
3866701 212 1000
3873186 213 1000
3876715 214 1000
3884450 215 1000
3889434 216 1000
3895849 217 1000
3901006 218 1000
3910688 219 1000
3911861 220 1000
3919209 221 1000
3929354 222 1000
3937240 223 1000
3939600 224 1000
3950467 225 1000
3959711 226 1000
3961938 227 1000
3966009 228 1000
3977732 229 1000
3985300 230 1000
3990601 231 1000
3992682 232 1000
3998231 233 1000
4004751 234 1000
4008749 235 1000
4015339 236 1000
4022371 237 1000
4028949 238 1000
4035225 239 1000
4044496 240 1000
4051764 241 1000
4061783 242 1000
4065170 243 1000
4077560 244 1000
4080451 245 1000
4087729 246 1000
4096107 247 1000
4122904 248 1000
4128355 249 1000
4142429 250 1000
4150858 251 1000
4164359 252 1000
4173878 253 1000
4180603 254 1000
4185423 255 1000
4188735 256 1000
4195275 257 1000
4205547 258 1000
4218970 259 1000
4231689 260 1000
4235110 261 1000
4240668 262 1000
4244004 263 1000
4247241 264 1000
4254014 265 1000
4258791 266 1000
4260777 267 1000
4266606 268 1000
4271377 269 1000
4278074 270 1000
4282572 271 1000
4287627 272 1000
4293090 273 1000
4299958 274 1000
4304754 275 1000
4305980 276 1000
4309507 277 1000
4310650 278 1000
4315768 279 1000
4318863 280 1000
4321352 281 1000
4326591 282 1000
4335217 283 1000
4340074 284 1000
4344027 285 1000
4346288 286 1000
4349080 287 1000
4352675 288 1000
4354760 289 1000
4357200 290 1000
4360910 291 1000
4363310 292 1000
4366146 293 1000
4369417 294 1000
4371404 295 1000
4373332 296 1000
4374437 297 1000
4381757 298 1000
4384493 299 1000
4389639 300 1000
4393554 301 1000
4396201 302 1000
4397694 303 1000
4400598 304 1000
4403748 305 1000
4408194 306 1000
4410208 307 1000
4413039 308 1000
4420315 309 1000
4424164 310 1000
4426278 311 1000
4430527 312 1000
4431706 313 1000
4433098 314 1000
4434582 315 1000
4436802 316 1000
4438916 317 1000
4441410 318 1000
4446877 319 1000
4451781 320 1000
4454183 321 1000
4456654 322 1000
4459207 323 1000
4459912 324 1000
4462338 325 1000
4468926 326 1000
4472013 327 1000
4475801 328 1000
4478648 329 1000
4482475 330 1000
4484287 331 1000
4487033 332 1000
4488266 333 1000
4489734 334 1000
4491701 335 1000
4493180 336 1000
4494686 337 1000
4495804 338 1000
4498799 339 1000
4501721 340 1000
4504043 341 1000
4508268 342 1000
4510922 343 1000
4515236 344 1000
4517096 345 1000
4519482 346 1000
4522262 347 1000
4524740 348 1000
4525798 349 1000
4529980 350 1000
4531586 351 1000
4532178 352 1000
4534518 353 1000
4536445 354 1000
4538204 355 1000
4540365 356 1000
4544048 357 1000
4545429 358 1000
4547736 359 1000
4549878 360 1000
4552440 361 1000
4555645 362 1000
4559120 363 1000
4563844 364 1000
4564991 365 1000
4565904 366 1000
4567509 367 1000
4572448 368 1000
4576095 369 1000
4577999 370 1000
4578637 371 1000
4581598 372 1000
4585341 373 1000
4587841 374 1000
4589700 375 1000
4591869 376 1000
4596519 377 1000
4599175 378 1000
4604399 379 1000
4607076 380 1000
4609521 381 1000
4612241 382 1000
4614196 383 1000
4616555 384 1000
4619388 385 1000
4623213 386 1000
4627168 387 1000
4628735 388 1000
4633809 389 1000
4635376 390 1000
4638220 391 1000
4640150 392 1000
4641808 393 1000
4645005 394 1000
4648842 395 1000
4651841 396 1000
4654694 397 1000
4656413 398 1000
4662950 399 1000
4665966 400 1000
4667104 401 1000
4667659 402 1000
4673100 403 1000
4675148 404 1000
4676536 405 1000
4679583 406 1000
4682387 407 1000
4685691 408 1000
4688776 409 1000
4691759 410 1000
4692969 411 1000
4694463 412 1000
4696764 413 1000
4699160 414 1000
4700271 415 1000
4702276 416 1000
4704008 417 1000
4706768 418 1000
4708335 419 1000
4709851 420 1000
4712247 421 1000
4714299 422 1000
4717616 423 1000
4719628 424 1000
4720806 425 1000
4723782 426 1000
4726765 427 1000
4729679 428 1000
4730855 429 1000
4731716 430 1000
4733117 431 1000
4736088 432 1000
4737780 433 1000
4739689 434 1000
4743403 435 1000
4744273 436 1000
4745693 437 1000
4749920 438 1000
4752773 439 1000
4755227 440 1000
4756759 441 1000
4758166 442 1000
4760800 443 1000
4761788 444 1000
4764049 445 1000
4765236 446 1000
4767045 447 1000
4769062 448 1000
4770192 449 1000
4771476 450 1000
4773757 451 1000
4776051 452 1000
4778277 453 1000
4779779 454 1000
4781237 455 1000
4784695 456 1000
4786437 457 1000
4790048 458 1000
4791452 459 1000
4793036 460 1000
4795089 461 1000
4796150 462 1000
4797475 463 1000
4798578 464 1000
4800022 465 1000
4801219 466 1000
4802837 467 1000
4805825 468 1000
4807196 469 1000
4809845 470 1000
4811410 471 1000
4814713 472 1000
4816299 473 1000
4818399 474 1000
4821392 475 1000
4823479 476 1000
4824494 477 1000
4826457 478 1000
4828219 479 1000
4829271 480 1000
4829767 481 1000
4831495 482 1000
4832732 483 1000
4835946 484 1000
4837781 485 1000
4839686 486 1000
4841796 487 1000
4842875 488 1000
4844652 489 1000
4846944 490 1000
4847876 491 1000
4848618 492 1000
4850342 493 1000
4852080 494 1000
4853033 495 1000
4855374 496 1000
4857032 497 1000
4858718 498 1000
4861005 499 1000
4863493 500 1000
4864027 501 1000
4865222 502 1000
4866605 503 1000
4868277 504 1000
4869391 505 1000
4871369 506 1000
4873216 507 1000
4874271 508 1000
4876079 509 1000
4876490 510 1000
4877351 511 1000
4878633 512 1000
4881435 513 1000
4883167 514 1000
4884362 515 1000
4885307 516 1000
4886978 517 1000
4887658 518 1000
4889093 519 1000
4890605 520 1000
4891137 521 1000
4891554 522 1000
4892284 523 1000
4892842 524 1000
4893194 525 1000
4895017 526 1000
4896135 527 1000
4898006 528 1000
4899375 529 1000
4900812 530 1000
4902688 531 1000
4904437 532 1000
4905343 533 1000
4906621 534 1000
4908344 535 1000
4910249 536 1000
4910694 537 1000
4913027 538 1000
4913859 539 1000
4915855 540 1000
4918333 541 1000
4920854 542 1000
4922912 543 1000
4924085 544 1000
4924923 545 1000
4926537 546 1000
4927888 547 1000
4931136 548 1000
4933107 549 1000
4933761 550 1000
4935406 551 1000
4937389 552 1000
4938435 553 1000
4939400 554 1000
4941247 555 1000
4942233 556 1000
4944126 557 1000
4946254 558 1000
4947649 559 1000
4948669 560 1000
4949805 561 1000
4952538 562 1000
4954430 563 1000
4955180 564 1000
4955951 565 1000
4956825 566 1000
4957795 567 1000
4958888 568 1000
4960279 569 1000
4960906 570 1000
4962025 571 1000
4962948 572 1000
4965386 573 1000
4966488 574 1000
4967072 575 1000
4968220 576 1000
4969305 577 1000
4970707 578 1000
4971697 579 1000
4972522 580 1000
4972666 581 1000
4974016 582 1000
4974904 583 1000
4976728 584 1000
4977838 585 1000
4979687 586 1000
4980522 587 1000
4981996 588 1000
4983709 589 1000
4984688 590 1000
4985142 591 1000
4986834 592 1000
4988412 593 1000
4990039 594 1000
4990923 595 1000
4992457 596 1000
4993318 597 1000
4994117 598 1000
4995160 599 1000
4995876 600 1000
4997725 601 1000
4998332 602 1000
4998959 603 1000
4999955 604 1000
5001774 605 1000
5003343 606 1000
5003815 607 1000
5004731 608 1000
5005900 609 1000
5006559 610 1000
5006997 611 1000
5007150 612 1000
5007892 613 1000
5009509 614 1000
5009823 615 1000
5011088 616 1000
5011800 617 1000
5012984 618 1000
5013625 619 1000
5014619 620 1000
5015485 621 1000
5016407 622 1000
5018423 623 1000
5019122 624 1000
5019884 625 1000
5020904 626 1000
5021549 627 1000
5022668 628 1000
5023230 629 1000
5023558 630 1000
5023946 631 1000
5024832 632 1000
5025540 633 1000
5025923 634 1000
5026672 635 1000
5027534 636 1000
5027965 637 1000
5028561 638 1000
5029897 639 1000
5030333 640 1000
5031146 641 1000
5031896 642 1000
5032203 643 1000
5032685 644 1000
5032958 645 1000
5033434 646 1000
5033990 647 1000
5034779 648 1000
5035104 649 1000
5036160 650 1000
5036667 651 1000
5036931 652 1000
5037745 653 1000
5038078 654 1000
5038229 655 1000
5038752 656 1000
5039272 657 1000
5039549 658 1000
5039937 659 1000
5040359 660 1000
5040944 661 1000
5041128 662 1000
5041534 663 1000
5041773 664 1000
5042731 665 1000
5043588 666 1000
5044073 667 1000
5045004 668 1000
5045372 669 1000
5046103 670 1000
5047132 671 1000
5047690 672 1000
5048263 673 1000
5048748 674 1000
5049286 675 1000
5049812 676 1000
5050429 677 1000
5050809 678 1000
5051293 679 1000
5051781 680 1000
5051995 681 1000
5052588 682 1000
5053534 683 1000
5054492 684 1000
5055070 685 1000
5055691 686 1000
5056188 687 1000
5056790 688 1000
5057680 689 1000
5058205 690 1000
5058657 691 1000
5059270 692 1000
5059730 693 1000
5060069 694 1000
5060465 695 1000
5060779 696 1000
5061525 697 1000
5061820 698 1000
5062383 699 1000
5063130 700 1000
5063966 701 1000
5064402 702 1000
5065046 703 1000
5065737 704 1000
5066835 705 1000
5067857 706 1000
5068147 707 1000
5068659 708 1000
5068903 709 1000
5069870 710 1000
5070408 711 1000
5071092 712 1000
5072094 713 1000
5072507 714 1000
5072997 715 1000
5073741 716 1000
5074232 717 1000
5075361 718 1000
5075996 719 1000
5076544 720 1000
5077302 721 1000
5078294 722 1000
5079275 723 1000
5080867 724 1000
5081845 725 1000
5082735 726 1000
5083265 727 1000
5083844 728 1000
5085861 729 1000
5086762 730 1000
5088515 731 1000
5089871 732 1000
5090618 733 1000
5092562 734 1000
5094009 735 1000
5094717 736 1000
5096109 737 1000
5098415 738 1000
5099210 739 1000
5100715 740 1000
5101557 741 1000
5104654 742 1000
5105932 743 1000
5107250 744 1000
5109086 745 1000
5110337 746 1000
5111349 747 1000
5112668 748 1000
5115254 749 1000
5116033 750 1000
5117052 751 1000
5119054 752 1000
5119504 753 1000
5120300 754 1000
5120819 755 1000
5123177 756 1000
5123758 757 1000
5125212 758 1000
5126186 759 1000
5126923 760 1000
5128262 761 1000
5129342 762 1000
5130549 763 1000
5132218 764 1000
5133083 765 1000
5135264 766 1000
5137571 767 1000
5138290 768 1000
5140007 769 1000
5143410 770 1000
5144116 771 1000
5145591 772 1000
5146961 773 1000
5148922 774 1000
5150346 775 1000
5152174 776 1000
5153670 777 1000
5155842 778 1000
5158301 779 1000
5161676 780 1000
5163210 781 1000
5164953 782 1000
5166415 783 1000
5168556 784 1000
5171370 785 1000
5174146 786 1000
5176684 787 1000
5177268 788 1000
5178158 789 1000
5178921 790 1000
5180527 791 1000
5181361 792 1000
5181973 793 1000
5184089 794 1000
5186477 795 1000
5188711 796 1000
5190258 797 1000
5192534 798 1000
5194204 799 1000
5195938 800 1000
5198819 801 1000
5202628 802 1000
5204588 803 1000
5206225 804 1000
5206919 805 1000
5209117 806 1000
5211333 807 1000
5213345 808 1000
5216422 809 1000
5218080 810 1000
5219012 811 1000
5223824 812 1000
5229124 813 1000
5231033 814 1000
5232402 815 1000
5234218 816 1000
5237634 817 1000
5241041 818 1000
5244829 819 1000
5250234 820 1000
5251817 821 1000
5254533 822 1000
5258109 823 1000
5261427 824 1000
5265584 825 1000
5268596 826 1000
5270145 827 1000
5272820 828 1000
5274606 829 1000
5279641 830 1000
5282963 831 1000
5287097 832 1000
5290065 833 1000
5291113 834 1000
5295720 835 1000
5298510 836 1000
5304676 837 1000
5309952 838 1000
5316603 839 1000
5321030 840 1000
5327158 841 1000
5331656 842 1000
5350316 843 1000
5356683 844 1000
5364499 845 1000
5371612 846 1000
5376631 847 1000
5381415 848 1000
5396018 849 1000
5407140 850 1000
5416837 851 1000
5425129 852 1000
5440417 853 1000
5459181 854 1000
5470210 855 1000
5476897 856 1000
5496144 857 1000
5507712 858 1000
5527180 859 1000
5542808 860 1000
5556503 861 1000
5562849 862 1000
5584645 863 1000
5598360 864 1000
5633564 865 1000
5650337 866 1000
5656070 867 1000
5671758 868 1000
5686970 869 1000
5699926 870 1000
5726985 871 1000
5740444 872 1000
5752478 873 1000
5765057 874 1000
5779687 875 1000
5800727 876 1000
5807746 877 1000
5870139 878 1000
5903194 879 1000
5948295 880 1000
6018675 881 1000
6037531 882 1000
6058575 883 1000
6118414 884 1000
6191038 885 1000
6225640 886 1000
6253465 887 1000
6329161 888 1000
6343940 889 1000
6422673 890 1000
6569134 891 1000
6620892 892 1000
6649749 893 1000
6692678 894 1000
6721393 895 1000
6790977 896 1000
6881039 897 1000
7010677 898 1000
7048246 899 1000
7070900 900 1000
7119314 901 1000
7144091 902 1000
7181682 903 1000
7231944 904 1000
7272154 905 1000
7325906 906 1000
7362125 907 1000
7446658 908 1000
7581065 909 1000
7747118 910 1000
7827329 911 1000
7988864 912 1000
8041971 913 1000
8100481 914 1000
8198167 915 1000
8252141 916 1000
8354005 917 1000
8400732 918 1000
8458181 919 1000
8504641 920 1000
8529420 921 1000
8668094 922 1000
8690611 923 1000
8722359 924 1000
8772148 925 1000
8866481 926 1000
8952605 927 1000
9095570 928 1000
9256415 929 1000
9496228 930 1000
9693788 931 1000
9965627 932 1000
10217510 933 1000
10551251 934 1000
11026378 935 1000
12445626 936 1000
13404714 937 1000
13737828 938 1000
14093107 939 1000
14285703 940 1000
18782208 941 1000
19707370 942 1000
20265282 943 1000
21186646 944 1000
21932889 945 1000
22321354 946 1000
24714050 947 1000
25243344 948 1000
25611823 949 1000
25820653 950 1000
28183089 951 1000
32750771 952 1000
35033018 953 1000
44288635 954 1000
45081043 955 1000
46468836 956 1000
49386519 957 1000
65773689 958 1000
70815208 959 1000
75766380 960 1000
85188600 961 1000
90836512 962 1000
94769987 963 1000
95342316 964 1000
100984769 965 1000
103438250 966 1000
126095594 967 1000
126705114 968 1000
127897417 969 1000
128091857 970 1000
133780672 971 1000
143511477 972 1000
145780558 973 1000
146095516 974 1000
150083115 975 1000
157960177 976 1000
163654088 977 1000
168903846 978 1000
192743868 979 1000
210209845 980 1000
212730860 981 1000
214159429 982 1000
215290118 983 1000
232971769 984 1000
243415788 985 1000
273980389 986 1000
276394368 987 1000
284262927 988 1000
287589142 989 1000
307860994 990 1000
337482583 991 1000
338758512 992 1000
341000707 993 1000
343353630 994 1000
361103130 995 1000
370983687 996 1000
373286244 997 1000
374383385 998 1000
375506384 999 1000
