# load avg(tp, lat, bwr, bww, cpu, tps, brps, bwps), sd(...), ci(...)
10 10 49964.8519534 17.3529939027 65200709.3811 50779619.8981 28.1499090909 2.22336309524 0.0 18.4297619048 10 0.0 0.0 0.0 0.0 0.0 0.0 0.0 0.0 10 0.0 0.0 0.0 0.0 0.0 0.0 0.0 0.0 
25 25 66146.9548564 25.0772962794 85124892.5296 66287606.3725 35.9680909091 2.29021158009 0.0 18.9243198052 25 0.0 0.0 0.0 0.0 0.0 0.0 0.0 0.0 25 0.0 0.0 0.0 0.0 0.0 0.0 0.0 0.0 
30 30 66016.5358645 26.5446500174 85154248.7288 66215588.7525 36.0536363636 2.13241341991 0.0 17.5683982684 30 0.0 0.0 0.0 0.0 0.0 0.0 0.0 0.0 30 0.0 0.0 0.0 0.0 0.0 0.0 0.0 0.0 
50 50 68622.6635522 33.0614713304 88303103.5516 68960467.0541 37.2950353535 2.45415151515 0.0 20.4817272727 50 0.0 0.0 0.0 0.0 0.0 0.0 0.0 0.0 50 0.0 0.0 0.0 0.0 0.0 0.0 0.0 0.0 
70 70 67710.1460019 40.089948908 89354780.8979 69663638.7702 36.5559313725 2.33717508798 0.0 19.4968614882 70 0.0 0.0 0.0 0.0 0.0 0.0 0.0 0.0 70 0.0 0.0 0.0 0.0 0.0 0.0 0.0 0.0 
75 75 69414.2888016 41.0458058095 91169268.6654 71058278.9996 37.0678431373 2.24780040221 0.0 18.7144293615 75 0.0 0.0 0.0 0.0 0.0 0.0 0.0 0.0 75 0.0 0.0 0.0 0.0 0.0 0.0 0.0 0.0 
125 125 69503.0972933 58.0390743794 91311411.8413 71116037.7045 37.7940196078 2.12261186526 0.0 17.5299145299 125 0.0 0.0 0.0 0.0 0.0 0.0 0.0 0.0 125 0.0 0.0 0.0 0.0 0.0 0.0 0.0 0.0 
175 175 69404.1579148 73.3989055122 91350630.6549 71168505.5588 38.0495098039 2.19297385621 0.0 18.2758169935 175 0.0 0.0 0.0 0.0 0.0 0.0 0.0 0.0 175 0.0 0.0 0.0 0.0 0.0 0.0 0.0 0.0 
225 225 69515.8166185 92.0662485481 92404304.7366 72036753.9196 38.5432352941 2.09725490196 0.0 17.5362418301 225 0.0 0.0 0.0 0.0 0.0 0.0 0.0 0.0 225 0.0 0.0 0.0 0.0 0.0 0.0 0.0 0.0 
