# load avg(tp, lat, bwr, bww, cpu, tps, brps, bwps), sd(...), ci(...)
1 1 17488.399706 1.70100320722 30607199.1671 22544053.7061 33.1603773585 2.10301886792 0.0 17.1261320755 1 0.0 0.0 0.0 0.0 0.0 0.0 0.0 0.0 1 0.0 0.0 0.0 0.0 0.0 0.0 0.0 0.0 
2 2 31733.9903608 1.8325881327 44389400.4855 30071706.7129 44.4598113208 2.03773584906 0.0 16.3018867925 2 0.0 0.0 0.0 0.0 0.0 0.0 0.0 0.0 2 0.0 0.0 0.0 0.0 0.0 0.0 0.0 0.0 
3 3 34254.2810097 2.5583708969 50305785.7681 34876237.704 46.9949056604 1.43396226415 0.0 12.6037735849 3 0.0 0.0 0.0 0.0 0.0 0.0 0.0 0.0 3 0.0 0.0 0.0 0.0 0.0 0.0 0.0 0.0 
4 4 39146.8388093 2.81550076023 55396701.496 37090079.3196 49.4753773585 1.69811320755 0.0 13.7358490566 4 0.0 0.0 0.0 0.0 0.0 0.0 0.0 0.0 4 0.0 0.0 0.0 0.0 0.0 0.0 0.0 0.0 
5 5 40450.2674465 3.48040846104 58222776.2245 39685617.9808 51.3050943396 1.45283018868 0.0 11.6226415094 5 0.0 0.0 0.0 0.0 0.0 0.0 0.0 0.0 5 0.0 0.0 0.0 0.0 0.0 0.0 0.0 0.0 
6 6 42539.7795969 4.03108504689 59311406.569 40229965.3526 51.7550943396 1.6320754717 0.0 14.1886792453 6 0.0 0.0 0.0 0.0 0.0 0.0 0.0 0.0 6 0.0 0.0 0.0 0.0 0.0 0.0 0.0 0.0 
7 7 42725.688902 4.6698255286 61430281.9229 41991668.0721 52.324245283 1.60377358491 0.0 12.8301886792 7 0.0 0.0 0.0 0.0 0.0 0.0 0.0 0.0 7 0.0 0.0 0.0 0.0 0.0 0.0 0.0 0.0 
8 8 42686.4782598 5.12004144929 60169420.7582 40853643.9669 51.6640566038 1.95283018868 0.0 16.1509433962 8 0.0 0.0 0.0 0.0 0.0 0.0 0.0 0.0 8 0.0 0.0 0.0 0.0 0.0 0.0 0.0 0.0 
9 9 43141.5179498 5.85590665473 61514327.6594 42008724.7727 52.820754717 1.7358490566 0.0 13.8867924528 9 0.0 0.0 0.0 0.0 0.0 0.0 0.0 0.0 9 0.0 0.0 0.0 0.0 0.0 0.0 0.0 0.0 
10 10 44984.7025228 5.69422475633 64551673.8064 43748326.8616 52.1582714286 1.8 0.0 14.48 10 0.0 0.0 0.0 0.0 0.0 0.0 0.0 0.0 10 0.0 0.0 0.0 0.0 0.0 0.0 0.0 0.0 
20 20 45387.5806511 11.7700799888 64429530.0561 43845026.4404 54.5564150943 1.65094339623 0.0 13.8113207547 20 0.0 0.0 0.0 0.0 0.0 0.0 0.0 0.0 20 0.0 0.0 0.0 0.0 0.0 0.0 0.0 0.0 
25 25 45421.2809066 14.6279092359 65610790.0996 44707426.4969 54.3628301887 1.7641509434 0.0 14.4150943396 25 0.0 0.0 0.0 0.0 0.0 0.0 0.0 0.0 25 0.0 0.0 0.0 0.0 0.0 0.0 0.0 0.0 
35 35 45869.8188228 20.2701348429 66228013.9177 45401555.8982 55.2606603774 1.70754716981 0.0 13.8867924528 35 0.0 0.0 0.0 0.0 0.0 0.0 0.0 0.0 35 0.0 0.0 0.0 0.0 0.0 0.0 0.0 0.0 
40 40 45177.6848389 23.9168418455 64625987.2219 44052165.5697 54.8916981132 1.46226415094 0.0 12.0754716981 40 0.0 0.0 0.0 0.0 0.0 0.0 0.0 0.0 40 0.0 0.0 0.0 0.0 0.0 0.0 0.0 0.0 
50 50 45647.1408253 29.1711591788 65320464.7066 44763095.003 55.1689622642 1.75471698113 0.0 14.7924528302 50 0.0 0.0 0.0 0.0 0.0 0.0 0.0 0.0 50 0.0 0.0 0.0 0.0 0.0 0.0 0.0 0.0 
55 55 45733.857714 31.5371922659 66226724.6413 45162218.6864 55.4618269231 1.65094339623 0.0 13.6603773585 55 0.0 0.0 0.0 0.0 0.0 0.0 0.0 0.0 55 0.0 0.0 0.0 0.0 0.0 0.0 0.0 0.0 
65 65 45296.8262768 37.9067807224 66782580.9852 45731319.7767 55.8381730769 2.06730769231 0.0 17.0 65 0.0 0.0 0.0 0.0 0.0 0.0 0.0 0.0 65 0.0 0.0 0.0 0.0 0.0 0.0 0.0 0.0 
70 70 45121.7303397 41.2295660828 66299778.5655 45529139.1138 55.7312155298 2.01923076923 0.0 16.1538461538 70 0.0 0.0 0.0 0.0 0.0 0.0 0.0 0.0 70 0.0 0.0 0.0 0.0 0.0 0.0 0.0 0.0 
85 85 45792.3763205 58.5340152608 66452698.0378 45435374.5096 55.597703193 1.65275761974 0.0 14.2133526851 85 0.0 0.0 0.0 0.0 0.0 0.0 0.0 0.0 85 0.0 0.0 0.0 0.0 0.0 0.0 0.0 0.0 
100 100 44913.9429355 83.0754453644 65269633.1271 44865905.6646 54.8625 1.69230769231 0.0 14.1538461538 100 0.0 0.0 0.0 0.0 0.0 0.0 0.0 0.0 100 0.0 0.0 0.0 0.0 0.0 0.0 0.0 0.0 
