# load avg(tp, lat, bwr, bww, cpu, tps, brps, bwps), sd(...), ci(...)
1 1 3500.34848456 8.51472174851 7993042.61619 6235026.35295 4.05367924528 2.58490566038 0.0 21.6603773585 1 0.0 0.0 0.0 0.0 0.0 0.0 0.0 0.0 1 0.0 0.0 0.0 0.0 0.0 0.0 0.0 0.0 
2 2 14790.2175669 10.9884399323 33283895.1298 26002403.8584 12.1255424528 2.47169811321 0.0 20.6037735849 2 0.0 0.0 0.0 0.0 0.0 0.0 0.0 0.0 2 0.0 0.0 0.0 0.0 0.0 0.0 0.0 0.0 
3 3 24250.3058178 15.1450705759 55081282.9903 42902356.126 18.5933962264 2.52830188679 0.0 21.5094339623 3 0.0 0.0 0.0 0.0 0.0 0.0 0.0 0.0 3 0.0 0.0 0.0 0.0 0.0 0.0 0.0 0.0 
4 4 32839.4267013 17.8294701597 74334175.5052 58233222.7274 24.5866981132 2.60377358491 0.0 21.6603773585 4 0.0 0.0 0.0 0.0 0.0 0.0 0.0 0.0 4 0.0 0.0 0.0 0.0 0.0 0.0 0.0 0.0 
6 6 38125.3837795 18.7543225721 85438730.5476 66873269.0764 28.991509434 2.69858490566 0.0 22.1169811321 6 0.0 0.0 0.0 0.0 0.0 0.0 0.0 0.0 6 0.0 0.0 0.0 0.0 0.0 0.0 0.0 0.0 
8 8 39514.0992684 20.6678212929 88742772.2138 69326310.8321 30.5204716981 2.74528301887 0.0 22.5660377358 8 0.0 0.0 0.0 0.0 0.0 0.0 0.0 0.0 8 0.0 0.0 0.0 0.0 0.0 0.0 0.0 0.0 
11 11 39917.4404688 22.6683490597 89433456.8192 69914958.7798 30.5016037736 2.57547169811 0.0 21.1320754717 11 0.0 0.0 0.0 0.0 0.0 0.0 0.0 0.0 11 0.0 0.0 0.0 0.0 0.0 0.0 0.0 0.0 
15 15 40125.6555919 24.4624223488 90284824.201 70626139.324 30.895754717 2.28301886792 0.0 20.2264150943 15 0.0 0.0 0.0 0.0 0.0 0.0 0.0 0.0 15 0.0 0.0 0.0 0.0 0.0 0.0 0.0 0.0 
20 20 40170.0891766 27.7834553633 90359355.6891 70707947.349 31.2241509434 2.75471698113 0.0 22.5660377358 20 0.0 0.0 0.0 0.0 0.0 0.0 0.0 0.0 20 0.0 0.0 0.0 0.0 0.0 0.0 0.0 0.0 
27 27 40254.5194779 31.4920156635 91261725.0418 71681449.8248 31.0116037736 2.38679245283 0.0 20.2264150943 27 0.0 0.0 0.0 0.0 0.0 0.0 0.0 0.0 27 0.0 0.0 0.0 0.0 0.0 0.0 0.0 0.0 
36 36 40406.3852315 36.5658998451 91116244.8828 71322696.1023 31.2246226415 2.45245283019 0.0 20.1479245283 36 0.0 0.0 0.0 0.0 0.0 0.0 0.0 0.0 36 0.0 0.0 0.0 0.0 0.0 0.0 0.0 0.0 
47 47 40616.6288447 43.4581790909 91568208.4938 71625726.7972 31.1216981132 2.72641509434 0.0 22.3396226415 47 0.0 0.0 0.0 0.0 0.0 0.0 0.0 0.0 47 0.0 0.0 0.0 0.0 0.0 0.0 0.0 0.0 
62 62 40577.2478996 52.2882842377 92240550.0101 72441765.8034 30.6459379536 2.45283018868 0.0 20.7547169811 62 0.0 0.0 0.0 0.0 0.0 0.0 0.0 0.0 62 0.0 0.0 0.0 0.0 0.0 0.0 0.0 0.0 
81 81 40639.5235262 62.3894901714 91058253.4297 71270848.1081 30.8198113208 2.7358490566 0.0 22.4905660377 81 0.0 0.0 0.0 0.0 0.0 0.0 0.0 0.0 81 0.0 0.0 0.0 0.0 0.0 0.0 0.0 0.0 
