1846504 0 1000
1860810 1 1000
1873619 2 1000
1873834 3 1000
1905285 4 1000
1921854 5 1000
1936794 6 1000
1997237 7 1000
2017070 8 1000
2042969 9 1000
2050674 10 1000
2066809 11 1000
2067255 12 1000
2071334 13 1000
2072851 14 1000
2073793 15 1000
2078870 16 1000
2085203 17 1000
2088666 18 1000
2089244 19 1000
2090604 20 1000
2091795 21 1000
2093267 22 1000
2094237 23 1000
2097536 24 1000
2097825 25 1000
2101099 26 1000
2102606 27 1000
2105728 28 1000
2106271 29 1000
2110135 30 1000
2110386 31 1000
2116068 32 1000
2117928 33 1000
2118839 34 1000
2122201 35 1000
2123382 36 1000
2126748 37 1000
2127099 38 1000
2127512 39 1000
2135029 40 1000
2135645 41 1000
2137538 42 1000
2137898 43 1000
2141927 44 1000
2142472 45 1000
2145365 46 1000
2146912 47 1000
2151399 48 1000
2152745 49 1000
2153124 50 1000
2153584 51 1000
2156498 52 1000
2160924 53 1000
2162171 54 1000
2163203 55 1000
2164285 56 1000
2165431 57 1000
2166942 58 1000
2166992 59 1000
2168274 60 1000
2170350 61 1000
2171485 62 1000
2172651 63 1000
2172747 64 1000
2173075 65 1000
2173550 66 1000
2174401 67 1000
2174541 68 1000
2176603 69 1000
2177132 70 1000
2181232 71 1000
2181351 72 1000
2182056 73 1000
2183407 74 1000
2185605 75 1000
2187039 76 1000
2188293 77 1000
2190568 78 1000
2191597 79 1000
2192803 80 1000
2193003 81 1000
2193146 82 1000
2194463 83 1000
2196585 84 1000
2198528 85 1000
2198599 86 1000
2198918 87 1000
2204132 88 1000
2204564 89 1000
2205228 90 1000
2207175 91 1000
2207541 92 1000
2211304 93 1000
2212023 94 1000
2214104 95 1000
2216894 96 1000
2218413 97 1000
2218438 98 1000
2218833 99 1000
2219440 100 1000
2220767 101 1000
2221550 102 1000
2221643 103 1000
2222641 104 1000
2222642 105 1000
2224885 106 1000
2225547 107 1000
2227426 108 1000
2228395 109 1000
2229369 110 1000
2234483 111 1000
2236812 112 1000
2236992 113 1000
2238634 114 1000
2240365 115 1000
2240858 116 1000
2241089 117 1000
2242767 118 1000
2243285 119 1000
2244558 120 1000
2245514 121 1000
2246845 122 1000
2248682 123 1000
2248744 124 1000
2249715 125 1000
2250489 126 1000
2252790 127 1000
2256463 128 1000
2257993 129 1000
2258471 130 1000
2259782 131 1000
2259920 132 1000
2260005 133 1000
2261234 134 1000
2261577 135 1000
2262269 136 1000
2264843 137 1000
2265348 138 1000
2266411 139 1000
2267294 140 1000
2274682 141 1000
2274792 142 1000
2276826 143 1000
2277504 144 1000
2279962 145 1000
2283590 146 1000
2286418 147 1000
2287936 148 1000
2293545 149 1000
2294349 150 1000
2297044 151 1000
2297546 152 1000
2297896 153 1000
2297966 154 1000
2301064 155 1000
2302198 156 1000
2303909 157 1000
2304146 158 1000
2305510 159 1000
2305951 160 1000
2306426 161 1000
2306734 162 1000
2307316 163 1000
2307428 164 1000
2310393 165 1000
2310407 166 1000
2311045 167 1000
2311472 168 1000
2311479 169 1000
2311494 170 1000
2312137 171 1000
2312262 172 1000
2314888 173 1000
2316134 174 1000
2318112 175 1000
2320217 176 1000
2321282 177 1000
2321460 178 1000
2322127 179 1000
2322140 180 1000
2322852 181 1000
2324358 182 1000
2324924 183 1000
2326304 184 1000
2326374 185 1000
2331087 186 1000
2331139 187 1000
2332218 188 1000
2332736 189 1000
2333156 190 1000
2333433 191 1000
2333930 192 1000
2334666 193 1000
2334802 194 1000
2335840 195 1000
2336431 196 1000
2338283 197 1000
2338716 198 1000
2340738 199 1000
2342833 200 1000
2343766 201 1000
2344164 202 1000
2345682 203 1000
2347577 204 1000
2348975 205 1000
2350062 206 1000
2351169 207 1000
2352415 208 1000
2354686 209 1000
2354869 210 1000
2356940 211 1000
2358736 212 1000
2358964 213 1000
2359160 214 1000
2360663 215 1000
2361545 216 1000
2361916 217 1000
2363301 218 1000
2364023 219 1000
2364279 220 1000
2364700 221 1000
2364905 222 1000
2368711 223 1000
2369420 224 1000
2370501 225 1000
2370868 226 1000
2370889 227 1000
2371620 228 1000
2371707 229 1000
2371729 230 1000
2372246 231 1000
2372368 232 1000
2372894 233 1000
2372913 234 1000
2373126 235 1000
2374394 236 1000
2375783 237 1000
2375884 238 1000
2375957 239 1000
2376229 240 1000
2376405 241 1000
2377238 242 1000
2379666 243 1000
2379673 244 1000
2380894 245 1000
2381189 246 1000
2382503 247 1000
2383089 248 1000
2384202 249 1000
2386417 250 1000
2387125 251 1000
2388490 252 1000
2390288 253 1000
2390551 254 1000
2390635 255 1000
2392824 256 1000
2392975 257 1000
2393154 258 1000
2393306 259 1000
2394308 260 1000
2394835 261 1000
2395039 262 1000
2395225 263 1000
2398500 264 1000
2398603 265 1000
2399140 266 1000
2400978 267 1000
2401218 268 1000
2401785 269 1000
2401875 270 1000
2402492 271 1000
2403034 272 1000
2403913 273 1000
2403924 274 1000
2404207 275 1000
2404768 276 1000
2405460 277 1000
2405494 278 1000
2408611 279 1000
2408808 280 1000
2409540 281 1000
2410328 282 1000
2412221 283 1000
2413511 284 1000
2413821 285 1000
2415186 286 1000
2416080 287 1000
2416301 288 1000
2416672 289 1000
2416708 290 1000
2417500 291 1000
2418226 292 1000
2422530 293 1000
2424616 294 1000
2424627 295 1000
2425054 296 1000
2426370 297 1000
2428264 298 1000
2430257 299 1000
2431077 300 1000
2431371 301 1000
2432430 302 1000
2432637 303 1000
2432949 304 1000
2432971 305 1000
2434351 306 1000
2434468 307 1000
2434926 308 1000
2439538 309 1000
2439804 310 1000
2440098 311 1000
2441175 312 1000
2442155 313 1000
2442182 314 1000
2442501 315 1000
2442871 316 1000
2444071 317 1000
2445246 318 1000
2446773 319 1000
2446833 320 1000
2447454 321 1000
2447455 322 1000
2447494 323 1000
2448007 324 1000
2448753 325 1000
2449342 326 1000
2449669 327 1000
2449670 328 1000
2451147 329 1000
2451738 330 1000
2452653 331 1000
2452889 332 1000
2453650 333 1000
2455291 334 1000
2455593 335 1000
2457988 336 1000
2458776 337 1000
2459033 338 1000
2459889 339 1000
2460518 340 1000
2461184 341 1000
2461270 342 1000
2461473 343 1000
2461554 344 1000
2461697 345 1000
2462473 346 1000
2463578 347 1000
2464213 348 1000
2464858 349 1000
2465706 350 1000
2467320 351 1000
2468097 352 1000
2469689 353 1000
2469693 354 1000
2469987 355 1000
2471193 356 1000
2471707 357 1000
2472017 358 1000
2472815 359 1000
2472919 360 1000
2472923 361 1000
2472970 362 1000
2473982 363 1000
2476645 364 1000
2477545 365 1000
2478152 366 1000
2478774 367 1000
2478995 368 1000
2479417 369 1000
2480864 370 1000
2481059 371 1000
2482634 372 1000
2482771 373 1000
2484533 374 1000
2485766 375 1000
2486036 376 1000
2486461 377 1000
2486717 378 1000
2486738 379 1000
2487438 380 1000
2487556 381 1000
2490044 382 1000
2490073 383 1000
2491587 384 1000
2494265 385 1000
2494711 386 1000
2495636 387 1000
2496322 388 1000
2496791 389 1000
2496846 390 1000
2497801 391 1000
2498550 392 1000
2498875 393 1000
2500114 394 1000
2500541 395 1000
2500909 396 1000
2501846 397 1000
2502306 398 1000
2504098 399 1000
2504165 400 1000
2504501 401 1000
2504874 402 1000
2507008 403 1000
2508128 404 1000
2508659 405 1000
2509723 406 1000
2509737 407 1000
2510021 408 1000
2510379 409 1000
2510424 410 1000
2510664 411 1000
2511166 412 1000
2511595 413 1000
2513209 414 1000
2514213 415 1000
2514432 416 1000
2514454 417 1000
2515145 418 1000
2515765 419 1000
2515930 420 1000
2516245 421 1000
2517916 422 1000
2518621 423 1000
2520658 424 1000
2521135 425 1000
2521846 426 1000
2522500 427 1000
2523275 428 1000
2524207 429 1000
2525436 430 1000
2526488 431 1000
2526742 432 1000
2527036 433 1000
2527080 434 1000
2527249 435 1000
2527625 436 1000
2528090 437 1000
2528296 438 1000
2528954 439 1000
2529215 440 1000
2529488 441 1000
2531086 442 1000
2532222 443 1000
2534001 444 1000
2535428 445 1000
2535548 446 1000
2535940 447 1000
2536469 448 1000
2537899 449 1000
2538408 450 1000
2538790 451 1000
2540087 452 1000
2540281 453 1000
2540452 454 1000
2541435 455 1000
2541770 456 1000
2541831 457 1000
2544099 458 1000
2544898 459 1000
2545698 460 1000
2547059 461 1000
2550737 462 1000
2550970 463 1000
2551385 464 1000
2551565 465 1000
2552456 466 1000
2553148 467 1000
2553888 468 1000
2554770 469 1000
2558964 470 1000
2559851 471 1000
2560912 472 1000
2563926 473 1000
2565195 474 1000
2565600 475 1000
2566579 476 1000
2566883 477 1000
2567452 478 1000
2568151 479 1000
2569530 480 1000
2570635 481 1000
2570691 482 1000
2571330 483 1000
2573888 484 1000
2574689 485 1000
2576998 486 1000
2577232 487 1000
2577431 488 1000
2578221 489 1000
2578377 490 1000
2579491 491 1000
2582833 492 1000
2583151 493 1000
2583524 494 1000
2583996 495 1000
2586706 496 1000
2589587 497 1000
2589863 498 1000
2591824 499 1000
2593313 500 1000
2593705 501 1000
2593914 502 1000
2594351 503 1000
2595230 504 1000
2595685 505 1000
2597651 506 1000
2600434 507 1000
2600549 508 1000
2602406 509 1000
2603621 510 1000
2606281 511 1000
2607068 512 1000
2607285 513 1000
2607606 514 1000
2608062 515 1000
2608118 516 1000
2609680 517 1000
2610018 518 1000
2611942 519 1000
2611946 520 1000
2612588 521 1000
2613230 522 1000
2613951 523 1000
2614155 524 1000
2614745 525 1000
2615694 526 1000
2616151 527 1000
2617798 528 1000
2619482 529 1000
2625683 530 1000
2626406 531 1000
2627724 532 1000
2629247 533 1000
2630326 534 1000
2631410 535 1000
2631666 536 1000
2635447 537 1000
2635803 538 1000
2636337 539 1000
2636579 540 1000
2636685 541 1000
2636810 542 1000
2637271 543 1000
2639439 544 1000
2641360 545 1000
2641940 546 1000
2642018 547 1000
2642037 548 1000
2642235 549 1000
2645624 550 1000
2648247 551 1000
2649733 552 1000
2651876 553 1000
2653760 554 1000
2656164 555 1000
2656997 556 1000
2658205 557 1000
2660016 558 1000
2661315 559 1000
2661834 560 1000
2663983 561 1000
2664008 562 1000
2664559 563 1000
2665093 564 1000
2665528 565 1000
2667082 566 1000
2669162 567 1000
2669539 568 1000
2669544 569 1000
2671714 570 1000
2672590 571 1000
2676224 572 1000
2677546 573 1000
2684371 574 1000
2688596 575 1000
2690107 576 1000
2692745 577 1000
2695821 578 1000
2696036 579 1000
2697575 580 1000
2698582 581 1000
2701900 582 1000
2701989 583 1000
2702331 584 1000
2703656 585 1000
2704186 586 1000
2704922 587 1000
2704992 588 1000
2705188 589 1000
2705517 590 1000
2706175 591 1000
2707348 592 1000
2707529 593 1000
2708122 594 1000
2708271 595 1000
2709922 596 1000
2710404 597 1000
2715475 598 1000
2722021 599 1000
2722989 600 1000
2724485 601 1000
2725810 602 1000
2727964 603 1000
2728264 604 1000
2732447 605 1000
2734616 606 1000
2735609 607 1000
2736902 608 1000
2740850 609 1000
2742312 610 1000
2748467 611 1000
2749268 612 1000
2751084 613 1000
2752007 614 1000
2752307 615 1000
2755008 616 1000
2756095 617 1000
2756653 618 1000
2759139 619 1000
2760647 620 1000
2762314 621 1000
2763807 622 1000
2765447 623 1000
2766052 624 1000
2766355 625 1000
2767886 626 1000
2769199 627 1000
2772290 628 1000
2780830 629 1000
2781898 630 1000
2782270 631 1000
2782804 632 1000
2783464 633 1000
2785411 634 1000
2785915 635 1000
2789004 636 1000
2792765 637 1000
2798656 638 1000
2800152 639 1000
2815932 640 1000
2821021 641 1000
2825068 642 1000
2826571 643 1000
2832918 644 1000
2834903 645 1000
2836633 646 1000
2838756 647 1000
2840045 648 1000
2840819 649 1000
2841315 650 1000
2841562 651 1000
2841831 652 1000
2842658 653 1000
2843129 654 1000
2850806 655 1000
2856667 656 1000
2865622 657 1000
2867360 658 1000
2873939 659 1000
2881594 660 1000
2881805 661 1000
2888897 662 1000
2892423 663 1000
2900805 664 1000
2909989 665 1000
2913017 666 1000
2918186 667 1000
2925562 668 1000
2931561 669 1000
2931706 670 1000
2938982 671 1000
2942092 672 1000
2950945 673 1000
2954393 674 1000
2955724 675 1000
2957124 676 1000
2958544 677 1000
2958803 678 1000
2959034 679 1000
2959769 680 1000
2962313 681 1000
2963242 682 1000
2963850 683 1000
2964403 684 1000
2969154 685 1000
2971422 686 1000
2973345 687 1000
2977266 688 1000
2983074 689 1000
2985275 690 1000
2989134 691 1000
2990553 692 1000
2996348 693 1000
3005376 694 1000
3007751 695 1000
3012350 696 1000
3025620 697 1000
3029783 698 1000
3039876 699 1000
3043626 700 1000
3045380 701 1000
3050086 702 1000
3050903 703 1000
3052759 704 1000
3053614 705 1000
3054741 706 1000
3059287 707 1000
3061456 708 1000
3063637 709 1000
3066679 710 1000
3068072 711 1000
3068683 712 1000
3076522 713 1000
3081827 714 1000
3082613 715 1000
3089432 716 1000
3089651 717 1000
3090218 718 1000
3095656 719 1000
3098497 720 1000
3098579 721 1000
3103473 722 1000
3109996 723 1000
3118561 724 1000
3118937 725 1000
3120736 726 1000
3126605 727 1000
3129112 728 1000
3144966 729 1000
3159325 730 1000
3160110 731 1000
3163751 732 1000
3164584 733 1000
3168483 734 1000
3168868 735 1000
3172436 736 1000
3173847 737 1000
3183287 738 1000
3183850 739 1000
3186225 740 1000
3189530 741 1000
3191496 742 1000
3191855 743 1000
3197818 744 1000
3203938 745 1000
3205123 746 1000
3207705 747 1000
3208603 748 1000
3208891 749 1000
3213567 750 1000
3213578 751 1000
3221905 752 1000
3228552 753 1000
3233433 754 1000
3239568 755 1000
3243949 756 1000
3246663 757 1000
3258269 758 1000
3259633 759 1000
3260620 760 1000
3264367 761 1000
3266201 762 1000
3267329 763 1000
3267735 764 1000
3269572 765 1000
3269681 766 1000
3269784 767 1000
3270651 768 1000
3277864 769 1000
3278584 770 1000
3280077 771 1000
3280941 772 1000
3282181 773 1000
3285615 774 1000
3285856 775 1000
3287812 776 1000
3288519 777 1000
3291240 778 1000
3294749 779 1000
3295258 780 1000
3299299 781 1000
3302275 782 1000
3303259 783 1000
3304283 784 1000
3310583 785 1000
3313090 786 1000
3315997 787 1000
3316219 788 1000
3316240 789 1000
3316314 790 1000
3317907 791 1000
3319279 792 1000
3321606 793 1000
3327213 794 1000
3327721 795 1000
3328612 796 1000
3329736 797 1000
3330908 798 1000
3331560 799 1000
3332518 800 1000
3333415 801 1000
3333748 802 1000
3335146 803 1000
3335955 804 1000
3336190 805 1000
3336561 806 1000
3337737 807 1000
3340273 808 1000
3343266 809 1000
3343685 810 1000
3346298 811 1000
3347229 812 1000
3347677 813 1000
3350040 814 1000
3350472 815 1000
3350708 816 1000
3351477 817 1000
3353522 818 1000
3354201 819 1000
3354789 820 1000
3361432 821 1000
3362305 822 1000
3362380 823 1000
3362861 824 1000
3363526 825 1000
3365264 826 1000
3365335 827 1000
3366434 828 1000
3366554 829 1000
3366733 830 1000
3367327 831 1000
3368496 832 1000
3371730 833 1000
3373804 834 1000
3375507 835 1000
3376043 836 1000
3377726 837 1000
3378010 838 1000
3378216 839 1000
3378366 840 1000
3378657 841 1000
3379059 842 1000
3380831 843 1000
3380899 844 1000
3382046 845 1000
3382093 846 1000
3382830 847 1000
3383877 848 1000
3384343 849 1000
3385864 850 1000
3386136 851 1000
3386259 852 1000
3386315 853 1000
3390757 854 1000
3391415 855 1000
3391902 856 1000
3392243 857 1000
3392414 858 1000
3393604 859 1000
3394321 860 1000
3394927 861 1000
3395130 862 1000
3395937 863 1000
3396136 864 1000
3396234 865 1000
3397025 866 1000
3397503 867 1000
3399030 868 1000
3401462 869 1000
3401944 870 1000
3403349 871 1000
3403926 872 1000
3404636 873 1000
3405403 874 1000
3405603 875 1000
3406385 876 1000
3406780 877 1000
3408936 878 1000
3409405 879 1000
3411088 880 1000
3411803 881 1000
3413152 882 1000
3413316 883 1000
3414286 884 1000
3414352 885 1000
3415569 886 1000
3416258 887 1000
3416362 888 1000
3417128 889 1000
3417862 890 1000
3418015 891 1000
3418035 892 1000
3418044 893 1000
3418257 894 1000
3418329 895 1000
3419248 896 1000
3421041 897 1000
3422195 898 1000
3422440 899 1000
3425239 900 1000
3426877 901 1000
3427614 902 1000
3427776 903 1000
3428824 904 1000
3430056 905 1000
3430103 906 1000
3430680 907 1000
3431141 908 1000
3432163 909 1000
3433169 910 1000
3435987 911 1000
3436614 912 1000
3437778 913 1000
3437953 914 1000
3438153 915 1000
3438542 916 1000
3438900 917 1000
3439155 918 1000
3439818 919 1000
3440000 920 1000
3440315 921 1000
3440770 922 1000
3441828 923 1000
3442295 924 1000
3442562 925 1000
3443627 926 1000
3444159 927 1000
3444411 928 1000
3444458 929 1000
3444536 930 1000
3445531 931 1000
3446003 932 1000
3446683 933 1000
3446905 934 1000
3447171 935 1000
3447271 936 1000
3447331 937 1000
3447590 938 1000
3447667 939 1000
3449158 940 1000
3450592 941 1000
3450709 942 1000
3451626 943 1000
3451668 944 1000
3453159 945 1000
3453794 946 1000
3454012 947 1000
3455301 948 1000
3456785 949 1000
3457001 950 1000
3457039 951 1000
3458682 952 1000
3459493 953 1000
3459747 954 1000
3459903 955 1000
3460293 956 1000
3460481 957 1000
3461818 958 1000
3463229 959 1000
3463318 960 1000
3463379 961 1000
3463705 962 1000
3464150 963 1000
3464724 964 1000
3465505 965 1000
3467013 966 1000
3467390 967 1000
3467477 968 1000
3467698 969 1000
3467996 970 1000
3469250 971 1000
3470216 972 1000
3470510 973 1000
3471419 974 1000
3471509 975 1000
3471521 976 1000
3472197 977 1000
3472404 978 1000
3473563 979 1000
3474464 980 1000
3474925 981 1000
3476558 982 1000
3476921 983 1000
3477660 984 1000
3477987 985 1000
3478543 986 1000
3479826 987 1000
3479849 988 1000
3480684 989 1000
3483608 990 1000
3483670 991 1000
3484105 992 1000
3484700 993 1000
3484860 994 1000
3486106 995 1000
3486171 996 1000
3486430 997 1000
3486612 998 1000
3486687 999 1000
