# load avg(tp, lat, bwr, bww, cpu, tps, brps, bwps), sd(...), ci(...)
10 10 26636.3707123 29.9932827826 34582227.8838 27079673.2336 17.1842727273 2.0969047619 0.0 17.251547619 10 0.0 0.0 0.0 0.0 0.0 0.0 0.0 0.0 10 0.0 0.0 0.0 0.0 0.0 0.0 0.0 0.0 
12 12 29818.877889 31.262580685 38519761.9004 30096737.9132 18.9273181818 2.45281818182 0.0 20.1802424242 12 0.0 0.0 0.0 0.0 0.0 0.0 0.0 0.0 12 0.0 0.0 0.0 0.0 0.0 0.0 0.0 0.0 
14 14 32903.4206532 33.1282447142 42415848.0758 33282490.9765 20.2617727273 2.18593506494 0.0 18.4732857143 14 0.0 0.0 0.0 0.0 0.0 0.0 0.0 0.0 14 0.0 0.0 0.0 0.0 0.0 0.0 0.0 0.0 
16 16 36130.7085214 34.4251280504 46851077.457 36679726.1068 22.4517272727 2.20356926407 0.0 18.2060735931 16 0.0 0.0 0.0 0.0 0.0 0.0 0.0 0.0 16 0.0 0.0 0.0 0.0 0.0 0.0 0.0 0.0 
19 19 40022.6315466 36.3861426397 51476313.2269 40353666.1361 24.2475454545 2.11085876623 0.0 17.7232337662 19 0.0 0.0 0.0 0.0 0.0 0.0 0.0 0.0 19 0.0 0.0 0.0 0.0 0.0 0.0 0.0 0.0 
22 22 31535.8046453 37.5353555376 41004104.478 32086499.2232 19.8912727273 2.23046536797 0.0 18.4463203463 22 0.0 0.0 0.0 0.0 0.0 0.0 0.0 0.0 22 0.0 0.0 0.0 0.0 0.0 0.0 0.0 0.0 
26 26 46501.1760528 38.9659073446 59862376.3083 46874925.0558 27.7910227273 2.20927272727 0.0 18.8414242424 26 0.0 0.0 0.0 0.0 0.0 0.0 0.0 0.0 26 0.0 0.0 0.0 0.0 0.0 0.0 0.0 0.0 
31 31 50249.8854113 40.6881173928 64554424.0989 50502222.9815 29.6809090909 2.04242424242 0.0 17.1878787879 31 0.0 0.0 0.0 0.0 0.0 0.0 0.0 0.0 31 0.0 0.0 0.0 0.0 0.0 0.0 0.0 0.0 
37 37 51627.8390276 43.5357063115 66560096.8884 52124016.6842 30.8727272727 2.11515151515 0.0 17.8181818182 37 0.0 0.0 0.0 0.0 0.0 0.0 0.0 0.0 37 0.0 0.0 0.0 0.0 0.0 0.0 0.0 0.0 
44 44 50136.5763209 46.5745933474 64586024.7863 50623759.3798 29.9060454545 2.17551515152 0.0 18.0829393939 44 0.0 0.0 0.0 0.0 0.0 0.0 0.0 0.0 44 0.0 0.0 0.0 0.0 0.0 0.0 0.0 0.0 
52 52 55845.1335473 48.575782777 72264722.6627 56657527.4225 33.2135799663 2.19393939394 0.0 18.3757575758 52 0.0 0.0 0.0 0.0 0.0 0.0 0.0 0.0 52 0.0 0.0 0.0 0.0 0.0 0.0 0.0 0.0 
62 62 57120.753183 51.7634052593 74735106.0814 58594752.3139 33.5160294118 2.25434703369 0.0 19.0195028909 62 0.0 0.0 0.0 0.0 0.0 0.0 0.0 0.0 62 0.0 0.0 0.0 0.0 0.0 0.0 0.0 0.0 
74 74 55136.8139434 55.911469734 72952372.5597 57035575.4458 32.6777830189 2.56603773585 0.0 20.9559748428 74 0.0 0.0 0.0 0.0 0.0 0.0 0.0 0.0 74 0.0 0.0 0.0 0.0 0.0 0.0 0.0 0.0 
88 88 57695.6783454 63.8124813405 76686400.5164 60183886.4486 34.7862536284 2.20619496855 0.0 18.579245283 88 0.0 0.0 0.0 0.0 0.0 0.0 0.0 0.0 88 0.0 0.0 0.0 0.0 0.0 0.0 0.0 0.0 
95 95 58852.9714985 63.2581741329 76696044.0413 60181801.7843 34.5496568627 2.36217948718 0.0 19.1025641026 95 0.0 0.0 0.0 0.0 0.0 0.0 0.0 0.0 95 0.0 0.0 0.0 0.0 0.0 0.0 0.0 0.0 
105 105 59698.2882861 64.6851444892 77816252.9163 60933003.7624 35.1068137255 2.09803921569 0.0 17.6209150327 105 0.0 0.0 0.0 0.0 0.0 0.0 0.0 0.0 105 0.0 0.0 0.0 0.0 0.0 0.0 0.0 0.0 
115 115 55050.2513936 70.3650468465 72232615.4036 56629656.949 33.3463942308 2.21086538462 0.0 18.4305448718 115 0.0 0.0 0.0 0.0 0.0 0.0 0.0 0.0 115 0.0 0.0 0.0 0.0 0.0 0.0 0.0 0.0 
130 130 58963.8912138 74.2107519254 77149252.481 60451134.0184 36.3337735849 1.85534591195 0.0 17.8867924528 130 0.0 0.0 0.0 0.0 0.0 0.0 0.0 0.0 130 0.0 0.0 0.0 0.0 0.0 0.0 0.0 0.0 
160 160 60699.8422456 83.0676170504 79134381.2001 61901608.9626 36.5905882353 1.6697630719 0.0 15.5944683258 160 0.0 0.0 0.0 0.0 0.0 0.0 0.0 0.0 160 0.0 0.0 0.0 0.0 0.0 0.0 0.0 0.0 
190 190 60571.7350829 93.059277216 79417601.013 62281373.8018 37.6924509804 1.46405228758 0.0 14.3790849673 190 0.0 0.0 0.0 0.0 0.0 0.0 0.0 0.0 190 0.0 0.0 0.0 0.0 0.0 0.0 0.0 0.0 
200 200 60723.1043399 95.209415856 79876246.507 62693806.7915 37.9909433962 1.90896226415 0.0 15.9761006289 200 0.0 0.0 0.0 0.0 0.0 0.0 0.0 0.0 200 0.0 0.0 0.0 0.0 0.0 0.0 0.0 0.0 
220 220 60899.5942742 102.786574533 79808132.4131 62622607.3207 38.5561792453 1.8198427673 0.0 16.4959119497 220 0.0 0.0 0.0 0.0 0.0 0.0 0.0 0.0 220 0.0 0.0 0.0 0.0 0.0 0.0 0.0 0.0 
240 240 57959.8941688 113.877753702 75655397.4407 59348465.4303 37.7137254902 1.76230769231 0.0 15.8933653846 240 0.0 0.0 0.0 0.0 0.0 0.0 0.0 0.0 240 0.0 0.0 0.0 0.0 0.0 0.0 0.0 0.0 
