# load avg(tp, lat, bwr, bww, cpu, tps, brps, bwps), sd(...), ci(...)
10 10 14505.4331127 27.2184956595 6206159.14748 5182648.39514 5.41579081633 2.05102040816 0.0 17.977324263 10 0.0 0.0 0.0 0.0 0.0 0.0 0.0 0.0 10 0.0 0.0 0.0 0.0 0.0 0.0 0.0 0.0 
12 12 16880.461137 29.894320285 7208676.61886 6015552.42989 5.9099872449 2.05778911565 0.0 17.5507482993 12 0.0 0.0 0.0 0.0 0.0 0.0 0.0 0.0 12 0.0 0.0 0.0 0.0 0.0 0.0 0.0 0.0 
14 14 19047.4589762 31.4392881297 8068950.47488 6735148.21498 6.3480816858 2.19603174603 0.0 18.2576077098 14 0.0 0.0 0.0 0.0 0.0 0.0 0.0 0.0 14 0.0 0.0 0.0 0.0 0.0 0.0 0.0 0.0 
16 16 21176.5476792 31.0013912911 8949610.49938 7468003.33675 6.82836734694 2.12005668934 0.0 17.9581972789 16 0.0 0.0 0.0 0.0 0.0 0.0 0.0 0.0 16 0.0 0.0 0.0 0.0 0.0 0.0 0.0 0.0 
19 19 25091.0767274 33.7207597105 10643765.1779 8872928.37725 7.62817309736 2.07467120181 0.0 17.9397845805 19 0.0 0.0 0.0 0.0 0.0 0.0 0.0 0.0 19 0.0 0.0 0.0 0.0 0.0 0.0 0.0 0.0 
22 22 27000.7315864 37.3087243475 11394176.4366 9507710.97776 8.06807291667 1.9716553288 0.0 17.3424036281 22 0.0 0.0 0.0 0.0 0.0 0.0 0.0 0.0 22 0.0 0.0 0.0 0.0 0.0 0.0 0.0 0.0 
26 26 31131.8056606 38.749290451 13166508.7877 10985558.1105 8.91633131378 1.97688208617 0.0 17.2475623583 26 0.0 0.0 0.0 0.0 0.0 0.0 0.0 0.0 26 0.0 0.0 0.0 0.0 0.0 0.0 0.0 0.0 
31 31 35114.8221621 43.7400376124 14883311.601 12424358.7659 9.90642936862 1.96723450491 0.0 17.5171768707 31 0.0 0.0 0.0 0.0 0.0 0.0 0.0 0.0 31 0.0 0.0 0.0 0.0 0.0 0.0 0.0 0.0 
37 37 39686.2836653 50.7378721221 17391140.358 14487406.1103 10.1222095411 2.19647477187 0.0 18.6543531938 37 0.0 0.0 0.0 0.0 0.0 0.0 0.0 0.0 37 0.0 0.0 0.0 0.0 0.0 0.0 0.0 0.0 
44 44 45522.4440369 54.5795661508 19620822.9514 16370394.4246 11.4678656401 2.16154374665 0.0 18.465763285 44 0.0 0.0 0.0 0.0 0.0 0.0 0.0 0.0 44 0.0 0.0 0.0 0.0 0.0 0.0 0.0 0.0 
52 52 49281.2960495 60.3974341158 21165814.3065 17649781.8768 12.3260238527 2.10166398282 0.0 18.4702093398 52 0.0 0.0 0.0 0.0 0.0 0.0 0.0 0.0 52 0.0 0.0 0.0 0.0 0.0 0.0 0.0 0.0 
62 62 54939.4483417 64.1075632196 23437197.7975 19559674.6834 13.5703919082 2.17769726248 0.0 18.6041867955 62 0.0 0.0 0.0 0.0 0.0 0.0 0.0 0.0 62 0.0 0.0 0.0 0.0 0.0 0.0 0.0 0.0 
74 74 60444.4978477 70.0447829629 25897782.5685 21603400.6913 14.8399027778 2.13687654321 0.0 18.2802098765 74 0.0 0.0 0.0 0.0 0.0 0.0 0.0 0.0 74 0.0 0.0 0.0 0.0 0.0 0.0 0.0 0.0 
88 88 65597.5024671 81.0515200039 28306358.092 23605099.1744 16.156375 2.13292002147 0.0 17.9851113795 88 0.0 0.0 0.0 0.0 0.0 0.0 0.0 0.0 88 0.0 0.0 0.0 0.0 0.0 0.0 0.0 0.0 
100 100 70197.0520226 82.8800342716 30562660.2791 25494927.6964 17.62425 2.40125872249 0.0 20.3675818572 100 0.0 0.0 0.0 0.0 0.0 0.0 0.0 0.0 100 0.0 0.0 0.0 0.0 0.0 0.0 0.0 0.0 
150 150 81746.2008779 100.237729684 35021944.9839 29178519.8307 20.6506210749 2.19028448739 0.0 18.7677938808 150 0.0 0.0 0.0 0.0 0.0 0.0 0.0 0.0 150 0.0 0.0 0.0 0.0 0.0 0.0 0.0 0.0 
200 200 88782.5772298 110.526279269 37731954.6956 31492057.2161 22.1439722222 2.28556092324 0.0 19.3412775094 200 0.0 0.0 0.0 0.0 0.0 0.0 0.0 0.0 200 0.0 0.0 0.0 0.0 0.0 0.0 0.0 0.0 
250 250 91724.6694152 118.878369407 40044274.4351 33437052.3726 23.8236111111 2.78637037037 0.0 43.3181234568 250 0.0 0.0 0.0 0.0 0.0 0.0 0.0 0.0 250 0.0 0.0 0.0 0.0 0.0 0.0 0.0 0.0 
300 300 97338.4963092 115.063252926 41676954.7582 34816873.1258 25.5906455177 2.15131874299 0.0 19.0377104377 300 0.0 0.0 0.0 0.0 0.0 0.0 0.0 0.0 300 0.0 0.0 0.0 0.0 0.0 0.0 0.0 0.0 
350 350 96009.1776128 119.535201492 41008951.5286 34219992.4936 25.8740823864 2.17249915825 0.0 18.895657688 350 0.0 0.0 0.0 0.0 0.0 0.0 0.0 0.0 350 0.0 0.0 0.0 0.0 0.0 0.0 0.0 0.0 
400 400 95266.388845 128.740335733 40945492.5064 34150903.6503 26.1078267045 2.30962514029 0.0 20.0179786756 400 0.0 0.0 0.0 0.0 0.0 0.0 0.0 0.0 400 0.0 0.0 0.0 0.0 0.0 0.0 0.0 0.0 
450 450 92360.0454474 136.08718848 39575774.9423 33020986.8166 26.5704069767 2.1754005168 0.0 18.819250646 450 0.0 0.0 0.0 0.0 0.0 0.0 0.0 0.0 450 0.0 0.0 0.0 0.0 0.0 0.0 0.0 0.0 
500 500 89242.7471944 152.719987455 38575659.9148 32204783.1986 26.194375 2.14042235757 0.0 19.1930232558 500 0.0 0.0 0.0 0.0 0.0 0.0 0.0 0.0 500 0.0 0.0 0.0 0.0 0.0 0.0 0.0 0.0 
