4140411 0 1000
4791415 1 1000
4979379 2 1000
5065597 3 1000
5206777 4 1000
5271780 5 1000
5317317 6 1000
5388854 7 1000
5412217 8 1000
5466950 9 1000
5530455 10 1000
5574278 11 1000
5629462 12 1000
5682876 13 1000
5726829 14 1000
5779451 15 1000
5813434 16 1000
5827025 17 1000
5848174 18 1000
5867677 19 1000
5900139 20 1000
5912667 21 1000
5938862 22 1000
5962758 23 1000
5985653 24 1000
6020272 25 1000
6055318 26 1000
6098476 27 1000
6131457 28 1000
6169450 29 1000
6203536 30 1000
6245908 31 1000
6287253 32 1000
6335030 33 1000
6377270 34 1000
6396715 35 1000
6429116 36 1000
6444114 37 1000
6465345 38 1000
6485060 39 1000
6500032 40 1000
6522202 41 1000
6544620 42 1000
6564297 43 1000
6592954 44 1000
6606567 45 1000
6640506 46 1000
6666509 47 1000
6690390 48 1000
6711150 49 1000
6730915 50 1000
6765643 51 1000
6792534 52 1000
6810092 53 1000
6829155 54 1000
6845591 55 1000
6854992 56 1000
6882510 57 1000
6898846 58 1000
6922332 59 1000
6948564 60 1000
6969114 61 1000
6987942 62 1000
7011064 63 1000
7029564 64 1000
7054190 65 1000
7087192 66 1000
7103705 67 1000
7122945 68 1000
7145467 69 1000
7161150 70 1000
7183839 71 1000
7207217 72 1000
7233050 73 1000
7260704 74 1000
7281394 75 1000
7298553 76 1000
7308141 77 1000
7319547 78 1000
7336526 79 1000
7358412 80 1000
7376215 81 1000
7388410 82 1000
7412428 83 1000
7436374 84 1000
7452396 85 1000
7467318 86 1000
7485973 87 1000
7497358 88 1000
7508364 89 1000
7524224 90 1000
7554239 91 1000
7575402 92 1000
7601315 93 1000
7613303 94 1000
7633561 95 1000
7659083 96 1000
7671681 97 1000
7691477 98 1000
7706173 99 1000
7725561 100 1000
7740407 101 1000
7753794 102 1000
7768374 103 1000
7779784 104 1000
7789784 105 1000
7808943 106 1000
7820921 107 1000
7833758 108 1000
7847935 109 1000
7858278 110 1000
7875443 111 1000
7887741 112 1000
7913494 113 1000
7925458 114 1000
7940143 115 1000
7953098 116 1000
7963456 117 1000
7980588 118 1000
7987460 119 1000
7997527 120 1000
8011787 121 1000
8026254 122 1000
8043641 123 1000
8054248 124 1000
8068042 125 1000
8079675 126 1000
8093937 127 1000
8104746 128 1000
8117493 129 1000
8127035 130 1000
8139421 131 1000
8157710 132 1000
8174748 133 1000
8184782 134 1000
8194836 135 1000
8206571 136 1000
8217383 137 1000
8230150 138 1000
8242911 139 1000
8258815 140 1000
8268384 141 1000
8291263 142 1000
8300448 143 1000
8318414 144 1000
8323993 145 1000
8336069 146 1000
8353562 147 1000
8370207 148 1000
8378385 149 1000
8386700 150 1000
8400521 151 1000
8412601 152 1000
8435049 153 1000
8453312 154 1000
8466359 155 1000
8480640 156 1000
8501386 157 1000
8508863 158 1000
8520170 159 1000
8529972 160 1000
8536706 161 1000
8545446 162 1000
8556555 163 1000
8564668 164 1000
8569829 165 1000
8581901 166 1000
8596741 167 1000
8610083 168 1000
8624289 169 1000
8638335 170 1000
8657642 171 1000
8663995 172 1000
8674001 173 1000
8684778 174 1000
8694920 175 1000
8709359 176 1000
8722558 177 1000
8738896 178 1000
8750532 179 1000
8763811 180 1000
8772758 181 1000
8781901 182 1000
8792304 183 1000
8802083 184 1000
8806263 185 1000
8816992 186 1000
8825514 187 1000
8832391 188 1000
8839890 189 1000
8849569 190 1000
8857071 191 1000
8868421 192 1000
8881236 193 1000
8889084 194 1000
8907260 195 1000
8921179 196 1000
8932767 197 1000
8942291 198 1000
8952245 199 1000
8962112 200 1000
8976577 201 1000
8984181 202 1000
9000232 203 1000
9011800 204 1000
9023958 205 1000
9037110 206 1000
9045818 207 1000
9057167 208 1000
9069601 209 1000
9078906 210 1000
9091078 211 1000
9098141 212 1000
9106955 213 1000
9118980 214 1000
9129560 215 1000
9142390 216 1000
9150118 217 1000
9160550 218 1000
9175049 219 1000
9186140 220 1000
9198143 221 1000
9212745 222 1000
9222866 223 1000
9237192 224 1000
9244746 225 1000
9255853 226 1000
9265559 227 1000
9275441 228 1000
9292258 229 1000
9305259 230 1000
9315360 231 1000
9328539 232 1000
9337527 233 1000
9349537 234 1000
9360984 235 1000
9368719 236 1000
9376165 237 1000
9390861 238 1000
9401736 239 1000
9412457 240 1000
9434505 241 1000
9452205 242 1000
9473041 243 1000
9482054 244 1000
9496282 245 1000
9509192 246 1000
9516745 247 1000
9531626 248 1000
9544450 249 1000
9550654 250 1000
9561076 251 1000
9572166 252 1000
9578909 253 1000
9586460 254 1000
9596280 255 1000
9605476 256 1000
9615885 257 1000
9624581 258 1000
9637383 259 1000
9647281 260 1000
9653505 261 1000
9664117 262 1000
9674827 263 1000
9683657 264 1000
9688801 265 1000
9700426 266 1000
9708465 267 1000
9716676 268 1000
9727048 269 1000
9737237 270 1000
9746534 271 1000
9758597 272 1000
9768019 273 1000
9779973 274 1000
9801706 275 1000
9818433 276 1000
9829365 277 1000
9838794 278 1000
9845997 279 1000
9850309 280 1000
9862954 281 1000
9872601 282 1000
9878849 283 1000
9888176 284 1000
9899265 285 1000
9912430 286 1000
9920140 287 1000
9928270 288 1000
9940646 289 1000
9948700 290 1000
9958592 291 1000
9964354 292 1000
9973549 293 1000
9982868 294 1000
9993299 295 1000
10001514 296 1000
10014324 297 1000
10025335 298 1000
10034714 299 1000
10047529 300 1000
10058257 301 1000
10062800 302 1000
10070727 303 1000
10082506 304 1000
10090538 305 1000
10097254 306 1000
10108492 307 1000
10115387 308 1000
10122708 309 1000
10132864 310 1000
10147079 311 1000
10157039 312 1000
10163560 313 1000
10170934 314 1000
10186245 315 1000
10196116 316 1000
10208087 317 1000
10215973 318 1000
10226405 319 1000
10238696 320 1000
10249401 321 1000
10260191 322 1000
10265878 323 1000
10280430 324 1000
10288604 325 1000
10292973 326 1000
10303211 327 1000
10312366 328 1000
10321263 329 1000
10329526 330 1000
10340299 331 1000
10349924 332 1000
10361739 333 1000
10368092 334 1000
10376980 335 1000
10385738 336 1000
10402230 337 1000
10415375 338 1000
10424501 339 1000
10431215 340 1000
10440315 341 1000
10449003 342 1000
10452904 343 1000
10467345 344 1000
10477001 345 1000
10491470 346 1000
10501138 347 1000
10510380 348 1000
10525881 349 1000
10536275 350 1000
10544259 351 1000
10556320 352 1000
10565845 353 1000
10575779 354 1000
10586380 355 1000
10592452 356 1000
10602940 357 1000
10614851 358 1000
10629709 359 1000
10639104 360 1000
10651275 361 1000
10663652 362 1000
10679289 363 1000
10688141 364 1000
10694971 365 1000
10703098 366 1000
10715216 367 1000
10723778 368 1000
10733939 369 1000
10741658 370 1000
10754553 371 1000
10763962 372 1000
10775265 373 1000
10784916 374 1000
10796949 375 1000
10810796 376 1000
10822768 377 1000
10834254 378 1000
10839400 379 1000
10850094 380 1000
10860079 381 1000
10875747 382 1000
10886766 383 1000
10894896 384 1000
10901821 385 1000
10910684 386 1000
10922657 387 1000
10934513 388 1000
10941102 389 1000
10951697 390 1000
10957851 391 1000
10968628 392 1000
10977027 393 1000
10992048 394 1000
11000312 395 1000
11008468 396 1000
11019557 397 1000
11031988 398 1000
11041836 399 1000
11055268 400 1000
11064892 401 1000
11077038 402 1000
11092762 403 1000
11102397 404 1000
11112073 405 1000
11123202 406 1000
11135247 407 1000
11147221 408 1000
11159260 409 1000
11172077 410 1000
11184859 411 1000
11193428 412 1000
11204012 413 1000
11211283 414 1000
11224835 415 1000
11239890 416 1000
11247589 417 1000
11253881 418 1000
11263463 419 1000
11269267 420 1000
11276826 421 1000
11286991 422 1000
11296515 423 1000
11305575 424 1000
11318496 425 1000
11325265 426 1000
11332561 427 1000
11349032 428 1000
11364609 429 1000
11377148 430 1000
11386171 431 1000
11403104 432 1000
11415787 433 1000
11424584 434 1000
11435526 435 1000
11448543 436 1000
11456278 437 1000
11464270 438 1000
11477054 439 1000
11485784 440 1000
11492980 441 1000
11502592 442 1000
11521047 443 1000
11531422 444 1000
11541023 445 1000
11553419 446 1000
11578158 447 1000
11593962 448 1000
11609427 449 1000
11620572 450 1000
11636062 451 1000
11643958 452 1000
11650306 453 1000
11662912 454 1000
11676518 455 1000
11689209 456 1000
11704009 457 1000
11712744 458 1000
11726029 459 1000
11736977 460 1000
11755732 461 1000
11769077 462 1000
11781159 463 1000
11792264 464 1000
11805794 465 1000
11813922 466 1000
11823144 467 1000
11846009 468 1000
11854786 469 1000
11864431 470 1000
11874617 471 1000
11884780 472 1000
11892090 473 1000
11901619 474 1000
11911464 475 1000
11920693 476 1000
11931143 477 1000
11942014 478 1000
11953090 479 1000
11968927 480 1000
11983494 481 1000
11992587 482 1000
12005389 483 1000
12016755 484 1000
12027880 485 1000
12036757 486 1000
12045526 487 1000
12063299 488 1000
12075440 489 1000
12081311 490 1000
12087327 491 1000
12098372 492 1000
12113458 493 1000
12125329 494 1000
12132820 495 1000
12144292 496 1000
12156284 497 1000
12172671 498 1000
12185330 499 1000
12201306 500 1000
12210646 501 1000
12234029 502 1000
12240599 503 1000
12248956 504 1000
12258796 505 1000
12273527 506 1000
12287664 507 1000
12295466 508 1000
12313732 509 1000
12322987 510 1000
12328431 511 1000
12341409 512 1000
12349560 513 1000
12367183 514 1000
12383921 515 1000
12398171 516 1000
12405775 517 1000
12416427 518 1000
12428597 519 1000
12446255 520 1000
12455491 521 1000
12463774 522 1000
12470744 523 1000
12481236 524 1000
12498916 525 1000
12520846 526 1000
12537600 527 1000
12556820 528 1000
12575373 529 1000
12585226 530 1000
12606878 531 1000
12629012 532 1000
12640463 533 1000
12660826 534 1000
12675572 535 1000
12694613 536 1000
12716884 537 1000
12726724 538 1000
12758422 539 1000
12773419 540 1000
12790451 541 1000
12798322 542 1000
12810468 543 1000
12829857 544 1000
12846614 545 1000
12865071 546 1000
12884038 547 1000
12899732 548 1000
12920755 549 1000
12931038 550 1000
12950669 551 1000
12963009 552 1000
12984591 553 1000
12992248 554 1000
13007158 555 1000
13016439 556 1000
13024945 557 1000
13037700 558 1000
13050198 559 1000
13057421 560 1000
13074406 561 1000
13096240 562 1000
13113921 563 1000
13135960 564 1000
13152367 565 1000
13171430 566 1000
13198766 567 1000
13217491 568 1000
13230707 569 1000
13245472 570 1000
13266171 571 1000
13277904 572 1000
13290356 573 1000
13304906 574 1000
13319814 575 1000
13326339 576 1000
13337237 577 1000
13349109 578 1000
13361485 579 1000
13382551 580 1000
13396147 581 1000
13412958 582 1000
13434143 583 1000
13446147 584 1000
13464143 585 1000
13472469 586 1000
13493821 587 1000
13507354 588 1000
13525716 589 1000
13551189 590 1000
13565071 591 1000
13572244 592 1000
13589444 593 1000
13602259 594 1000
13617047 595 1000
13630420 596 1000
13657696 597 1000
13676954 598 1000
13696585 599 1000
13713554 600 1000
13723847 601 1000
13753973 602 1000
13768024 603 1000
13791100 604 1000
13803841 605 1000
13819049 606 1000
13837670 607 1000
13848181 608 1000
13864506 609 1000
13890355 610 1000
13903161 611 1000
13929122 612 1000
13939321 613 1000
13947626 614 1000
13961783 615 1000
13979402 616 1000
13989271 617 1000
14000081 618 1000
14020499 619 1000
14040036 620 1000
14053264 621 1000
14072220 622 1000
14089701 623 1000
14104820 624 1000
14124964 625 1000
14143805 626 1000
14167551 627 1000
14198523 628 1000
14221591 629 1000
14240970 630 1000
14272045 631 1000
14294867 632 1000
14307081 633 1000
14330948 634 1000
14344772 635 1000
14361535 636 1000
14382607 637 1000
14397990 638 1000
14416434 639 1000
14433745 640 1000
14452023 641 1000
14483737 642 1000
14510031 643 1000
14547882 644 1000
14577605 645 1000
14606822 646 1000
14627139 647 1000
14652190 648 1000
14680809 649 1000
14704331 650 1000
14735104 651 1000
14757172 652 1000
14772628 653 1000
14795154 654 1000
14818663 655 1000
14842738 656 1000
14876716 657 1000
14910707 658 1000
14924708 659 1000
14939790 660 1000
14961711 661 1000
14973173 662 1000
14989022 663 1000
15003172 664 1000
15027095 665 1000
15045520 666 1000
15054374 667 1000
15080436 668 1000
15108923 669 1000
15125107 670 1000
15136183 671 1000
15153670 672 1000
15164355 673 1000
15180840 674 1000
15199875 675 1000
15221568 676 1000
15238496 677 1000
15259022 678 1000
15274636 679 1000
15301337 680 1000
15320038 681 1000
15330092 682 1000
15344962 683 1000
15361420 684 1000
15386337 685 1000
15412585 686 1000
15429912 687 1000
15452273 688 1000
15475063 689 1000
15490423 690 1000
15508882 691 1000
15526504 692 1000
15538912 693 1000
15558790 694 1000
15584816 695 1000
15605631 696 1000
15620301 697 1000
15627480 698 1000
15642945 699 1000
15666014 700 1000
15687239 701 1000
15718429 702 1000
15727799 703 1000
15756076 704 1000
15774243 705 1000
15792795 706 1000
15803161 707 1000
15818352 708 1000
15828676 709 1000
15843306 710 1000
15863240 711 1000
15889891 712 1000
15922507 713 1000
15946541 714 1000
15986899 715 1000
16009084 716 1000
16022275 717 1000
16041055 718 1000
16072673 719 1000
16101534 720 1000
16128067 721 1000
16141662 722 1000
16159784 723 1000
16190654 724 1000
16208368 725 1000
16229690 726 1000
16247147 727 1000
16268181 728 1000
16291761 729 1000
16316565 730 1000
16338223 731 1000
16386131 732 1000
16398838 733 1000
16415970 734 1000
16453251 735 1000
16469485 736 1000
16490309 737 1000
16506782 738 1000
16524135 739 1000
16555425 740 1000
16583004 741 1000
16596847 742 1000
16629703 743 1000
16653788 744 1000
16672547 745 1000
16699566 746 1000
16730110 747 1000
16756508 748 1000
16777525 749 1000
16800982 750 1000
16821964 751 1000
16852570 752 1000
16869545 753 1000
16892417 754 1000
16908486 755 1000
16942709 756 1000
16963392 757 1000
16982415 758 1000
17005989 759 1000
17025786 760 1000
17041832 761 1000
17068406 762 1000
17113061 763 1000
17132641 764 1000
17182296 765 1000
17216180 766 1000
17247331 767 1000
17274786 768 1000
17287327 769 1000
17301925 770 1000
17320875 771 1000
17347644 772 1000
17373026 773 1000
17415207 774 1000
17435218 775 1000
17456211 776 1000
17477809 777 1000
17496365 778 1000
17525835 779 1000
17542346 780 1000
17561742 781 1000
17624596 782 1000
17651068 783 1000
17676313 784 1000
17700668 785 1000
17717508 786 1000
17750040 787 1000
17770705 788 1000
17794834 789 1000
17809586 790 1000
17825143 791 1000
17862838 792 1000
17896997 793 1000
17921965 794 1000
17968923 795 1000
17992076 796 1000
18018735 797 1000
18044490 798 1000
18066603 799 1000
18091834 800 1000
18126923 801 1000
18158960 802 1000
18185233 803 1000
18215692 804 1000
18241731 805 1000
18290342 806 1000
18318988 807 1000
18390446 808 1000
18428593 809 1000
18455067 810 1000
18503260 811 1000
18542702 812 1000
18597436 813 1000
18642789 814 1000
18695604 815 1000
18753560 816 1000
18798135 817 1000
18830947 818 1000
18870172 819 1000
18921262 820 1000
18959574 821 1000
19003264 822 1000
19080419 823 1000
19119499 824 1000
19185977 825 1000
19234199 826 1000
19261173 827 1000
19335430 828 1000
19417111 829 1000
19475333 830 1000
19506996 831 1000
19548525 832 1000
19581633 833 1000
19619327 834 1000
19659243 835 1000
19717633 836 1000
19787378 837 1000
19881766 838 1000
19931881 839 1000
20006712 840 1000
20075389 841 1000
20140223 842 1000
20221560 843 1000
20289548 844 1000
20336386 845 1000
20408871 846 1000
20427417 847 1000
20471934 848 1000
20516178 849 1000
20586616 850 1000
20659875 851 1000
20698813 852 1000
20783035 853 1000
20863739 854 1000
20960079 855 1000
21115112 856 1000
21189400 857 1000
21234902 858 1000
21283728 859 1000
21403890 860 1000
21553258 861 1000
21635605 862 1000
21731600 863 1000
21841404 864 1000
21941348 865 1000
22020399 866 1000
22075819 867 1000
22121972 868 1000
22184428 869 1000
22231704 870 1000
22309517 871 1000
22396243 872 1000
22446793 873 1000
22502967 874 1000
22643656 875 1000
22717779 876 1000
22859219 877 1000
22987701 878 1000
23230281 879 1000
23355649 880 1000
23476692 881 1000
23695633 882 1000
23924926 883 1000
24179172 884 1000
24370231 885 1000
24581171 886 1000
24927788 887 1000
25366217 888 1000
25560472 889 1000
26066932 890 1000
26593236 891 1000
27145300 892 1000
27571600 893 1000
27994006 894 1000
28543650 895 1000
28807758 896 1000
29429540 897 1000
29798976 898 1000
30264598 899 1000
30618904 900 1000
31061691 901 1000
31474355 902 1000
31805118 903 1000
32036217 904 1000
32324957 905 1000
33092514 906 1000
33652003 907 1000
34022224 908 1000
34234439 909 1000
34379155 910 1000
34596393 911 1000
34749169 912 1000
34918438 913 1000
35099218 914 1000
35273092 915 1000
35799629 916 1000
36234912 917 1000
36518969 918 1000
37305193 919 1000
37591801 920 1000
38209381 921 1000
38773948 922 1000
39597433 923 1000
40014371 924 1000
40577674 925 1000
41488396 926 1000
42622240 927 1000
43368888 928 1000
43888078 929 1000
44403588 930 1000
44899060 931 1000
45582079 932 1000
45749523 933 1000
46264398 934 1000
46767153 935 1000
47104945 936 1000
47913299 937 1000
48313954 938 1000
49188246 939 1000
49690018 940 1000
50464641 941 1000
50972119 942 1000
51828605 943 1000
52366753 944 1000
52967565 945 1000
53477438 946 1000
54211502 947 1000
55252201 948 1000
56621920 949 1000
57684737 950 1000
58013055 951 1000
58454709 952 1000
58863848 953 1000
59335050 954 1000
60351394 955 1000
60773907 956 1000
63485854 957 1000
64269273 958 1000
66209097 959 1000
68688180 960 1000
69669708 961 1000
71789172 962 1000
72567445 963 1000
74224603 964 1000
79525488 965 1000
82703212 966 1000
83386427 967 1000
83835336 968 1000
85685643 969 1000
90895225 970 1000
94102821 971 1000
94911996 972 1000
96001195 973 1000
97742653 974 1000
100011254 975 1000
101014426 976 1000
108663232 977 1000
112495414 978 1000
116854693 979 1000
119165984 980 1000
119729636 981 1000
121306058 982 1000
122064310 983 1000
124140038 984 1000
125699844 985 1000
127617964 986 1000
130069129 987 1000
130956485 988 1000
131653960 989 1000
133599918 990 1000
135074506 991 1000
135419498 992 1000
136994635 993 1000
137579399 994 1000
138944264 995 1000
142224146 996 1000
144334393 997 1000
144645220 998 1000
150474031 999 1000
