8356798 0 1000
9995328 1 1000
10931520 2 1000
12004967 3 1000
12336576 4 1000
12596057 5 1000
12792351 6 1000
12951726 7 1000
13168934 8 1000
13337590 9 1000
13536706 10 1000
13657643 11 1000
13762779 12 1000
13915008 13 1000
14044475 14 1000
14131264 15 1000
14213629 16 1000
14307097 17 1000
14397530 18 1000
14487435 19 1000
14621674 20 1000
14725709 21 1000
14818110 22 1000
14892260 23 1000
14947953 24 1000
15021562 25 1000
15077713 26 1000
15130334 27 1000
15181358 28 1000
15237514 29 1000
15294862 30 1000
15346281 31 1000
15389728 32 1000
15439239 33 1000
15487287 34 1000
15531560 35 1000
15573514 36 1000
15633546 37 1000
15676316 38 1000
15723596 39 1000
15780462 40 1000
15808666 41 1000
15856513 42 1000
15902859 43 1000
15937944 44 1000
15978071 45 1000
16019595 46 1000
16056901 47 1000
16098756 48 1000
16129393 49 1000
16173511 50 1000
16220144 51 1000
16268351 52 1000
16298880 53 1000
16338304 54 1000
16368361 55 1000
16398170 56 1000
16438642 57 1000
16467264 58 1000
16504086 59 1000
16529712 60 1000
16561838 61 1000
16590975 62 1000
16616539 63 1000
16650520 64 1000
16689876 65 1000
16737659 66 1000
16760537 67 1000
16798701 68 1000
16839745 69 1000
16874018 70 1000
16911154 71 1000
16935278 72 1000
16961570 73 1000
16986486 74 1000
17012118 75 1000
17045275 76 1000
17067782 77 1000
17090937 78 1000
17121338 79 1000
17153103 80 1000
17180667 81 1000
17203316 82 1000
17227298 83 1000
17254607 84 1000
17278727 85 1000
17297689 86 1000
17316942 87 1000
17338174 88 1000
17351103 89 1000
17378821 90 1000
17404736 91 1000
17421259 92 1000
17436829 93 1000
17457307 94 1000
17482493 95 1000
17513760 96 1000
17533059 97 1000
17552741 98 1000
17572939 99 1000
17592970 100 1000
17611038 101 1000
17625532 102 1000
17647989 103 1000
17666362 104 1000
17690613 105 1000
17711833 106 1000
17730595 107 1000
17753801 108 1000
17780348 109 1000
17798227 110 1000
17816271 111 1000
17835385 112 1000
17858365 113 1000
17881113 114 1000
17899144 115 1000
17931009 116 1000
17945816 117 1000
17967864 118 1000
17981555 119 1000
17999907 120 1000
18019286 121 1000
18038246 122 1000
18059845 123 1000
18073998 124 1000
18094625 125 1000
18111860 126 1000
18133786 127 1000
18149721 128 1000
18167526 129 1000
18183486 130 1000
18197892 131 1000
18212158 132 1000
18231306 133 1000
18250280 134 1000
18266113 135 1000
18280589 136 1000
18295611 137 1000
18311152 138 1000
18328250 139 1000
18346982 140 1000
18368878 141 1000
18385125 142 1000
18403764 143 1000
18416879 144 1000
18432577 145 1000
18450976 146 1000
18467035 147 1000
18487763 148 1000
18503193 149 1000
18523379 150 1000
18544334 151 1000
18567133 152 1000
18582100 153 1000
18599059 154 1000
18619064 155 1000
18635973 156 1000
18653716 157 1000
18669261 158 1000
18684813 159 1000
18697884 160 1000
18719629 161 1000
18733857 162 1000
18748138 163 1000
18766266 164 1000
18781414 165 1000
18798237 166 1000
18818068 167 1000
18836393 168 1000
18859767 169 1000
18872179 170 1000
18891161 171 1000
18906799 172 1000
18928545 173 1000
18949824 174 1000
18969463 175 1000
18984602 176 1000
19004497 177 1000
19021205 178 1000
19038088 179 1000
19052784 180 1000
19068593 181 1000
19089934 182 1000
19104456 183 1000
19121365 184 1000
19137400 185 1000
19155124 186 1000
19168950 187 1000
19185043 188 1000
19200423 189 1000
19214402 190 1000
19232325 191 1000
19243875 192 1000
19258230 193 1000
19268354 194 1000
19280349 195 1000
19295764 196 1000
19308456 197 1000
19329050 198 1000
19343711 199 1000
19358328 200 1000
19378439 201 1000
19395567 202 1000
19409419 203 1000
19422147 204 1000
19438527 205 1000
19447010 206 1000
19461300 207 1000
19475297 208 1000
19488741 209 1000
19501106 210 1000
19514836 211 1000
19528289 212 1000
19540414 213 1000
19555168 214 1000
19567830 215 1000
19579681 216 1000
19593303 217 1000
19607089 218 1000
19624629 219 1000
19639419 220 1000
19654567 221 1000
19671385 222 1000
19681366 223 1000
19697460 224 1000
19716469 225 1000
19728779 226 1000
19743910 227 1000
19759359 228 1000
19781871 229 1000
19797343 230 1000
19810760 231 1000
19826832 232 1000
19849703 233 1000
19860707 234 1000
19881774 235 1000
19892567 236 1000
19914175 237 1000
19933011 238 1000
19948574 239 1000
19961302 240 1000
19972451 241 1000
19985909 242 1000
19997276 243 1000
20013654 244 1000
20026869 245 1000
20050269 246 1000
20069778 247 1000
20083706 248 1000
20099684 249 1000
20122846 250 1000
20137466 251 1000
20151684 252 1000
20167228 253 1000
20179551 254 1000
20202416 255 1000
20217504 256 1000
20232985 257 1000
20250393 258 1000
20271698 259 1000
20290041 260 1000
20303539 261 1000
20317494 262 1000
20329999 263 1000
20343936 264 1000
20360733 265 1000
20374051 266 1000
20388335 267 1000
20406179 268 1000
20419651 269 1000
20434138 270 1000
20452603 271 1000
20466668 272 1000
20480809 273 1000
20497054 274 1000
20511872 275 1000
20524608 276 1000
20538275 277 1000
20549938 278 1000
20564026 279 1000
20575476 280 1000
20594765 281 1000
20610916 282 1000
20623146 283 1000
20637598 284 1000
20651709 285 1000
20669650 286 1000
20684255 287 1000
20698614 288 1000
20711673 289 1000
20723624 290 1000
20741771 291 1000
20758457 292 1000
20769586 293 1000
20786613 294 1000
20800538 295 1000
20821088 296 1000
20838968 297 1000
20857263 298 1000
20882871 299 1000
20902127 300 1000
20917629 301 1000
20931919 302 1000
20950430 303 1000
20966167 304 1000
20987148 305 1000
21005411 306 1000
21022696 307 1000
21039493 308 1000
21059211 309 1000
21075392 310 1000
21100594 311 1000
21116878 312 1000
21136674 313 1000
21153543 314 1000
21169915 315 1000
21188770 316 1000
21202672 317 1000
21225441 318 1000
21241577 319 1000
21264178 320 1000
21285756 321 1000
21302199 322 1000
21324896 323 1000
21340269 324 1000
21355484 325 1000
21375456 326 1000
21396639 327 1000
21414117 328 1000
21435501 329 1000
21453895 330 1000
21469042 331 1000
21486820 332 1000
21505691 333 1000
21521681 334 1000
21537853 335 1000
21561774 336 1000
21576718 337 1000
21592443 338 1000
21614288 339 1000
21637259 340 1000
21652775 341 1000
21679734 342 1000
21694056 343 1000
21711321 344 1000
21729996 345 1000
21749400 346 1000
21766888 347 1000
21781272 348 1000
21796004 349 1000
21821238 350 1000
21837387 351 1000
21858524 352 1000
21881032 353 1000
21900020 354 1000
21919480 355 1000
21941116 356 1000
21965475 357 1000
21987664 358 1000
22006688 359 1000
22027247 360 1000
22047054 361 1000
22068807 362 1000
22090349 363 1000
22116250 364 1000
22144689 365 1000
22166368 366 1000
22186274 367 1000
22209613 368 1000
22230341 369 1000
22255309 370 1000
22278023 371 1000
22308497 372 1000
22330063 373 1000
22349395 374 1000
22367494 375 1000
22386020 376 1000
22401310 377 1000
22423624 378 1000
22446215 379 1000
22474122 380 1000
22497251 381 1000
22527131 382 1000
22544372 383 1000
22566233 384 1000
22588626 385 1000
22617237 386 1000
22637060 387 1000
22667704 388 1000
22692251 389 1000
22714620 390 1000
22744181 391 1000
22763189 392 1000
22788387 393 1000
22822185 394 1000
22852459 395 1000
22869407 396 1000
22894905 397 1000
22920269 398 1000
22934529 399 1000
22964301 400 1000
22982355 401 1000
23006133 402 1000
23024039 403 1000
23049924 404 1000
23084524 405 1000
23115193 406 1000
23145886 407 1000
23169230 408 1000
23189875 409 1000
23209192 410 1000
23231998 411 1000
23256105 412 1000
23281097 413 1000
23317330 414 1000
23341839 415 1000
23377672 416 1000
23403966 417 1000
23427537 418 1000
23458511 419 1000
23477222 420 1000
23500899 421 1000
23526464 422 1000
23547360 423 1000
23572171 424 1000
23589703 425 1000
23608515 426 1000
23630526 427 1000
23658200 428 1000
23686054 429 1000
23704469 430 1000
23721449 431 1000
23747640 432 1000
23771537 433 1000
23796394 434 1000
23816145 435 1000
23845588 436 1000
23863603 437 1000
23887315 438 1000
23905908 439 1000
23925852 440 1000
23949656 441 1000
23976721 442 1000
24002976 443 1000
24026953 444 1000
24052430 445 1000
24070399 446 1000
24092675 447 1000
24121846 448 1000
24146412 449 1000
24178387 450 1000
24201617 451 1000
24233180 452 1000
24251501 453 1000
24275759 454 1000
24292638 455 1000
24320295 456 1000
24345108 457 1000
24380513 458 1000
24411349 459 1000
24439251 460 1000
24455851 461 1000
24485999 462 1000
24508442 463 1000
24531825 464 1000
24555611 465 1000
24581083 466 1000
24598906 467 1000
24624817 468 1000
24656702 469 1000
24685563 470 1000
24712212 471 1000
24739890 472 1000
24764019 473 1000
24805085 474 1000
24824219 475 1000
24851150 476 1000
24880968 477 1000
24910977 478 1000
24941185 479 1000
24967344 480 1000
24998525 481 1000
25032445 482 1000
25074046 483 1000
25108966 484 1000
25149257 485 1000
25190067 486 1000
25225218 487 1000
25253843 488 1000
25282474 489 1000
25309142 490 1000
25336257 491 1000
25359938 492 1000
25388633 493 1000
25417799 494 1000
25451813 495 1000
25491434 496 1000
25532739 497 1000
25565181 498 1000
25593872 499 1000
25631020 500 1000
25670735 501 1000
25726572 502 1000
25773831 503 1000
25813289 504 1000
25860904 505 1000
25897047 506 1000
25945885 507 1000
25995504 508 1000
26059416 509 1000
26113187 510 1000
26152185 511 1000
26200495 512 1000
26264201 513 1000
26309814 514 1000
26373021 515 1000
26440450 516 1000
26489423 517 1000
26548249 518 1000
26631452 519 1000
26700582 520 1000
26760002 521 1000
26825886 522 1000
26889960 523 1000
26984235 524 1000
27087801 525 1000
27199437 526 1000
27311496 527 1000
27413058 528 1000
27532647 529 1000
27661206 530 1000
27769624 531 1000
27891361 532 1000
28009281 533 1000
28131494 534 1000
28307036 535 1000
28437965 536 1000
28558165 537 1000
28679612 538 1000
28811372 539 1000
28943394 540 1000
29067443 541 1000
29213510 542 1000
29304365 543 1000
29401669 544 1000
29495410 545 1000
29623225 546 1000
29764871 547 1000
29890757 548 1000
30041138 549 1000
30252737 550 1000
30426516 551 1000
30628335 552 1000
30835806 553 1000
31042429 554 1000
31257246 555 1000
31490832 556 1000
31727946 557 1000
32035810 558 1000
32233947 559 1000
32533847 560 1000
32745811 561 1000
32955471 562 1000
33208513 563 1000
33357639 564 1000
33528831 565 1000
33666692 566 1000
33844673 567 1000
33998957 568 1000
34176446 569 1000
34313460 570 1000
34450723 571 1000
34588116 572 1000
34709611 573 1000
34780716 574 1000
34863394 575 1000
34934782 576 1000
35011467 577 1000
35075067 578 1000
35174991 579 1000
35278585 580 1000
35375584 581 1000
35507634 582 1000
35604324 583 1000
35688076 584 1000
35852118 585 1000
35990091 586 1000
36127161 587 1000
36313220 588 1000
36494617 589 1000
36662731 590 1000
36878436 591 1000
37063336 592 1000
37268592 593 1000
37473418 594 1000
37644776 595 1000
37805295 596 1000
38035425 597 1000
38211514 598 1000
38418223 599 1000
38582210 600 1000
38754713 601 1000
38885047 602 1000
39106862 603 1000
39278329 604 1000
39471874 605 1000
39670561 606 1000
39845515 607 1000
40026110 608 1000
40211181 609 1000
40428961 610 1000
40593733 611 1000
40884271 612 1000
41056808 613 1000
41532680 614 1000
41781946 615 1000
42017094 616 1000
42356589 617 1000
42860028 618 1000
43300509 619 1000
43539607 620 1000
43960351 621 1000
44363576 622 1000
44888787 623 1000
45540755 624 1000
45876409 625 1000
46327240 626 1000
46704244 627 1000
47181338 628 1000
48148037 629 1000
49325352 630 1000
50073173 631 1000
51044932 632 1000
51665390 633 1000
51909144 634 1000
52223369 635 1000
52547648 636 1000
52924891 637 1000
53428350 638 1000
53778635 639 1000
54315146 640 1000
54945916 641 1000
56078058 642 1000
56717480 643 1000
57430243 644 1000
58689464 645 1000
59893569 646 1000
60774616 647 1000
61554178 648 1000
62179106 649 1000
63210071 650 1000
63886115 651 1000
64279954 652 1000
64719435 653 1000
65690661 654 1000
66601303 655 1000
67402762 656 1000
67978350 657 1000
68293500 658 1000
68760818 659 1000
69088141 660 1000
69910890 661 1000
70510178 662 1000
70920006 663 1000
71542840 664 1000
72334052 665 1000
72935908 666 1000
73793852 667 1000
74275738 668 1000
75286294 669 1000
76476452 670 1000
77258311 671 1000
77910298 672 1000
78677705 673 1000
79272687 674 1000
79634327 675 1000
80165461 676 1000
80345936 677 1000
80673589 678 1000
81164558 679 1000
81669226 680 1000
82414811 681 1000
83037253 682 1000
83430930 683 1000
83857498 684 1000
84829501 685 1000
85991286 686 1000
87136501 687 1000
87645003 688 1000
88784456 689 1000
89553464 690 1000
90452489 691 1000
91538066 692 1000
92397564 693 1000
93093128 694 1000
93542745 695 1000
94905823 696 1000
96159393 697 1000
97342819 698 1000
97963753 699 1000
98967421 700 1000
99502628 701 1000
100690129 702 1000
102387676 703 1000
104173886 704 1000
105189013 705 1000
106226444 706 1000
106527668 707 1000
106762192 708 1000
107173140 709 1000
107626842 710 1000
108370421 711 1000
108799442 712 1000
109325958 713 1000
109720983 714 1000
110041155 715 1000
110344873 716 1000
110703408 717 1000
111102617 718 1000
111584359 719 1000
111983007 720 1000
112337888 721 1000
112804288 722 1000
112968694 723 1000
113268690 724 1000
113574054 725 1000
113829279 726 1000
114362557 727 1000
114713003 728 1000
115027707 729 1000
115350402 730 1000
115800204 731 1000
116143220 732 1000
116758650 733 1000
117038103 734 1000
117329295 735 1000
117746081 736 1000
118002658 737 1000
118324994 738 1000
118751136 739 1000
119187522 740 1000
119915618 741 1000
120713471 742 1000
121241149 743 1000
121711921 744 1000
122142086 745 1000
123264584 746 1000
123914316 747 1000
124545124 748 1000
125576874 749 1000
126822429 750 1000
127547296 751 1000
128183731 752 1000
128937010 753 1000
129898276 754 1000
131113019 755 1000
132317915 756 1000
133099825 757 1000
133977064 758 1000
134819837 759 1000
135445456 760 1000
135943750 761 1000
136819380 762 1000
137294534 763 1000
137924401 764 1000
138566794 765 1000
139144776 766 1000
139564075 767 1000
140036813 768 1000
140812941 769 1000
141208088 770 1000
141738057 771 1000
142142227 772 1000
142889632 773 1000
143495581 774 1000
143983266 775 1000
144633585 776 1000
145339772 777 1000
145556074 778 1000
145787525 779 1000
145997569 780 1000
146369969 781 1000
146645127 782 1000
147923895 783 1000
148975479 784 1000
149691358 785 1000
150109711 786 1000
150635194 787 1000
151426189 788 1000
152468263 789 1000
153555539 790 1000
154508167 791 1000
155547088 792 1000
156450331 793 1000
156932032 794 1000
157878878 795 1000
158616949 796 1000
159485310 797 1000
160218417 798 1000
160903269 799 1000
161543606 800 1000
162154111 801 1000
162557429 802 1000
162971494 803 1000
163457578 804 1000
163914932 805 1000
165130769 806 1000
166447027 807 1000
167095705 808 1000
167655090 809 1000
168745819 810 1000
170155707 811 1000
171554602 812 1000
172775484 813 1000
173295332 814 1000
174541877 815 1000
175098155 816 1000
175731827 817 1000
176444486 818 1000
177425725 819 1000
177981781 820 1000
178623198 821 1000
178993646 822 1000
179371488 823 1000
179890371 824 1000
180657792 825 1000
181201057 826 1000
181723103 827 1000
182183112 828 1000
182838787 829 1000
183296372 830 1000
183670980 831 1000
184432209 832 1000
184882655 833 1000
185272240 834 1000
185684383 835 1000
186403865 836 1000
187026229 837 1000
187670448 838 1000
188214374 839 1000
188786003 840 1000
189887848 841 1000
190537455 842 1000
191158301 843 1000
191462774 844 1000
191887416 845 1000
192417312 846 1000
193475711 847 1000
194578744 848 1000
195289206 849 1000
197090997 850 1000
198278910 851 1000
198733692 852 1000
199226424 853 1000
200082652 854 1000
203114094 855 1000
204629717 856 1000
206221878 857 1000
207258543 858 1000
207631215 859 1000
207902386 860 1000
208284188 861 1000
208713180 862 1000
209268757 863 1000
209813674 864 1000
210356887 865 1000
211152151 866 1000
211749662 867 1000
212024183 868 1000
212355713 869 1000
212704904 870 1000
213052440 871 1000
213383834 872 1000
213820535 873 1000
214477406 874 1000
214891313 875 1000
215822820 876 1000
216623171 877 1000
218221925 878 1000
218969334 879 1000
220240824 880 1000
220807716 881 1000
221821042 882 1000
223113954 883 1000
224386918 884 1000
225343888 885 1000
226281026 886 1000
228965369 887 1000
230528848 888 1000
232648442 889 1000
233712010 890 1000
235053680 891 1000
235613833 892 1000
236148791 893 1000
236712753 894 1000
237044087 895 1000
237334645 896 1000
237797717 897 1000
238219971 898 1000
238510810 899 1000
238953789 900 1000
239513451 901 1000
240547632 902 1000
241148838 903 1000
241468595 904 1000
241841670 905 1000
242402887 906 1000
243150840 907 1000
243696087 908 1000
244328653 909 1000
245302487 910 1000
246528272 911 1000
247413871 912 1000
248473476 913 1000
249476627 914 1000
250067479 915 1000
250636002 916 1000
252362668 917 1000
253472028 918 1000
253986824 919 1000
255461619 920 1000
256314396 921 1000
257255505 922 1000
257944547 923 1000
258571865 924 1000
259454628 925 1000
260018922 926 1000
260757602 927 1000
261486191 928 1000
262093319 929 1000
262478394 930 1000
263049334 931 1000
263524790 932 1000
264178430 933 1000
264664701 934 1000
264915198 935 1000
265226974 936 1000
265463281 937 1000
265769297 938 1000
266276179 939 1000
266860781 940 1000
267203763 941 1000
267918928 942 1000
268906984 943 1000
270157753 944 1000
270798244 945 1000
271606993 946 1000
274749007 947 1000
276351753 948 1000
277360746 949 1000
278053332 950 1000
278562302 951 1000
279261762 952 1000
279782565 953 1000
280051201 954 1000
280492717 955 1000
281789267 956 1000
284767800 957 1000
285418909 958 1000
286526301 959 1000
289718998 960 1000
291945655 961 1000
293315452 962 1000
295467715 963 1000
296318044 964 1000
297025393 965 1000
298127719 966 1000
299069082 967 1000
299626457 968 1000
300352250 969 1000
302838627 970 1000
304082226 971 1000
304940130 972 1000
310915026 973 1000
328898045 974 1000
329439405 975 1000
330424899 976 1000
331046439 977 1000
331772939 978 1000
332392710 979 1000
332812017 980 1000
333658569 981 1000
334450732 982 1000
335841737 983 1000
337919051 984 1000
344561039 985 1000
348814000 986 1000
350981130 987 1000
352470626 988 1000
356044825 989 1000
359026045 990 1000
361482525 991 1000
364025286 992 1000
366005442 993 1000
368416593 994 1000
369696670 995 1000
373097646 996 1000
376569038 997 1000
377664118 998 1000
380358059 999 1000
