2107562 0 1000
2192131 1 1000
2213378 2 1000
2239694 3 1000
2254050 4 1000
2269075 5 1000
2290476 6 1000
2299905 7 1000
2334168 8 1000
2340879 9 1000
2347300 10 1000
2349848 11 1000
2365918 12 1000
2370908 13 1000
2380695 14 1000
2391351 15 1000
2407136 16 1000
2416256 17 1000
2421256 18 1000
2425876 19 1000
2431604 20 1000
2433540 21 1000
2433943 22 1000
2448140 23 1000
2452598 24 1000
2458677 25 1000
2469479 26 1000
2472920 27 1000
2487527 28 1000
2493131 29 1000
2498322 30 1000
2499392 31 1000
2510357 32 1000
2512188 33 1000
2512565 34 1000
2514592 35 1000
2517866 36 1000
2519468 37 1000
2525958 38 1000
2526798 39 1000
2529218 40 1000
2529752 41 1000
2530431 42 1000
2531241 43 1000
2532521 44 1000
2536048 45 1000
2538153 46 1000
2539557 47 1000
2540183 48 1000
2541794 49 1000
2542358 50 1000
2545072 51 1000
2547165 52 1000
2551063 53 1000
2552996 54 1000
2558980 55 1000
2561086 56 1000
2564371 57 1000
2566024 58 1000
2567198 59 1000
2568295 60 1000
2573311 61 1000
2574284 62 1000
2577134 63 1000
2578853 64 1000
2579354 65 1000
2582206 66 1000
2583989 67 1000
2584967 68 1000
2585770 69 1000
2587427 70 1000
2590514 71 1000
2592286 72 1000
2592708 73 1000
2593076 74 1000
2595301 75 1000
2596994 76 1000
2597371 77 1000
2597922 78 1000
2598385 79 1000
2600655 80 1000
2605777 81 1000
2607211 82 1000
2609833 83 1000
2611610 84 1000
2614236 85 1000
2617914 86 1000
2618329 87 1000
2618818 88 1000
2620261 89 1000
2621301 90 1000
2622083 91 1000
2622720 92 1000
2624930 93 1000
2625146 94 1000
2626633 95 1000
2628017 96 1000
2628444 97 1000
2629208 98 1000
2630434 99 1000
2630614 100 1000
2632380 101 1000
2632895 102 1000
2633800 103 1000
2634988 104 1000
2635859 105 1000
2637878 106 1000
2639005 107 1000
2641998 108 1000
2642754 109 1000
2643231 110 1000
2643714 111 1000
2645260 112 1000
2646992 113 1000
2650182 114 1000
2651229 115 1000
2652032 116 1000
2652416 117 1000
2653096 118 1000
2655470 119 1000
2657488 120 1000
2660326 121 1000
2661607 122 1000
2666862 123 1000
2667804 124 1000
2668169 125 1000
2668711 126 1000
2669500 127 1000
2669581 128 1000
2669870 129 1000
2671003 130 1000
2672329 131 1000
2674079 132 1000
2680721 133 1000
2681756 134 1000
2682811 135 1000
2685278 136 1000
2686006 137 1000
2687017 138 1000
2688203 139 1000
2689022 140 1000
2689841 141 1000
2692830 142 1000
2696077 143 1000
2698214 144 1000
2701283 145 1000
2702126 146 1000
2705066 147 1000
2705395 148 1000
2706156 149 1000
2708436 150 1000
2709501 151 1000
2709906 152 1000
2710686 153 1000
2712382 154 1000
2713452 155 1000
2716491 156 1000
2718073 157 1000
2720617 158 1000
2721626 159 1000
2723779 160 1000
2724411 161 1000
2725772 162 1000
2727414 163 1000
2729477 164 1000
2732486 165 1000
2735423 166 1000
2738439 167 1000
2739637 168 1000
2740381 169 1000
2743056 170 1000
2745503 171 1000
2748868 172 1000
2750745 173 1000
2752471 174 1000
2753848 175 1000
2754128 176 1000
2755141 177 1000
2756361 178 1000
2756830 179 1000
2759791 180 1000
2762422 181 1000
2762837 182 1000
2765848 183 1000
2767398 184 1000
2768307 185 1000
2769019 186 1000
2770273 187 1000
2774888 188 1000
2779397 189 1000
2782642 190 1000
2783623 191 1000
2784661 192 1000
2786173 193 1000
2790284 194 1000
2792476 195 1000
2797789 196 1000
2798995 197 1000
2800012 198 1000
2801859 199 1000
2806850 200 1000
2807919 201 1000
2810837 202 1000
2814571 203 1000
2817095 204 1000
2818414 205 1000
2821213 206 1000
2823575 207 1000
2823883 208 1000
2824784 209 1000
2826086 210 1000
2828343 211 1000
2829213 212 1000
2831090 213 1000
2832608 214 1000
2835082 215 1000
2835733 216 1000
2836023 217 1000
2838027 218 1000
2838974 219 1000
2840558 220 1000
2841270 221 1000
2843583 222 1000
2844250 223 1000
2846705 224 1000
2848349 225 1000
2849538 226 1000
2849888 227 1000
2850077 228 1000
2850600 229 1000
2851600 230 1000
2852559 231 1000
2854654 232 1000
2855334 233 1000
2856098 234 1000
2857953 235 1000
2860505 236 1000
2861368 237 1000
2864480 238 1000
2867444 239 1000
2869575 240 1000
2870450 241 1000
2871013 242 1000
2872566 243 1000
2873249 244 1000
2875623 245 1000
2876210 246 1000
2880235 247 1000
2882040 248 1000
2884021 249 1000
2885314 250 1000
2886899 251 1000
2888199 252 1000
2892432 253 1000
2893055 254 1000
2894424 255 1000
2896624 256 1000
2897609 257 1000
2898745 258 1000
2899577 259 1000
2900103 260 1000
2900349 261 1000
2901398 262 1000
2902647 263 1000
2903217 264 1000
2904966 265 1000
2906089 266 1000
2906478 267 1000
2907099 268 1000
2908308 269 1000
2908841 270 1000
2910959 271 1000
2911796 272 1000
2913892 273 1000
2914809 274 1000
2916289 275 1000
2916761 276 1000
2918042 277 1000
2918348 278 1000
2919757 279 1000
2922700 280 1000
2922947 281 1000
2923149 282 1000
2924116 283 1000
2925204 284 1000
2926098 285 1000
2929654 286 1000
2931057 287 1000
2932533 288 1000
2935427 289 1000
2936110 290 1000
2939525 291 1000
2939664 292 1000
2940046 293 1000
2941261 294 1000
2941798 295 1000
2944142 296 1000
2945798 297 1000
2946702 298 1000
2948215 299 1000
2949855 300 1000
2950862 301 1000
2951429 302 1000
2952856 303 1000
2953920 304 1000
2955361 305 1000
2957898 306 1000
2959713 307 1000
2960012 308 1000
2961622 309 1000
2962872 310 1000
2964253 311 1000
2966350 312 1000
2967005 313 1000
2967717 314 1000
2969515 315 1000
2969814 316 1000
2972100 317 1000
2972305 318 1000
2974439 319 1000
2975384 320 1000
2975671 321 1000
2975808 322 1000
2977999 323 1000
2978597 324 1000
2980088 325 1000
2981488 326 1000
2982195 327 1000
2983194 328 1000
2984667 329 1000
2985472 330 1000
2987282 331 1000
2990105 332 1000
2993265 333 1000
2993522 334 1000
2994554 335 1000
2995210 336 1000
2996322 337 1000
2997733 338 1000
3000021 339 1000
3001905 340 1000
3003146 341 1000
3005307 342 1000
3005915 343 1000
3007234 344 1000
3009264 345 1000
3012348 346 1000
3013755 347 1000
3015054 348 1000
3016160 349 1000
3017271 350 1000
3019697 351 1000
3022007 352 1000
3022981 353 1000
3023266 354 1000
3023592 355 1000
3023860 356 1000
3025853 357 1000
3026717 358 1000
3027175 359 1000
3028098 360 1000
3029104 361 1000
3029966 362 1000
3030813 363 1000
3032880 364 1000
3033823 365 1000
3035382 366 1000
3036851 367 1000
3037103 368 1000
3038004 369 1000
3038652 370 1000
3039399 371 1000
3040648 372 1000
3041222 373 1000
3041657 374 1000
3041890 375 1000
3042511 376 1000
3044899 377 1000
3045999 378 1000
3048474 379 1000
3048995 380 1000
3049911 381 1000
3051689 382 1000
3052602 383 1000
3056004 384 1000
3056554 385 1000
3056810 386 1000
3057518 387 1000
3059628 388 1000
3061182 389 1000
3062289 390 1000
3064239 391 1000
3065372 392 1000
3065963 393 1000
3066999 394 1000
3068497 395 1000
3069022 396 1000
3069678 397 1000
3070872 398 1000
3072234 399 1000
3073355 400 1000
3074556 401 1000
3074956 402 1000
3075781 403 1000
3076240 404 1000
3077763 405 1000
3078004 406 1000
3080163 407 1000
3081545 408 1000
3081673 409 1000
3082733 410 1000
3083238 411 1000
3083834 412 1000
3085066 413 1000
3087282 414 1000
3088786 415 1000
3090554 416 1000
3091597 417 1000
3091714 418 1000
3092930 419 1000
3093492 420 1000
3094675 421 1000
3096441 422 1000
3097516 423 1000
3098053 424 1000
3098614 425 1000
3099076 426 1000
3100970 427 1000
3101852 428 1000
3102988 429 1000
3104075 430 1000
3104741 431 1000
3105816 432 1000
3106196 433 1000
3106474 434 1000
3107628 435 1000
3109368 436 1000
3109610 437 1000
3110737 438 1000
3110902 439 1000
3111615 440 1000
3113557 441 1000
3113889 442 1000
3114495 443 1000
3114755 444 1000
3115620 445 1000
3117965 446 1000
3119153 447 1000
3120415 448 1000
3120926 449 1000
3122569 450 1000
3123338 451 1000
3124239 452 1000
3125466 453 1000
3126959 454 1000
3127983 455 1000
3129134 456 1000
3130869 457 1000
3132265 458 1000
3132602 459 1000
3133080 460 1000
3134263 461 1000
3134767 462 1000
3135892 463 1000
3137097 464 1000
3137589 465 1000
3137838 466 1000
3140790 467 1000
3142274 468 1000
3146002 469 1000
3149696 470 1000
3149860 471 1000
3152316 472 1000
3153454 473 1000
3154983 474 1000
3157087 475 1000
3158237 476 1000
3158504 477 1000
3160014 478 1000
3161982 479 1000
3166018 480 1000
3169538 481 1000
3170073 482 1000
3171449 483 1000
3172795 484 1000
3173816 485 1000
3174155 486 1000
3175755 487 1000
3177604 488 1000
3179289 489 1000
3181014 490 1000
3181218 491 1000
3181558 492 1000
3182346 493 1000
3183517 494 1000
3185549 495 1000
3186212 496 1000
3188313 497 1000
3191398 498 1000
3193988 499 1000
3195124 500 1000
3199587 501 1000
3199882 502 1000
3203913 503 1000
3205659 504 1000
3206162 505 1000
3207773 506 1000
3209412 507 1000
3210405 508 1000
3214389 509 1000
3215165 510 1000
3216521 511 1000
3216691 512 1000
3224436 513 1000
3226722 514 1000
3230636 515 1000
3233502 516 1000
3234345 517 1000
3238815 518 1000
3240193 519 1000
3241652 520 1000
3242667 521 1000
3246728 522 1000
3249630 523 1000
3250754 524 1000
3251819 525 1000
3252951 526 1000
3252996 527 1000
3255984 528 1000
3256260 529 1000
3257393 530 1000
3259326 531 1000
3260471 532 1000
3264644 533 1000
3268832 534 1000
3271006 535 1000
3274669 536 1000
3276103 537 1000
3277128 538 1000
3277477 539 1000
3278166 540 1000
3280192 541 1000
3280992 542 1000
3281900 543 1000
3282290 544 1000
3283865 545 1000
3289204 546 1000
3291441 547 1000
3298784 548 1000
3299694 549 1000
3301308 550 1000
3302803 551 1000
3303429 552 1000
3307355 553 1000
3309823 554 1000
3310749 555 1000
3311113 556 1000
3312043 557 1000
3312827 558 1000
3313181 559 1000
3315773 560 1000
3320026 561 1000
3321161 562 1000
3325492 563 1000
3327668 564 1000
3331252 565 1000
3331721 566 1000
3332123 567 1000
3333883 568 1000
3335648 569 1000
3337034 570 1000
3338295 571 1000
3340635 572 1000
3343293 573 1000
3343950 574 1000
3345136 575 1000
3345656 576 1000
3347979 577 1000
3348492 578 1000
3348967 579 1000
3349578 580 1000
3352558 581 1000
3357503 582 1000
3358494 583 1000
3359889 584 1000
3360413 585 1000
3361030 586 1000
3361949 587 1000
3363738 588 1000
3365944 589 1000
3367248 590 1000
3368843 591 1000
3369414 592 1000
3370142 593 1000
3372663 594 1000
3374273 595 1000
3375179 596 1000
3376775 597 1000
3377841 598 1000
3378510 599 1000
3378708 600 1000
3381237 601 1000
3382621 602 1000
3383551 603 1000
3385406 604 1000
3387522 605 1000
3389721 606 1000
3390559 607 1000
3391934 608 1000
3393988 609 1000
3395990 610 1000
3396447 611 1000
3399395 612 1000
3401983 613 1000
3404620 614 1000
3405013 615 1000
3405137 616 1000
3408451 617 1000
3409024 618 1000
3410470 619 1000
3410875 620 1000
3411701 621 1000
3414113 622 1000
3422485 623 1000
3422855 624 1000
3424401 625 1000
3425595 626 1000
3428047 627 1000
3432113 628 1000
3433965 629 1000
3435618 630 1000
3436472 631 1000
3437203 632 1000
3438725 633 1000
3439688 634 1000
3441037 635 1000
3442837 636 1000
3445564 637 1000
3445714 638 1000
3449309 639 1000
3449964 640 1000
3451501 641 1000
3454038 642 1000
3456850 643 1000
3458318 644 1000
3461845 645 1000
3465637 646 1000
3466528 647 1000
3468745 648 1000
3470196 649 1000
3471562 650 1000
3472414 651 1000
3475656 652 1000
3478094 653 1000
3478204 654 1000
3479826 655 1000
3480944 656 1000
3482719 657 1000
3484724 658 1000
3486673 659 1000
3490661 660 1000
3492067 661 1000
3492932 662 1000
3494861 663 1000
3496413 664 1000
3496932 665 1000
3497431 666 1000
3499270 667 1000
3502278 668 1000
3504630 669 1000
3505436 670 1000
3507919 671 1000
3508645 672 1000
3510343 673 1000
3512425 674 1000
3514416 675 1000
3515805 676 1000
3516500 677 1000
3516826 678 1000
3518287 679 1000
3519843 680 1000
3520810 681 1000
3522472 682 1000
3523737 683 1000
3525149 684 1000
3527386 685 1000
3528233 686 1000
3530360 687 1000
3534875 688 1000
3535482 689 1000
3539162 690 1000
3544546 691 1000
3546200 692 1000
3546779 693 1000
3548003 694 1000
3550749 695 1000
3552821 696 1000
3553521 697 1000
3554014 698 1000
3555242 699 1000
3556311 700 1000
3558457 701 1000
3559452 702 1000
3560193 703 1000
3562648 704 1000
3566813 705 1000
3569346 706 1000
3569966 707 1000
3573043 708 1000
3574100 709 1000
3574717 710 1000
3576737 711 1000
3577033 712 1000
3578848 713 1000
3580760 714 1000
3584582 715 1000
3585602 716 1000
3587042 717 1000
3587262 718 1000
3588265 719 1000
3591749 720 1000
3595070 721 1000
3596207 722 1000
3598922 723 1000
3600586 724 1000
3601795 725 1000
3602362 726 1000
3603941 727 1000
3605811 728 1000
3609509 729 1000
3610592 730 1000
3613124 731 1000
3614535 732 1000
3617265 733 1000
3618667 734 1000
3619702 735 1000
3622012 736 1000
3624173 737 1000
3625970 738 1000
3627571 739 1000
3627585 740 1000
3629700 741 1000
3631517 742 1000
3632912 743 1000
3634261 744 1000
3636215 745 1000
3640440 746 1000
3643514 747 1000
3644788 748 1000
3645302 749 1000
3647586 750 1000
3649584 751 1000
3650236 752 1000
3651763 753 1000
3652411 754 1000
3653427 755 1000
3655177 756 1000
3658223 757 1000
3659461 758 1000
3661331 759 1000
3662627 760 1000
3664434 761 1000
3666800 762 1000
3667853 763 1000
3668387 764 1000
3671064 765 1000
3672551 766 1000
3673208 767 1000
3676524 768 1000
3681549 769 1000
3684647 770 1000
3686339 771 1000
3687846 772 1000
3689413 773 1000
3691049 774 1000
3693120 775 1000
3696209 776 1000
3698320 777 1000
3699821 778 1000
3704242 779 1000
3705042 780 1000
3705767 781 1000
3706461 782 1000
3709054 783 1000
3710848 784 1000
3713416 785 1000
3716309 786 1000
3719185 787 1000
3720940 788 1000
3721944 789 1000
3722220 790 1000
3723327 791 1000
3731694 792 1000
3735112 793 1000
3736101 794 1000
3737515 795 1000
3740377 796 1000
3741817 797 1000
3742976 798 1000
3744725 799 1000
3745608 800 1000
3747647 801 1000
3749463 802 1000
3752068 803 1000
3753889 804 1000
3754360 805 1000
3757870 806 1000
3759175 807 1000
3762044 808 1000
3764490 809 1000
3767354 810 1000
3769559 811 1000
3771279 812 1000
3774018 813 1000
3775277 814 1000
3777191 815 1000
3780869 816 1000
3782936 817 1000
3784630 818 1000
3788647 819 1000
3797116 820 1000
3804006 821 1000
3806958 822 1000
3808672 823 1000
3809910 824 1000
3812143 825 1000
3814441 826 1000
3816296 827 1000
3817265 828 1000
3818196 829 1000
3819351 830 1000
3821445 831 1000
3822392 832 1000
3824817 833 1000
3826127 834 1000
3826236 835 1000
3828173 836 1000
3830937 837 1000
3834408 838 1000
3835795 839 1000
3837889 840 1000
3839527 841 1000
3843795 842 1000
3848058 843 1000
3849216 844 1000
3855272 845 1000
3860785 846 1000
3870796 847 1000
3872646 848 1000
3874657 849 1000
3876010 850 1000
3880838 851 1000
3881070 852 1000
3883149 853 1000
3884488 854 1000
3890089 855 1000
3893014 856 1000
3896435 857 1000
3901005 858 1000
3903231 859 1000
3907994 860 1000
3912982 861 1000
3921466 862 1000
3929981 863 1000
3934603 864 1000
3935352 865 1000
3937585 866 1000
3943931 867 1000
3945395 868 1000
3956561 869 1000
3960841 870 1000
3962152 871 1000
3965566 872 1000
3968527 873 1000
3978294 874 1000
3979292 875 1000
3984611 876 1000
3991554 877 1000
3998486 878 1000
4000472 879 1000
4004898 880 1000
4007625 881 1000
4014873 882 1000
4034454 883 1000
4038615 884 1000
4040242 885 1000
4047813 886 1000
4056816 887 1000
4069885 888 1000
4082597 889 1000
4092406 890 1000
4102068 891 1000
4118131 892 1000
4126451 893 1000
4152925 894 1000
4167278 895 1000
4191460 896 1000
4237721 897 1000
4244761 898 1000
4268310 899 1000
4295287 900 1000
4296429 901 1000
4319026 902 1000
4341180 903 1000
4359133 904 1000
4416612 905 1000
4427158 906 1000
4443209 907 1000
4445404 908 1000
4516225 909 1000
4517870 910 1000
4534629 911 1000
4551506 912 1000
4602654 913 1000
4658142 914 1000
4669016 915 1000
4709311 916 1000
4722658 917 1000
4748215 918 1000
4792298 919 1000
4814173 920 1000
4846847 921 1000
4862742 922 1000
4883885 923 1000
4898279 924 1000
4908783 925 1000
4938604 926 1000
4968767 927 1000
4988170 928 1000
5158594 929 1000
5202278 930 1000
5209680 931 1000
5223728 932 1000
5280103 933 1000
5302212 934 1000
5343419 935 1000
5421835 936 1000
5478588 937 1000
5536588 938 1000
5564637 939 1000
5597110 940 1000
5661639 941 1000
5727261 942 1000
5914376 943 1000
5968870 944 1000
6151279 945 1000
6264475 946 1000
6510320 947 1000
7078945 948 1000
7791339 949 1000
7906564 950 1000
8000311 951 1000
8983052 952 1000
9320358 953 1000
9426770 954 1000
9930168 955 1000
10453173 956 1000
14333039 957 1000
15448003 958 1000
16684308 959 1000
17123639 960 1000
18903866 961 1000
19302333 962 1000
21223791 963 1000
21566918 964 1000
23125689 965 1000
24685589 966 1000
24866320 967 1000
25272638 968 1000
26192717 969 1000
26522159 970 1000
30840345 971 1000
32695818 972 1000
39006320 973 1000
41636466 974 1000
42366023 975 1000
45579491 976 1000
54339100 977 1000
54869974 978 1000
77643395 979 1000
83726482 980 1000
89314891 981 1000
89748776 982 1000
93174762 983 1000
94013251 984 1000
103787356 985 1000
104060934 986 1000
116195192 987 1000
116990225 988 1000
120390134 989 1000
124618019 990 1000
124765060 991 1000
147917013 992 1000
148851057 993 1000
156155082 994 1000
156782722 995 1000
161550697 996 1000
161958551 997 1000
171215517 998 1000
171286674 999 1000
