# load avg(tp, lat, bwr, bww, cpu, tps, brps, bwps), sd(...), ci(...)
10 10 18624.7864372 30.0109666079 10819010.6818 8158000.58288 6.89224056604 2.17358490566 0.0 18.7622641509 10 0.0 0.0 0.0 0.0 0.0 0.0 0.0 0.0 10 0.0 0.0 0.0 0.0 0.0 0.0 0.0 0.0 
12 12 18725.4356421 33.4602605586 10135941.9632 7488904.51514 6.58820754717 2.24150943396 0.0 18.641509434 12 0.0 0.0 0.0 0.0 0.0 0.0 0.0 0.0 12 0.0 0.0 0.0 0.0 0.0 0.0 0.0 0.0 
14 14 25838.8770987 34.6133566741 14507285.2728 10865480.3073 8.47285377358 2.15283018868 0.0 18.279245283 14 0.0 0.0 0.0 0.0 0.0 0.0 0.0 0.0 14 0.0 0.0 0.0 0.0 0.0 0.0 0.0 0.0 
16 16 27929.4705693 36.1957201277 14825072.4244 10873397.0247 8.60257075472 2.16739622642 0.0 18.6362830189 16 0.0 0.0 0.0 0.0 0.0 0.0 0.0 0.0 16 0.0 0.0 0.0 0.0 0.0 0.0 0.0 0.0 
19 19 33718.164841 39.6616554281 18532559.6735 13781961.9499 10.3876650943 2.23396226415 0.0 18.9433962264 19 0.0 0.0 0.0 0.0 0.0 0.0 0.0 0.0 19 0.0 0.0 0.0 0.0 0.0 0.0 0.0 0.0 
22 22 37553.1390542 41.9386006055 20718080.3636 15444152.687 11.3818867925 2.17169811321 0.0 18.7773584906 22 0.0 0.0 0.0 0.0 0.0 0.0 0.0 0.0 22 0.0 0.0 0.0 0.0 0.0 0.0 0.0 0.0 
26 26 37025.1494108 47.3459937951 20303036.0128 15094484.4025 11.2838915094 2.22811320755 0.0 18.5796415094 26 0.0 0.0 0.0 0.0 0.0 0.0 0.0 0.0 26 0.0 0.0 0.0 0.0 0.0 0.0 0.0 0.0 
31 31 46440.0648038 48.6243822855 25002678.6478 18531110.533 13.4487971698 2.13383018868 0.0 17.9461320755 31 0.0 0.0 0.0 0.0 0.0 0.0 0.0 0.0 31 0.0 0.0 0.0 0.0 0.0 0.0 0.0 0.0 
37 37 48831.0787603 51.6188672805 26151431.1495 19242944.439 14.0249505624 2.12422641509 0.0 18.0957169811 37 0.0 0.0 0.0 0.0 0.0 0.0 0.0 0.0 37 0.0 0.0 0.0 0.0 0.0 0.0 0.0 0.0 
44 44 55011.7628055 57.1065891679 29923662.011 22117889.4279 16.1105175073 2.23396226415 0.0 18.8528301887 44 0.0 0.0 0.0 0.0 0.0 0.0 0.0 0.0 44 0.0 0.0 0.0 0.0 0.0 0.0 0.0 0.0 
52 52 59104.3161588 60.6535451274 31844000.5164 23513233.2909 17.14625 2.12830188679 0.0 17.9924528302 52 0.0 0.0 0.0 0.0 0.0 0.0 0.0 0.0 52 0.0 0.0 0.0 0.0 0.0 0.0 0.0 0.0 
62 62 64501.8109534 64.0200481048 36091148.9552 26845130.7807 18.067372449 2.37410857143 0.0 19.9303579592 62 0.0 0.0 0.0 0.0 0.0 0.0 0.0 0.0 62 0.0 0.0 0.0 0.0 0.0 0.0 0.0 0.0 
74 74 68006.5292434 67.5661496871 36995846.6216 27317420.8334 18.7907397959 1.96134693878 0.0 17.0155102041 74 0.0 0.0 0.0 0.0 0.0 0.0 0.0 0.0 74 0.0 0.0 0.0 0.0 0.0 0.0 0.0 0.0 
88 88 76488.5692398 68.8125803223 42662318.2627 31680093.3332 21.6089795918 2.31632653061 0.0 19.1673469388 88 0.0 0.0 0.0 0.0 0.0 0.0 0.0 0.0 88 0.0 0.0 0.0 0.0 0.0 0.0 0.0 0.0 
100 100 80355.1443487 70.9207711289 44997828.455 33354799.4056 22.3548214286 1.96297959184 0.0 16.4718367347 100 0.0 0.0 0.0 0.0 0.0 0.0 0.0 0.0 100 0.0 0.0 0.0 0.0 0.0 0.0 0.0 0.0 
120 120 82081.6404396 83.472314262 43915283.9209 32201424.7691 22.5950255102 2.4066844898 0.0 19.5284546939 120 0.0 0.0 0.0 0.0 0.0 0.0 0.0 0.0 120 0.0 0.0 0.0 0.0 0.0 0.0 0.0 0.0 
140 140 83934.9558352 83.45248822 46042471.6259 34023126.7228 23.5505357143 1.71224489796 0.0 15.2065306122 140 0.0 0.0 0.0 0.0 0.0 0.0 0.0 0.0 140 0.0 0.0 0.0 0.0 0.0 0.0 0.0 0.0 
160 160 85791.4597091 85.6508296507 46993683.2673 34688404.6788 24.435127551 1.94220408163 0.0 16.3004081633 160 0.0 0.0 0.0 0.0 0.0 0.0 0.0 0.0 160 0.0 0.0 0.0 0.0 0.0 0.0 0.0 0.0 
180 180 87153.2297698 92.7472377669 47273859.5287 34826930.7195 24.572372449 1.85832653061 0.0 16.548244898 180 0.0 0.0 0.0 0.0 0.0 0.0 0.0 0.0 180 0.0 0.0 0.0 0.0 0.0 0.0 0.0 0.0 
200 200 86151.1481579 97.1892573407 46628806.1567 34300152.6349 24.5385969388 1.6653877551 0.0 14.5312653061 200 0.0 0.0 0.0 0.0 0.0 0.0 0.0 0.0 200 0.0 0.0 0.0 0.0 0.0 0.0 0.0 0.0 
240 240 85372.2170975 101.936557736 46954056.0945 34634007.9605 25.82805 1.76930941176 0.0 15.4664752941 240 0.0 0.0 0.0 0.0 0.0 0.0 0.0 0.0 240 0.0 0.0 0.0 0.0 0.0 0.0 0.0 0.0 
280 280 83760.698063 106.831231034 45650804.6621 33638997.4862 26.070075 1.802 0.0 16.176 280 0.0 0.0 0.0 0.0 0.0 0.0 0.0 0.0 280 0.0 0.0 0.0 0.0 0.0 0.0 0.0 0.0 
