6671986 0 1000
8981215 1 1000
9402711 2 1000
9571704 3 1000
9796539 4 1000
9961638 5 1000
10158901 6 1000
10250829 7 1000
10332004 8 1000
10423381 9 1000
10533904 10 1000
10672440 11 1000
10770418 12 1000
10859333 13 1000
10923134 14 1000
10999082 15 1000
11068540 16 1000
11136327 17 1000
11191593 18 1000
11233518 19 1000
11272021 20 1000
11317547 21 1000
11349070 22 1000
11400856 23 1000
11431438 24 1000
11473986 25 1000
11504941 26 1000
11528675 27 1000
11554873 28 1000
11577798 29 1000
11608767 30 1000
11646152 31 1000
11675846 32 1000
11699967 33 1000
11735436 34 1000
11767683 35 1000
11794615 36 1000
11829248 37 1000
11855420 38 1000
11877225 39 1000
11906027 40 1000
11934179 41 1000
11961102 42 1000
11981509 43 1000
12009326 44 1000
12034333 45 1000
12055462 46 1000
12078995 47 1000
12113078 48 1000
12151427 49 1000
12178675 50 1000
12223997 51 1000
12249830 52 1000
12282655 53 1000
12298927 54 1000
12323331 55 1000
12342876 56 1000
12371350 57 1000
12397084 58 1000
12420088 59 1000
12436588 60 1000
12454256 61 1000
12473773 62 1000
12489377 63 1000
12506437 64 1000
12522800 65 1000
12532961 66 1000
12557331 67 1000
12577422 68 1000
12591330 69 1000
12609924 70 1000
12622775 71 1000
12641355 72 1000
12659363 73 1000
12674572 74 1000
12691400 75 1000
12712718 76 1000
12738117 77 1000
12761284 78 1000
12788380 79 1000
12809617 80 1000
12824025 81 1000
12840849 82 1000
12851811 83 1000
12865999 84 1000
12880778 85 1000
12896967 86 1000
12911519 87 1000
12924106 88 1000
12945238 89 1000
12956206 90 1000
12969639 91 1000
12985429 92 1000
12999285 93 1000
13009999 94 1000
13023009 95 1000
13033591 96 1000
13049118 97 1000
13068371 98 1000
13084685 99 1000
13101896 100 1000
13114160 101 1000
13132349 102 1000
13146668 103 1000
13159601 104 1000
13171389 105 1000
13183382 106 1000
13192048 107 1000
13202939 108 1000
13220050 109 1000
13228319 110 1000
13238364 111 1000
13254271 112 1000
13264859 113 1000
13275073 114 1000
13285528 115 1000
13294587 116 1000
13305191 117 1000
13314951 118 1000
13327141 119 1000
13336351 120 1000
13348949 121 1000
13359859 122 1000
13370382 123 1000
13380684 124 1000
13391076 125 1000
13401074 126 1000
13410670 127 1000
13424420 128 1000
13437753 129 1000
13445490 130 1000
13455580 131 1000
13469274 132 1000
13482176 133 1000
13494455 134 1000
13503892 135 1000
13513147 136 1000
13522376 137 1000
13530899 138 1000
13545588 139 1000
13556788 140 1000
13567205 141 1000
13576839 142 1000
13584005 143 1000
13591326 144 1000
13600794 145 1000
13607918 146 1000
13613344 147 1000
13622024 148 1000
13631835 149 1000
13641629 150 1000
13647377 151 1000
13655011 152 1000
13669419 153 1000
13679095 154 1000
13688472 155 1000
13694572 156 1000
13701532 157 1000
13711282 158 1000
13720916 159 1000
13727063 160 1000
13739611 161 1000
13752818 162 1000
13758798 163 1000
13768156 164 1000
13775991 165 1000
13780701 166 1000
13789885 167 1000
13797137 168 1000
13804896 169 1000
13810202 170 1000
13814937 171 1000
13821323 172 1000
13827892 173 1000
13835875 174 1000
13846088 175 1000
13855387 176 1000
13865531 177 1000
13873897 178 1000
13879894 179 1000
13887775 180 1000
13894513 181 1000
13903336 182 1000
13908187 183 1000
13914671 184 1000
13920619 185 1000
13927578 186 1000
13935170 187 1000
13942683 188 1000
13949522 189 1000
13955537 190 1000
13965618 191 1000
13972430 192 1000
13980489 193 1000
13986543 194 1000
13993328 195 1000
14002464 196 1000
14009944 197 1000
14017442 198 1000
14027062 199 1000
14032447 200 1000
14039029 201 1000
14046810 202 1000
14056562 203 1000
14063815 204 1000
14073565 205 1000
14081453 206 1000
14091672 207 1000
14099171 208 1000
14106339 209 1000
14111388 210 1000
14122039 211 1000
14128674 212 1000
14135603 213 1000
14146322 214 1000
14157023 215 1000
14164852 216 1000
14170820 217 1000
14179657 218 1000
14188631 219 1000
14197058 220 1000
14205578 221 1000
14213949 222 1000
14224371 223 1000
14230447 224 1000
14240337 225 1000
14247305 226 1000
14255267 227 1000
14263470 228 1000
14272097 229 1000
14279803 230 1000
14287227 231 1000
14295157 232 1000
14302692 233 1000
14312349 234 1000
14321545 235 1000
14330530 236 1000
14339254 237 1000
14347968 238 1000
14357167 239 1000
14365172 240 1000
14374420 241 1000
14381294 242 1000
14388516 243 1000
14396291 244 1000
14403446 245 1000
14412684 246 1000
14422397 247 1000
14428357 248 1000
14433939 249 1000
14439396 250 1000
14446532 251 1000
14453427 252 1000
14457230 253 1000
14464999 254 1000
14473245 255 1000
14481780 256 1000
14489259 257 1000
14498166 258 1000
14508044 259 1000
14515041 260 1000
14522684 261 1000
14529243 262 1000
14537659 263 1000
14545725 264 1000
14555695 265 1000
14562872 266 1000
14570665 267 1000
14575858 268 1000
14584454 269 1000
14591925 270 1000
14598007 271 1000
14605935 272 1000
14618604 273 1000
14626763 274 1000
14632661 275 1000
14640112 276 1000
14644764 277 1000
14653254 278 1000
14663275 279 1000
14669745 280 1000
14679442 281 1000
14686561 282 1000
14697534 283 1000
14705573 284 1000
14711242 285 1000
14719112 286 1000
14726731 287 1000
14736309 288 1000
14749015 289 1000
14757069 290 1000
14768352 291 1000
14776308 292 1000
14783724 293 1000
14788582 294 1000
14798866 295 1000
14806094 296 1000
14814692 297 1000
14824987 298 1000
14833711 299 1000
14841098 300 1000
14848817 301 1000
14859801 302 1000
14870499 303 1000
14878358 304 1000
14883726 305 1000
14891326 306 1000
14899208 307 1000
14906711 308 1000
14916482 309 1000
14924739 310 1000
14934474 311 1000
14944285 312 1000
14957422 313 1000
14963694 314 1000
14971321 315 1000
14981325 316 1000
14986868 317 1000
14993229 318 1000
15007192 319 1000
15015474 320 1000
15023561 321 1000
15032711 322 1000
15041792 323 1000
15050805 324 1000
15060716 325 1000
15069745 326 1000
15076096 327 1000
15084890 328 1000
15091879 329 1000
15102986 330 1000
15113531 331 1000
15123464 332 1000
15133757 333 1000
15145241 334 1000
15153685 335 1000
15161308 336 1000
15168574 337 1000
15180491 338 1000
15190078 339 1000
15198891 340 1000
15205807 341 1000
15214907 342 1000
15222958 343 1000
15232484 344 1000
15244238 345 1000
15254887 346 1000
15264852 347 1000
15273051 348 1000
15282713 349 1000
15291946 350 1000
15300003 351 1000
15315757 352 1000
15323564 353 1000
15331395 354 1000
15338040 355 1000
15348245 356 1000
15359930 357 1000
15370035 358 1000
15380139 359 1000
15390882 360 1000
15399924 361 1000
15410543 362 1000
15417166 363 1000
15425671 364 1000
15438020 365 1000
15455018 366 1000
15462017 367 1000
15470298 368 1000
15479370 369 1000
15489504 370 1000
15496929 371 1000
15508425 372 1000
15516552 373 1000
15527750 374 1000
15538964 375 1000
15551653 376 1000
15559760 377 1000
15567692 378 1000
15576856 379 1000
15585017 380 1000
15596576 381 1000
15605113 382 1000
15618305 383 1000
15630700 384 1000
15637886 385 1000
15648130 386 1000
15657006 387 1000
15669607 388 1000
15680010 389 1000
15687729 390 1000
15696777 391 1000
15709311 392 1000
15721794 393 1000
15733644 394 1000
15744979 395 1000
15759248 396 1000
15769311 397 1000
15775020 398 1000
15789222 399 1000
15799465 400 1000
15815228 401 1000
15827345 402 1000
15841782 403 1000
15853987 404 1000
15872074 405 1000
15880753 406 1000
15890413 407 1000
15897924 408 1000
15909191 409 1000
15920274 410 1000
15927136 411 1000
15935834 412 1000
15946963 413 1000
15956913 414 1000
15970487 415 1000
15979539 416 1000
15987596 417 1000
15997094 418 1000
16006908 419 1000
16019993 420 1000
16028417 421 1000
16045331 422 1000
16055224 423 1000
16068262 424 1000
16084715 425 1000
16098608 426 1000
16111947 427 1000
16120207 428 1000
16136108 429 1000
16148053 430 1000
16160315 431 1000
16171063 432 1000
16180384 433 1000
16193467 434 1000
16205533 435 1000
16215520 436 1000
16224818 437 1000
16233652 438 1000
16248147 439 1000
16261300 440 1000
16272581 441 1000
16285650 442 1000
16299883 443 1000
16318303 444 1000
16333509 445 1000
16344695 446 1000
16363565 447 1000
16376338 448 1000
16388909 449 1000
16404923 450 1000
16415283 451 1000
16428914 452 1000
16436579 453 1000
16451899 454 1000
16468939 455 1000
16484375 456 1000
16493685 457 1000
16504109 458 1000
16521856 459 1000
16534778 460 1000
16549605 461 1000
16554819 462 1000
16570377 463 1000
16582338 464 1000
16594824 465 1000
16610464 466 1000
16621118 467 1000
16634283 468 1000
16646527 469 1000
16657817 470 1000
16669800 471 1000
16681101 472 1000
16691702 473 1000
16708104 474 1000
16721229 475 1000
16734288 476 1000
16743821 477 1000
16756963 478 1000
16766145 479 1000
16785516 480 1000
16798811 481 1000
16813595 482 1000
16831113 483 1000
16840365 484 1000
16848905 485 1000
16858002 486 1000
16866372 487 1000
16875076 488 1000
16889476 489 1000
16903569 490 1000
16921029 491 1000
16933905 492 1000
16943796 493 1000
16953154 494 1000
16964075 495 1000
16974936 496 1000
16985968 497 1000
16996056 498 1000
17010899 499 1000
17023564 500 1000
17034379 501 1000
17046714 502 1000
17062470 503 1000
17075110 504 1000
17086944 505 1000
17099175 506 1000
17108973 507 1000
17122161 508 1000
17132912 509 1000
17142343 510 1000
17153643 511 1000
17165136 512 1000
17178472 513 1000
17189276 514 1000
17201504 515 1000
17213948 516 1000
17222456 517 1000
17233487 518 1000
17242219 519 1000
17250826 520 1000
17264007 521 1000
17277368 522 1000
17288617 523 1000
17300548 524 1000
17311510 525 1000
17320489 526 1000
17332846 527 1000
17344280 528 1000
17354564 529 1000
17364548 530 1000
17378202 531 1000
17392752 532 1000
17402581 533 1000
17412388 534 1000
17428488 535 1000
17444487 536 1000
17458784 537 1000
17466091 538 1000
17480592 539 1000
17498352 540 1000
17506051 541 1000
17513466 542 1000
17528423 543 1000
17539058 544 1000
17555257 545 1000
17564822 546 1000
17579481 547 1000
17588210 548 1000
17597304 549 1000
17608125 550 1000
17619810 551 1000
17631341 552 1000
17640563 553 1000
17649926 554 1000
17660742 555 1000
17675922 556 1000
17687340 557 1000
17700775 558 1000
17714890 559 1000
17726561 560 1000
17737263 561 1000
17749960 562 1000
17767339 563 1000
17783210 564 1000
17792860 565 1000
17803812 566 1000
17813104 567 1000
17824548 568 1000
17834232 569 1000
17845802 570 1000
17865616 571 1000
17879883 572 1000
17892165 573 1000
17905528 574 1000
17917669 575 1000
17931903 576 1000
17945169 577 1000
17960398 578 1000
17976229 579 1000
17991826 580 1000
18010518 581 1000
18023907 582 1000
18036083 583 1000
18047314 584 1000
18062163 585 1000
18073958 586 1000
18087412 587 1000
18101585 588 1000
18115188 589 1000
18132246 590 1000
18150548 591 1000
18167739 592 1000
18183823 593 1000
18201906 594 1000
18218209 595 1000
18236687 596 1000
18254615 597 1000
18268499 598 1000
18286629 599 1000
18298764 600 1000
18313631 601 1000
18331584 602 1000
18345038 603 1000
18364644 604 1000
18372852 605 1000
18385687 606 1000
18396827 607 1000
18416486 608 1000
18436228 609 1000
18448127 610 1000
18467344 611 1000
18483176 612 1000
18497916 613 1000
18514192 614 1000
18535318 615 1000
18553443 616 1000
18568288 617 1000
18579269 618 1000
18595013 619 1000
18615356 620 1000
18642213 621 1000
18662865 622 1000
18680155 623 1000
18694774 624 1000
18710864 625 1000
18726034 626 1000
18744915 627 1000
18767059 628 1000
18788245 629 1000
18808310 630 1000
18831073 631 1000
18853074 632 1000
18866981 633 1000
18877632 634 1000
18901906 635 1000
18915966 636 1000
18938641 637 1000
18961444 638 1000
18988879 639 1000
19005315 640 1000
19019613 641 1000
19042212 642 1000
19054962 643 1000
19074210 644 1000
19095355 645 1000
19120293 646 1000
19133324 647 1000
19146485 648 1000
19167576 649 1000
19188600 650 1000
19209725 651 1000
19232806 652 1000
19253314 653 1000
19283770 654 1000
19306747 655 1000
19331412 656 1000
19355252 657 1000
19372001 658 1000
19391180 659 1000
19414649 660 1000
19426420 661 1000
19441057 662 1000
19461344 663 1000
19481805 664 1000
19512022 665 1000
19535560 666 1000
19558357 667 1000
19574806 668 1000
19594398 669 1000
19606719 670 1000
19637724 671 1000
19670202 672 1000
19696499 673 1000
19715549 674 1000
19743959 675 1000
19765111 676 1000
19791068 677 1000
19812103 678 1000
19831360 679 1000
19857559 680 1000
19881095 681 1000
19907707 682 1000
19951093 683 1000
19992125 684 1000
20026256 685 1000
20046482 686 1000
20079365 687 1000
20105385 688 1000
20137008 689 1000
20167264 690 1000
20204458 691 1000
20229290 692 1000
20252053 693 1000
20297041 694 1000
20333877 695 1000
20363592 696 1000
20391197 697 1000
20420880 698 1000
20465852 699 1000
20486012 700 1000
20514313 701 1000
20546492 702 1000
20593870 703 1000
20635135 704 1000
20664264 705 1000
20708150 706 1000
20753949 707 1000
20781314 708 1000
20837634 709 1000
20894255 710 1000
20951589 711 1000
21005160 712 1000
21052071 713 1000
21094253 714 1000
21121969 715 1000
21161100 716 1000
21196288 717 1000
21236029 718 1000
21286486 719 1000
21317561 720 1000
21344561 721 1000
21394283 722 1000
21436420 723 1000
21474063 724 1000
21509084 725 1000
21557526 726 1000
21612390 727 1000
21678369 728 1000
21734924 729 1000
21779040 730 1000
21870179 731 1000
21941120 732 1000
22007224 733 1000
22057619 734 1000
22137587 735 1000
22233912 736 1000
22324850 737 1000
22383826 738 1000
22468407 739 1000
22545555 740 1000
22606322 741 1000
22651659 742 1000
22736899 743 1000
22820862 744 1000
22934824 745 1000
23091427 746 1000
23181031 747 1000
23285786 748 1000
23386497 749 1000
23488892 750 1000
23587353 751 1000
23716808 752 1000
23862609 753 1000
23979543 754 1000
24078904 755 1000
24247776 756 1000
24368052 757 1000
24540959 758 1000
24673437 759 1000
24869704 760 1000
25042997 761 1000
25218259 762 1000
25426523 763 1000
25681382 764 1000
26011187 765 1000
26291594 766 1000
26594126 767 1000
26841868 768 1000
26974126 769 1000
27326469 770 1000
27574398 771 1000
27867489 772 1000
28285581 773 1000
28735607 774 1000
29111840 775 1000
29607825 776 1000
30074214 777 1000
30650616 778 1000
31283347 779 1000
31550272 780 1000
32159980 781 1000
32662862 782 1000
33092091 783 1000
33405287 784 1000
34187261 785 1000
35551039 786 1000
37250172 787 1000
39152290 788 1000
40038173 789 1000
41557427 790 1000
42746980 791 1000
43707192 792 1000
44261249 793 1000
44753891 794 1000
45614167 795 1000
45978722 796 1000
46719513 797 1000
47399481 798 1000
48371659 799 1000
49034639 800 1000
50457590 801 1000
51647547 802 1000
52700886 803 1000
53203776 804 1000
54023398 805 1000
55979854 806 1000
57449998 807 1000
60571453 808 1000
62519064 809 1000
64989959 810 1000
66356276 811 1000
67712219 812 1000
68868857 813 1000
69299080 814 1000
70260525 815 1000
72446719 816 1000
76074551 817 1000
86576440 818 1000
93786746 819 1000
98475341 820 1000
99768578 821 1000
100826384 822 1000
101345816 823 1000
102245180 824 1000
103616881 825 1000
105118764 826 1000
108885175 827 1000
111190785 828 1000
112812069 829 1000
119973315 830 1000
121262800 831 1000
122425520 832 1000
123355226 833 1000
124006673 834 1000
124694042 835 1000
125256603 836 1000
125528174 837 1000
125955332 838 1000
126730564 839 1000
127270405 840 1000
127864870 841 1000
128187304 842 1000
128733447 843 1000
129128575 844 1000
129466106 845 1000
129863795 846 1000
130589705 847 1000
132257583 848 1000
133503215 849 1000
134421156 850 1000
134808206 851 1000
135390230 852 1000
137145893 853 1000
137683760 854 1000
138046314 855 1000
138754966 856 1000
139255331 857 1000
139709140 858 1000
140162311 859 1000
140617988 860 1000
141463170 861 1000
142558279 862 1000
145844464 863 1000
151293141 864 1000
153409027 865 1000
154122401 866 1000
159239042 867 1000
160723783 868 1000
161172654 869 1000
162137900 870 1000
162446944 871 1000
163156894 872 1000
164089267 873 1000
164332780 874 1000
164754937 875 1000
165665543 876 1000
166478940 877 1000
166881260 878 1000
167767310 879 1000
169518990 880 1000
170056602 881 1000
170901815 882 1000
172099867 883 1000
172945154 884 1000
173446508 885 1000
175308031 886 1000
175964174 887 1000
176744481 888 1000
177869486 889 1000
178811439 890 1000
179422748 891 1000
179960672 892 1000
180387951 893 1000
181083561 894 1000
181585708 895 1000
182241067 896 1000
182887135 897 1000
183985897 898 1000
184716165 899 1000
194347533 900 1000
196856281 901 1000
197508360 902 1000
198293752 903 1000
199858317 904 1000
204477626 905 1000
207981233 906 1000
209516811 907 1000
211797080 908 1000
225236415 909 1000
228684453 910 1000
230843475 911 1000
241583380 912 1000
244564797 913 1000
246775472 914 1000
247574266 915 1000
248095807 916 1000
248432376 917 1000
249034121 918 1000
251625024 919 1000
252281619 920 1000
253582854 921 1000
254608966 922 1000
255665940 923 1000
257200017 924 1000
259794122 925 1000
261899668 926 1000
264114126 927 1000
264807667 928 1000
266506271 929 1000
269930330 930 1000
272884829 931 1000
280173393 932 1000
282978042 933 1000
285045196 934 1000
286238353 935 1000
287352161 936 1000
288121791 937 1000
290767359 938 1000
302067117 939 1000
318843956 940 1000
321574288 941 1000
322849085 942 1000
324328097 943 1000
325902325 944 1000
329587865 945 1000
333606505 946 1000
335669072 947 1000
336642000 948 1000
337221218 949 1000
338809705 950 1000
340419156 951 1000
342165678 952 1000
344198962 953 1000
344923705 954 1000
345495678 955 1000
345992992 956 1000
347060493 957 1000
349343355 958 1000
350386503 959 1000
351947882 960 1000
353235884 961 1000
356587653 962 1000
356926369 963 1000
357914916 964 1000
359427302 965 1000
360689253 966 1000
363192672 967 1000
366783134 968 1000
367840283 969 1000
369838188 970 1000
371713671 971 1000
372672038 972 1000
373856538 973 1000
374490790 974 1000
375087876 975 1000
375547796 976 1000
376228540 977 1000
376765859 978 1000
377024197 979 1000
377342308 980 1000
377749295 981 1000
377948717 982 1000
378643609 983 1000
380179177 984 1000
381621971 985 1000
382331521 986 1000
383591340 987 1000
385562291 988 1000
386907380 989 1000
387468433 990 1000
389344403 991 1000
390757501 992 1000
391766217 993 1000
393246045 994 1000
394305552 995 1000
395049607 996 1000
396206770 997 1000
397287230 998 1000
399426829 999 1000
