# load avg(tp, lat, bwr, bww, cpu, tps, brps, bwps), sd(...), ci(...)
1 1 4615.00446875 9.68230723443 11851367.1431 9255829.55198 6.81131735589 2.64035087719 0.0 22.0350877193 1 0.0 0.0 0.0 0.0 0.0 0.0 0.0 0.0 1 0.0 0.0 0.0 0.0 0.0 0.0 0.0 0.0 
3 3 22140.0600134 14.7262181674 56630809.1006 44100974.4169 25.3729464286 2.70175438596 0.0 22.6666666667 3 0.0 0.0 0.0 0.0 0.0 0.0 0.0 0.0 3 0.0 0.0 0.0 0.0 0.0 0.0 0.0 0.0 
4 4 28356.2812994 16.528262642 72913851.0328 56794580.2712 31.5813392857 1.67543859649 0.0 17.4035087719 4 0.0 0.0 0.0 0.0 0.0 0.0 0.0 0.0 4 0.0 0.0 0.0 0.0 0.0 0.0 0.0 0.0 
5 5 31697.1515001 18.7990966908 81027962.3293 63038256.9462 34.8953571429 2.88403508772 0.0 24.1952631579 5 0.0 0.0 0.0 0.0 0.0 0.0 0.0 0.0 5 0.0 0.0 0.0 0.0 0.0 0.0 0.0 0.0 
7 7 33959.9135716 20.7756868898 86734837.0027 67511537.3681 37.3882142857 2.69298245614 0.0 22.3157894737 7 0.0 0.0 0.0 0.0 0.0 0.0 0.0 0.0 7 0.0 0.0 0.0 0.0 0.0 0.0 0.0 0.0 
9 9 34520.4866402 22.3459733508 88105790.4085 68582074.1351 38.0178571429 2.59649122807 0.0 21.2631578947 9 0.0 0.0 0.0 0.0 0.0 0.0 0.0 0.0 9 0.0 0.0 0.0 0.0 0.0 0.0 0.0 0.0 
10 10 34829.711639 22.6346371401 89099309.7683 69359385.5894 38.3595614035 2.63114035088 0.0 22.4526315789 10 0.0 0.0 0.0 0.0 0.0 0.0 0.0 0.0 10 0.0 0.0 0.0 0.0 0.0 0.0 0.0 0.0 
12 12 34949.5770316 24.2271663434 88515948.5789 68901895.2864 38.3322321429 2.59649122807 0.0 21.3333333333 12 0.0 0.0 0.0 0.0 0.0 0.0 0.0 0.0 12 0.0 0.0 0.0 0.0 0.0 0.0 0.0 0.0 
14 14 34993.9857459 25.235173588 89148948.7817 69564486.9148 38.5192857143 2.51696428571 0.0 20.8500892857 14 0.0 0.0 0.0 0.0 0.0 0.0 0.0 0.0 14 0.0 0.0 0.0 0.0 0.0 0.0 0.0 0.0 
16 16 35058.2812431 26.586524478 88939967.0394 69238739.9961 38.5394642857 2.71929824561 0.0 22.5263157895 16 0.0 0.0 0.0 0.0 0.0 0.0 0.0 0.0 16 0.0 0.0 0.0 0.0 0.0 0.0 0.0 0.0 
19 19 35043.6290979 28.4296947549 89081464.2483 69357790.0731 38.5558928571 2.55214285714 0.0 21.274375 19 0.0 0.0 0.0 0.0 0.0 0.0 0.0 0.0 19 0.0 0.0 0.0 0.0 0.0 0.0 0.0 0.0 
22 22 35294.0367859 30.0900734895 90110537.1275 70162851.9938 39.2284821429 2.53085839599 0.0 20.7468671679 22 0.0 0.0 0.0 0.0 0.0 0.0 0.0 0.0 22 0.0 0.0 0.0 0.0 0.0 0.0 0.0 0.0 
26 26 35141.5260354 33.4034254529 89057784.0613 69555021.9964 39.1161607143 2.65178571429 0.0 21.7142857143 26 0.0 0.0 0.0 0.0 0.0 0.0 0.0 0.0 26 0.0 0.0 0.0 0.0 0.0 0.0 0.0 0.0 
31 31 35605.9279036 35.8475528513 90250190.5043 70515329.5808 39.3455357143 2.71428571429 0.0 23.0 31 0.0 0.0 0.0 0.0 0.0 0.0 0.0 0.0 31 0.0 0.0 0.0 0.0 0.0 0.0 0.0 0.0 
37 37 35339.0753586 40.7297039784 89711130.7524 69853024.331 38.9963392857 3.10714285714 0.0 25.5714285714 37 0.0 0.0 0.0 0.0 0.0 0.0 0.0 0.0 37 0.0 0.0 0.0 0.0 0.0 0.0 0.0 0.0 
44 44 35782.7637905 44.3609122137 90961927.776 70869621.377 39.7340909091 2.76785714286 0.0 22.8571428571 44 0.0 0.0 0.0 0.0 0.0 0.0 0.0 0.0 44 0.0 0.0 0.0 0.0 0.0 0.0 0.0 0.0 
52 52 35521.6843646 50.8341087875 89076040.0375 69342695.7133 39.3616071429 2.47321428571 0.0 20.5 52 0.0 0.0 0.0 0.0 0.0 0.0 0.0 0.0 52 0.0 0.0 0.0 0.0 0.0 0.0 0.0 0.0 
62 62 35656.4941222 56.8866194368 90883251.8291 70815818.6622 39.5038782468 2.51785714286 0.0 21.0 62 0.0 0.0 0.0 0.0 0.0 0.0 0.0 0.0 62 0.0 0.0 0.0 0.0 0.0 0.0 0.0 0.0 
74 74 35731.1670813 64.1235209766 92596627.2047 72426625.7405 38.9596607402 2.54716981132 0.0 21.1320754717 74 0.0 0.0 0.0 0.0 0.0 0.0 0.0 0.0 74 0.0 0.0 0.0 0.0 0.0 0.0 0.0 0.0 
88 88 36033.0675024 72.201341189 93294997.3013 72519784.9597 39.2420754717 2.7641509434 0.0 22.641509434 88 0.0 0.0 0.0 0.0 0.0 0.0 0.0 0.0 88 0.0 0.0 0.0 0.0 0.0 0.0 0.0 0.0 
