# load avg(tp, lat, bwr, bww, cpu, tps, brps, bwps), sd(...), ci(...)
1 1 17386.8508183 1.60533774618 30065778.1768 22253815.7096 33.2209615385 1.8254934688 0.0 14.6041364296 1 0.0 0.0 0.0 0.0 0.0 0.0 0.0 0.0 1 0.0 0.0 0.0 0.0 0.0 0.0 0.0 0.0 
2 2 31307.9710004 1.95776717586 42464856.1629 28768369.2997 44.0221698113 1.78301886792 0.0 14.2641509434 2 0.0 0.0 0.0 0.0 0.0 0.0 0.0 0.0 2 0.0 0.0 0.0 0.0 0.0 0.0 0.0 0.0 
3 3 33895.1171597 2.7453102204 49116653.2506 34061900.1824 47.1183962264 1.82075471698 0.0 14.5660377358 3 0.0 0.0 0.0 0.0 0.0 0.0 0.0 0.0 3 0.0 0.0 0.0 0.0 0.0 0.0 0.0 0.0 
4 4 39823.0724611 2.82028011498 55621559.2143 37600417.3708 50.0983962264 1.75471698113 0.0 13.9622641509 4 0.0 0.0 0.0 0.0 0.0 0.0 0.0 0.0 4 0.0 0.0 0.0 0.0 0.0 0.0 0.0 0.0 
6 6 41556.6594636 4.25560376678 56938627.4108 38591512.0061 51.2876415094 1.93396226415 0.0 15.4716981132 6 0.0 0.0 0.0 0.0 0.0 0.0 0.0 0.0 6 0.0 0.0 0.0 0.0 0.0 0.0 0.0 0.0 
8 8 43349.5180666 5.10271654819 60086951.0299 40596788.0911 52.6038679245 2.00716981132 0.0 16.0575471698 8 0.0 0.0 0.0 0.0 0.0 0.0 0.0 0.0 8 0.0 0.0 0.0 0.0 0.0 0.0 0.0 0.0 
11 11 43616.7866859 7.10435164312 60598775.5572 41369134.9257 52.7805660377 2.02830188679 0.0 16.2264150943 11 0.0 0.0 0.0 0.0 0.0 0.0 0.0 0.0 11 0.0 0.0 0.0 0.0 0.0 0.0 0.0 0.0 
15 15 44647.0504651 9.09374612196 62556435.9023 42774859.7554 53.7581132075 2.17924528302 0.0 17.4339622642 15 0.0 0.0 0.0 0.0 0.0 0.0 0.0 0.0 15 0.0 0.0 0.0 0.0 0.0 0.0 0.0 0.0 
20 20 45250.0369366 12.2145020088 63903735.8574 43799557.3264 54.9746226415 2.14867924528 0.0 17.2650943396 20 0.0 0.0 0.0 0.0 0.0 0.0 0.0 0.0 20 0.0 0.0 0.0 0.0 0.0 0.0 0.0 0.0 
27 27 45613.6892502 15.6761631035 65312034.4098 44637778.8925 55.4449056604 1.85849056604 0.0 14.8679245283 27 0.0 0.0 0.0 0.0 0.0 0.0 0.0 0.0 27 0.0 0.0 0.0 0.0 0.0 0.0 0.0 0.0 
36 36 45024.8359251 21.3301652862 63060531.2522 42963877.7601 55.5678301887 1.88679245283 0.0 15.0188679245 36 0.0 0.0 0.0 0.0 0.0 0.0 0.0 0.0 36 0.0 0.0 0.0 0.0 0.0 0.0 0.0 0.0 
47 47 45498.8623123 27.5530864342 65371472.303 44933850.7283 56.0641346154 2.35576923077 0.0 18.8461538462 47 0.0 0.0 0.0 0.0 0.0 0.0 0.0 0.0 47 0.0 0.0 0.0 0.0 0.0 0.0 0.0 0.0 
62 62 46029.8000779 35.0680408215 66973697.414 46043131.7361 56.2191836735 2.06040816327 0.0 16.4832653061 62 0.0 0.0 0.0 0.0 0.0 0.0 0.0 0.0 62 0.0 0.0 0.0 0.0 0.0 0.0 0.0 0.0 
81 81 45279.707472 49.0678267523 64868176.2043 44604441.9618 55.5683653846 2.13461538462 0.0 17.0769230769 81 0.0 0.0 0.0 0.0 0.0 0.0 0.0 0.0 81 0.0 0.0 0.0 0.0 0.0 0.0 0.0 0.0 
