1134074 0 1000
1135959 1 1000
1169313 2 1000
1192504 3 1000
1197992 4 1000
1220412 5 1000
1224294 6 1000
1225711 7 1000
1228053 8 1000
1229160 9 1000
1234979 10 1000
1238614 11 1000
1239840 12 1000
1250962 13 1000
1254273 14 1000
1255359 15 1000
1256261 16 1000
1257130 17 1000
1259749 18 1000
1266688 19 1000
1270563 20 1000
1271192 21 1000
1271429 22 1000
1271535 23 1000
1271970 24 1000
1275686 25 1000
1278217 26 1000
1280645 27 1000
1285669 28 1000
1289317 29 1000
1297349 30 1000
1299763 31 1000
1308371 32 1000
1308453 33 1000
1308795 34 1000
1311237 35 1000
1311724 36 1000
1317540 37 1000
1318785 38 1000
1319924 39 1000
1321655 40 1000
1322815 41 1000
1323904 42 1000
1324096 43 1000
1324986 44 1000
1326224 45 1000
1326412 46 1000
1327043 47 1000
1330677 48 1000
1336359 49 1000
1336550 50 1000
1336813 51 1000
1338437 52 1000
1340092 53 1000
1340843 54 1000
1343979 55 1000
1346867 56 1000
1347871 57 1000
1348301 58 1000
1350133 59 1000
1353955 60 1000
1354337 61 1000
1355482 62 1000
1357801 63 1000
1358195 64 1000
1358210 65 1000
1358757 66 1000
1359873 67 1000
1364327 68 1000
1365650 69 1000
1365936 70 1000
1366571 71 1000
1369653 72 1000
1372391 73 1000
1374286 74 1000
1374653 75 1000
1374804 76 1000
1375376 77 1000
1381279 78 1000
1381345 79 1000
1382079 80 1000
1384932 81 1000
1385073 82 1000
1385227 83 1000
1385482 84 1000
1385660 85 1000
1388843 86 1000
1391583 87 1000
1392694 88 1000
1395319 89 1000
1396163 90 1000
1399126 91 1000
1399785 92 1000
1400185 93 1000
1401593 94 1000
1403530 95 1000
1404480 96 1000
1409198 97 1000
1412482 98 1000
1413508 99 1000
1414680 100 1000
1416388 101 1000
1418954 102 1000
1419889 103 1000
1421858 104 1000
1421882 105 1000
1424052 106 1000
1428917 107 1000
1429403 108 1000
1432303 109 1000
1437725 110 1000
1442071 111 1000
1447400 112 1000
1448552 113 1000
1449401 114 1000
1451537 115 1000
1452636 116 1000
1454333 117 1000
1455002 118 1000
1456054 119 1000
1457055 120 1000
1458715 121 1000
1463271 122 1000
1463912 123 1000
1464117 124 1000
1465922 125 1000
1467368 126 1000
1470432 127 1000
1472200 128 1000
1480933 129 1000
1481173 130 1000
1483060 131 1000
1484112 132 1000
1487100 133 1000
1490919 134 1000
1490995 135 1000
1496749 136 1000
1496842 137 1000
1496856 138 1000
1497353 139 1000
1497397 140 1000
1499010 141 1000
1500586 142 1000
1501437 143 1000
1502710 144 1000
1505941 145 1000
1507845 146 1000
1508250 147 1000
1508561 148 1000
1513388 149 1000
1517670 150 1000
1519962 151 1000
1524040 152 1000
1524097 153 1000
1526762 154 1000
1528701 155 1000
1530111 156 1000
1532839 157 1000
1534351 158 1000
1535576 159 1000
1536973 160 1000
1537165 161 1000
1537253 162 1000
1538110 163 1000
1538792 164 1000
1540269 165 1000
1540609 166 1000
1541133 167 1000
1543613 168 1000
1544456 169 1000
1544491 170 1000
1553645 171 1000
1554177 172 1000
1554317 173 1000
1555075 174 1000
1557284 175 1000
1564881 176 1000
1572044 177 1000
1577680 178 1000
1579731 179 1000
1582476 180 1000
1583586 181 1000
1584290 182 1000
1584948 183 1000
1586782 184 1000
1587093 185 1000
1587669 186 1000
1589742 187 1000
1593477 188 1000
1594544 189 1000
1595708 190 1000
1596220 191 1000
1598070 192 1000
1603310 193 1000
1605957 194 1000
1606537 195 1000
1608607 196 1000
1610062 197 1000
1610332 198 1000
1612555 199 1000
1612790 200 1000
1613412 201 1000
1617995 202 1000
1618389 203 1000
1619039 204 1000
1622359 205 1000
1625149 206 1000
1625802 207 1000
1625956 208 1000
1627252 209 1000
1628057 210 1000
1628800 211 1000
1630600 212 1000
1631233 213 1000
1637101 214 1000
1642009 215 1000
1642753 216 1000
1643003 217 1000
1646771 218 1000
1653307 219 1000
1660855 220 1000
1661465 221 1000
1663495 222 1000
1665920 223 1000
1667212 224 1000
1669062 225 1000
1670565 226 1000
1670910 227 1000
1671359 228 1000
1673890 229 1000
1674042 230 1000
1676282 231 1000
1679088 232 1000
1681673 233 1000
1682792 234 1000
1683499 235 1000
1685992 236 1000
1686491 237 1000
1686877 238 1000
1688124 239 1000
1688921 240 1000
1691286 241 1000
1692665 242 1000
1697197 243 1000
1697305 244 1000
1699771 245 1000
1702106 246 1000
1704301 247 1000
1705256 248 1000
1705677 249 1000
1709948 250 1000
1710316 251 1000
1711702 252 1000
1711788 253 1000
1711998 254 1000
1713111 255 1000
1713637 256 1000
1713968 257 1000
1714658 258 1000
1714684 259 1000
1715261 260 1000
1718277 261 1000
1718823 262 1000
1720554 263 1000
1721399 264 1000
1724483 265 1000
1724605 266 1000
1725339 267 1000
1726593 268 1000
1731318 269 1000
1733984 270 1000
1734508 271 1000
1734929 272 1000
1735442 273 1000
1737209 274 1000
1737580 275 1000
1739236 276 1000
1741762 277 1000
1743614 278 1000
1746283 279 1000
1748453 280 1000
1750243 281 1000
1755731 282 1000
1756378 283 1000
1756484 284 1000
1759622 285 1000
1760064 286 1000
1765609 287 1000
1765765 288 1000
1766087 289 1000
1768177 290 1000
1768597 291 1000
1768659 292 1000
1768870 293 1000
1770111 294 1000
1771879 295 1000
1773452 296 1000
1773754 297 1000
1776163 298 1000
1777110 299 1000
1778230 300 1000
1778297 301 1000
1778330 302 1000
1779770 303 1000
1780134 304 1000
1781208 305 1000
1787036 306 1000
1789156 307 1000
1789370 308 1000
1789374 309 1000
1790949 310 1000
1791703 311 1000
1797348 312 1000
1797862 313 1000
1798316 314 1000
1799988 315 1000
1801102 316 1000
1801444 317 1000
1803859 318 1000
1804202 319 1000
1805610 320 1000
1806032 321 1000
1807149 322 1000
1807913 323 1000
1809786 324 1000
1810307 325 1000
1813181 326 1000
1814020 327 1000
1814246 328 1000
1816286 329 1000
1816373 330 1000
1820552 331 1000
1821283 332 1000
1822909 333 1000
1825161 334 1000
1825926 335 1000
1828312 336 1000
1828766 337 1000
1833701 338 1000
1834042 339 1000
1835167 340 1000
1835502 341 1000
1835834 342 1000
1838015 343 1000
1841583 344 1000
1846011 345 1000
1847354 346 1000
1847494 347 1000
1848364 348 1000
1849105 349 1000
1850843 350 1000
1851247 351 1000
1851442 352 1000
1851853 353 1000
1853189 354 1000
1855093 355 1000
1856383 356 1000
1857596 357 1000
1858963 358 1000
1859555 359 1000
1859967 360 1000
1860067 361 1000
1867484 362 1000
1868427 363 1000
1868656 364 1000
1871146 365 1000
1871850 366 1000
1876706 367 1000
1878599 368 1000
1881481 369 1000
1881553 370 1000
1881807 371 1000
1884154 372 1000
1884576 373 1000
1885598 374 1000
1886069 375 1000
1888286 376 1000
1894219 377 1000
1894308 378 1000
1899447 379 1000
1900755 380 1000
1902022 381 1000
1903868 382 1000
1908113 383 1000
1909307 384 1000
1909870 385 1000
1911434 386 1000
1914880 387 1000
1914899 388 1000
1915816 389 1000
1915828 390 1000
1917929 391 1000
1920809 392 1000
1922833 393 1000
1922931 394 1000
1922999 395 1000
1923324 396 1000
1925004 397 1000
1925483 398 1000
1926463 399 1000
1926618 400 1000
1926750 401 1000
1929712 402 1000
1929773 403 1000
1932323 404 1000
1932524 405 1000
1935024 406 1000
1935276 407 1000
1935768 408 1000
1938160 409 1000
1939023 410 1000
1939687 411 1000
1940183 412 1000
1940631 413 1000
1940998 414 1000
1941312 415 1000
1942259 416 1000
1942310 417 1000
1945305 418 1000
1945449 419 1000
1948122 420 1000
1949679 421 1000
1951060 422 1000
1951752 423 1000
1952828 424 1000
1954918 425 1000
1956109 426 1000
1956618 427 1000
1958296 428 1000
1958933 429 1000
1959222 430 1000
1959737 431 1000
1960128 432 1000
1960946 433 1000
1962380 434 1000
1963445 435 1000
1963603 436 1000
1963656 437 1000
1964298 438 1000
1964718 439 1000
1965922 440 1000
1966172 441 1000
1966250 442 1000
1969223 443 1000
1969903 444 1000
1970214 445 1000
1971118 446 1000
1971370 447 1000
1971387 448 1000
1973549 449 1000
1973954 450 1000
1976130 451 1000
1978045 452 1000
1980216 453 1000
1981572 454 1000
1981698 455 1000
1982242 456 1000
1986623 457 1000
1987544 458 1000
1988562 459 1000
1990140 460 1000
1992540 461 1000
1993000 462 1000
1994543 463 1000
1997060 464 1000
1997730 465 1000
1998335 466 1000
1998732 467 1000
1999995 468 1000
2000777 469 1000
2005940 470 1000
2008439 471 1000
2008623 472 1000
2009650 473 1000
2012339 474 1000
2012587 475 1000
2013661 476 1000
2014535 477 1000
2016213 478 1000
2017224 479 1000
2021801 480 1000
2023692 481 1000
2025163 482 1000
2025731 483 1000
2026266 484 1000
2026777 485 1000
2026804 486 1000
2027029 487 1000
2027078 488 1000
2027826 489 1000
2028314 490 1000
2028607 491 1000
2032544 492 1000
2034148 493 1000
2034533 494 1000
2036366 495 1000
2036840 496 1000
2036877 497 1000
2037029 498 1000
2039503 499 1000
2040404 500 1000
2042252 501 1000
2042271 502 1000
2044644 503 1000
2044739 504 1000
2044950 505 1000
2045302 506 1000
2045419 507 1000
2045789 508 1000
2046520 509 1000
2047191 510 1000
2047323 511 1000
2047667 512 1000
2047893 513 1000
2050290 514 1000
2051108 515 1000
2051193 516 1000
2051590 517 1000
2052207 518 1000
2052472 519 1000
2052587 520 1000
2053224 521 1000
2053349 522 1000
2053804 523 1000
2054006 524 1000
2054514 525 1000
2055895 526 1000
2056144 527 1000
2057512 528 1000
2057755 529 1000
2057951 530 1000
2058229 531 1000
2059316 532 1000
2060796 533 1000
2062718 534 1000
2062886 535 1000
2064116 536 1000
2065039 537 1000
2066818 538 1000
2067209 539 1000
2067580 540 1000
2068628 541 1000
2068955 542 1000
2070206 543 1000
2070266 544 1000
2072498 545 1000
2072768 546 1000
2072813 547 1000
2074227 548 1000
2074759 549 1000
2074993 550 1000
2075388 551 1000
2076518 552 1000
2078003 553 1000
2079594 554 1000
2080764 555 1000
2080929 556 1000
2081418 557 1000
2082896 558 1000
2083034 559 1000
2083131 560 1000
2084306 561 1000
2085629 562 1000
2087119 563 1000
2087281 564 1000
2087537 565 1000
2087771 566 1000
2087868 567 1000
2088803 568 1000
2089482 569 1000
2090598 570 1000
2091874 571 1000
2092348 572 1000
2094027 573 1000
2095244 574 1000
2095354 575 1000
2095621 576 1000
2096242 577 1000
2096528 578 1000
2096916 579 1000
2097104 580 1000
2097806 581 1000
2098255 582 1000
2099057 583 1000
2099701 584 1000
2100599 585 1000
2103087 586 1000
2103712 587 1000
2104105 588 1000
2104727 589 1000
2105781 590 1000
2107027 591 1000
2107729 592 1000
2110246 593 1000
2110875 594 1000
2114266 595 1000
2116634 596 1000
2119261 597 1000
2119714 598 1000
2119898 599 1000
2120957 600 1000
2122270 601 1000
2122673 602 1000
2123019 603 1000
2123763 604 1000
2124460 605 1000
2124605 606 1000
2124618 607 1000
2125603 608 1000
2125700 609 1000
2126534 610 1000
2127094 611 1000
2128417 612 1000
2128718 613 1000
2129743 614 1000
2130384 615 1000
2130483 616 1000
2131581 617 1000
2132111 618 1000
2132660 619 1000
2133906 620 1000
2134137 621 1000
2134416 622 1000
2135594 623 1000
2136005 624 1000
2136348 625 1000
2136772 626 1000
2137408 627 1000
2137533 628 1000
2137658 629 1000
2138570 630 1000
2139609 631 1000
2141530 632 1000
2142955 633 1000
2144552 634 1000
2145396 635 1000
2145694 636 1000
2145870 637 1000
2145872 638 1000
2145879 639 1000
2147375 640 1000
2147790 641 1000
2147904 642 1000
2147983 643 1000
2148325 644 1000
2148413 645 1000
2149230 646 1000
2150097 647 1000
2150994 648 1000
2151787 649 1000
2154008 650 1000
2155378 651 1000
2155433 652 1000
2156901 653 1000
2158847 654 1000
2159598 655 1000
2159610 656 1000
2159681 657 1000
2159946 658 1000
2160559 659 1000
2160568 660 1000
2161948 661 1000
2162307 662 1000
2162669 663 1000
2163033 664 1000
2163152 665 1000
2164127 666 1000
2164713 667 1000
2165068 668 1000
2166220 669 1000
2166764 670 1000
2166978 671 1000
2167107 672 1000
2167559 673 1000
2168066 674 1000
2168700 675 1000
2169060 676 1000
2170803 677 1000
2171517 678 1000
2172409 679 1000
2172438 680 1000
2174726 681 1000
2174805 682 1000
2175339 683 1000
2175609 684 1000
2175679 685 1000
2176940 686 1000
2178224 687 1000
2178353 688 1000
2179562 689 1000
2180229 690 1000
2180823 691 1000
2180854 692 1000
2181940 693 1000
2182779 694 1000
2183460 695 1000
2184282 696 1000
2184301 697 1000
2184794 698 1000
2185304 699 1000
2185454 700 1000
2188917 701 1000
2189846 702 1000
2190167 703 1000
2191465 704 1000
2192431 705 1000
2192599 706 1000
2192629 707 1000
2193122 708 1000
2193960 709 1000
2194982 710 1000
2196108 711 1000
2197424 712 1000
2197628 713 1000
2198067 714 1000
2202863 715 1000
2204419 716 1000
2204960 717 1000
2205040 718 1000
2205798 719 1000
2205830 720 1000
2207800 721 1000
2208058 722 1000
2208199 723 1000
2210200 724 1000
2210401 725 1000
2210454 726 1000
2212540 727 1000
2213502 728 1000
2213518 729 1000
2213933 730 1000
2214106 731 1000
2214766 732 1000
2214893 733 1000
2215488 734 1000
2215526 735 1000
2215985 736 1000
2217368 737 1000
2217379 738 1000
2217768 739 1000
2218638 740 1000
2219994 741 1000
2220693 742 1000
2221671 743 1000
2223300 744 1000
2226514 745 1000
2226559 746 1000
2226711 747 1000
2228481 748 1000
2228818 749 1000
2229454 750 1000
2229624 751 1000
2231117 752 1000
2231199 753 1000
2232613 754 1000
2234027 755 1000
2234877 756 1000
2235152 757 1000
2235323 758 1000
2235896 759 1000
2237266 760 1000
2237518 761 1000
2239523 762 1000
2241404 763 1000
2243378 764 1000
2243482 765 1000
2244730 766 1000
2245863 767 1000
2246058 768 1000
2246086 769 1000
2248267 770 1000
2249279 771 1000
2249431 772 1000
2250843 773 1000
2251000 774 1000
2251548 775 1000
2252290 776 1000
2252690 777 1000
2253174 778 1000
2253636 779 1000
2253646 780 1000
2253815 781 1000
2254416 782 1000
2254663 783 1000
2256050 784 1000
2256642 785 1000
2257016 786 1000
2257711 787 1000
2257768 788 1000
2258447 789 1000
2259600 790 1000
2259958 791 1000
2260093 792 1000
2260165 793 1000
2260887 794 1000
2261447 795 1000
2262734 796 1000
2262743 797 1000
2262950 798 1000
2264193 799 1000
2264205 800 1000
2264416 801 1000
2268041 802 1000
2268279 803 1000
2268452 804 1000
2268660 805 1000
2270092 806 1000
2270657 807 1000
2271997 808 1000
2272018 809 1000
2272474 810 1000
2272614 811 1000
2274056 812 1000
2275715 813 1000
2275810 814 1000
2276178 815 1000
2276534 816 1000
2276742 817 1000
2276984 818 1000
2277544 819 1000
2277741 820 1000
2278277 821 1000
2280985 822 1000
2281050 823 1000
2282131 824 1000
2282238 825 1000
2283645 826 1000
2284557 827 1000
2284594 828 1000
2284780 829 1000
2285361 830 1000
2285410 831 1000
2285765 832 1000
2285766 833 1000
2285790 834 1000
2287170 835 1000
2291334 836 1000
2291578 837 1000
2291744 838 1000
2292837 839 1000
2293890 840 1000
2294810 841 1000
2295238 842 1000
2296737 843 1000
2296759 844 1000
2296913 845 1000
2298142 846 1000
2300074 847 1000
2301860 848 1000
2302871 849 1000
2304113 850 1000
2305017 851 1000
2305523 852 1000
2306178 853 1000
2307093 854 1000
2307636 855 1000
2307702 856 1000
2308271 857 1000
2310418 858 1000
2311644 859 1000
2311788 860 1000
2312124 861 1000
2312926 862 1000
2313823 863 1000
2314377 864 1000
2314576 865 1000
2315724 866 1000
2316013 867 1000
2316365 868 1000
2317318 869 1000
2317857 870 1000
2318731 871 1000
2319648 872 1000
2320162 873 1000
2320623 874 1000
2321276 875 1000
2321511 876 1000
2325295 877 1000
2325815 878 1000
2327652 879 1000
2328675 880 1000
2330871 881 1000
2331628 882 1000
2331818 883 1000
2333261 884 1000
2334528 885 1000
2334749 886 1000
2335151 887 1000
2336558 888 1000
2336732 889 1000
2336819 890 1000
2337478 891 1000
2337880 892 1000
2337953 893 1000
2338338 894 1000
2340680 895 1000
2341112 896 1000
2341415 897 1000
2341692 898 1000
2344247 899 1000
2344343 900 1000
2344562 901 1000
2344621 902 1000
2345114 903 1000
2345129 904 1000
2345213 905 1000
2345672 906 1000
2346080 907 1000
2346411 908 1000
2347881 909 1000
2348377 910 1000
2348547 911 1000
2348634 912 1000
2350022 913 1000
2350391 914 1000
2351228 915 1000
2351402 916 1000
2352084 917 1000
2352156 918 1000
2352721 919 1000
2354855 920 1000
2355256 921 1000
2357360 922 1000
2360822 923 1000
2361133 924 1000
2363194 925 1000
2365557 926 1000
2365698 927 1000
2366148 928 1000
2366653 929 1000
2366869 930 1000
2367303 931 1000
2368634 932 1000
2369763 933 1000
2370993 934 1000
2371723 935 1000
2373634 936 1000
2374458 937 1000
2377514 938 1000
2377773 939 1000
2377850 940 1000
2378116 941 1000
2379543 942 1000
2380695 943 1000
2382290 944 1000
2383133 945 1000
2383721 946 1000
2383829 947 1000
2385516 948 1000
2385720 949 1000
2386575 950 1000
2387714 951 1000
2388133 952 1000
2389297 953 1000
2389827 954 1000
2391074 955 1000
2392478 956 1000
2393002 957 1000
2393361 958 1000
2397195 959 1000
2397443 960 1000
2397471 961 1000
2397521 962 1000
2398230 963 1000
2398583 964 1000
2399307 965 1000
2399817 966 1000
2400237 967 1000
2400445 968 1000
2403638 969 1000
2405287 970 1000
2405424 971 1000
2406474 972 1000
2408892 973 1000
2409201 974 1000
2410231 975 1000
2413707 976 1000
2414039 977 1000
2414207 978 1000
2415002 979 1000
2416680 980 1000
2417616 981 1000
2418128 982 1000
2418350 983 1000
2418913 984 1000
2419275 985 1000
2419588 986 1000
2420317 987 1000
2421233 988 1000
2421607 989 1000
2422415 990 1000
2422710 991 1000
2423087 992 1000
2423405 993 1000
2424635 994 1000
2425994 995 1000
2427607 996 1000
2427969 997 1000
2429522 998 1000
2430065 999 1000
