# load avg(tp, lat, bwr, bww, cpu, tps, brps, bwps), sd(...), ci(...)
1 1 3505.18286351 8.67076155138 8136974.18291 6376555.13398 3.92641509434 2.74528301887 0.0 22.5660377358 1 0.0 0.0 0.0 0.0 0.0 0.0 0.0 0.0 1 0.0 0.0 0.0 0.0 0.0 0.0 0.0 0.0 
2 2 14244.1551064 10.906420745 32618293.1795 25450990.0834 11.8730188679 2.97169811321 0.0 24.9056603774 2 0.0 0.0 0.0 0.0 0.0 0.0 0.0 0.0 2 0.0 0.0 0.0 0.0 0.0 0.0 0.0 0.0 
3 3 23882.2236747 15.2578867075 54891466.4459 42879131.3068 18.6766037736 2.58997204752 0.0 21.9161425577 3 0.0 0.0 0.0 0.0 0.0 0.0 0.0 0.0 3 0.0 0.0 0.0 0.0 0.0 0.0 0.0 0.0 
4 4 32496.8899249 17.0470082248 74387382.6096 58109043.0221 24.7153773585 2.40566037736 0.0 20.3773584906 4 0.0 0.0 0.0 0.0 0.0 0.0 0.0 0.0 4 0.0 0.0 0.0 0.0 0.0 0.0 0.0 0.0 
6 6 37096.0469898 19.52112227 83052471.6839 64879849.6064 29.1566071429 2.97321428571 0.0 24.3571428571 6 0.0 0.0 0.0 0.0 0.0 0.0 0.0 0.0 6 0.0 0.0 0.0 0.0 0.0 0.0 0.0 0.0 
8 8 38964.9176283 20.5894111706 88961684.9026 69556162.3051 30.2900943396 2.5 0.0 20.8301886792 8 0.0 0.0 0.0 0.0 0.0 0.0 0.0 0.0 8 0.0 0.0 0.0 0.0 0.0 0.0 0.0 0.0 
11 11 39558.0082307 22.1168505858 90350599.2524 70628110.3539 30.2113207547 2.3749126485 0.0 20.1942697414 11 0.0 0.0 0.0 0.0 0.0 0.0 0.0 0.0 11 0.0 0.0 0.0 0.0 0.0 0.0 0.0 0.0 
15 15 39440.5791351 25.1732718374 90388499.72 70590781.0255 30.8811320755 2.78226415094 0.0 22.786509434 15 0.0 0.0 0.0 0.0 0.0 0.0 0.0 0.0 15 0.0 0.0 0.0 0.0 0.0 0.0 0.0 0.0 
20 20 39249.2531612 28.1070441556 88205398.9637 69164629.7432 31.2459821429 2.27580357143 0.0 18.2065178571 20 0.0 0.0 0.0 0.0 0.0 0.0 0.0 0.0 20 0.0 0.0 0.0 0.0 0.0 0.0 0.0 0.0 
27 27 39495.6449915 31.6696246677 90267944.8338 70740654.9769 31.2870535714 2.35714285714 0.0 20.0 27 0.0 0.0 0.0 0.0 0.0 0.0 0.0 0.0 27 0.0 0.0 0.0 0.0 0.0 0.0 0.0 0.0 
36 36 39695.4250125 37.1657714169 91187465.0749 71319884.1715 31.3781132075 2.72641509434 0.0 21.8113207547 36 0.0 0.0 0.0 0.0 0.0 0.0 0.0 0.0 36 0.0 0.0 0.0 0.0 0.0 0.0 0.0 0.0 
47 47 39753.8776817 44.0357793972 93150309.3159 72835054.2296 31.1336538462 2.83113207547 0.0 23.3283962264 47 0.0 0.0 0.0 0.0 0.0 0.0 0.0 0.0 47 0.0 0.0 0.0 0.0 0.0 0.0 0.0 0.0 
62 62 39936.9470824 52.1941378032 92329320.4386 72368651.588 30.8149056604 2.58716981132 0.0 21.2258490566 62 0.0 0.0 0.0 0.0 0.0 0.0 0.0 0.0 62 0.0 0.0 0.0 0.0 0.0 0.0 0.0 0.0 
81 81 40076.456461 63.2781641392 92931783.0362 72909874.7821 30.6379245283 2.40594339623 0.0 20.9833962264 81 0.0 0.0 0.0 0.0 0.0 0.0 0.0 0.0 81 0.0 0.0 0.0 0.0 0.0 0.0 0.0 0.0 
