1823676 0 1000
1845275 1 1000
1846200 2 1000
1850477 3 1000
1858272 4 1000
1862459 5 1000
1866703 6 1000
1867912 7 1000
1872624 8 1000
1883930 9 1000
1904912 10 1000
1919024 11 1000
1932123 12 1000
1935575 13 1000
1969798 14 1000
1979716 15 1000
1980340 16 1000
2001384 17 1000
2026126 18 1000
2031978 19 1000
2051951 20 1000
2055516 21 1000
2055901 22 1000
2065123 23 1000
2067908 24 1000
2076395 25 1000
2078671 26 1000
2081650 27 1000
2089716 28 1000
2093809 29 1000
2095308 30 1000
2099093 31 1000
2099500 32 1000
2100487 33 1000
2100504 34 1000
2101210 35 1000
2103235 36 1000
2105667 37 1000
2105790 38 1000
2107929 39 1000
2108073 40 1000
2108238 41 1000
2108465 42 1000
2110098 43 1000
2112734 44 1000
2113339 45 1000
2121571 46 1000
2125630 47 1000
2127701 48 1000
2129004 49 1000
2132931 50 1000
2133653 51 1000
2134957 52 1000
2137303 53 1000
2139170 54 1000
2139762 55 1000
2140160 56 1000
2140802 57 1000
2145051 58 1000
2149988 59 1000
2150678 60 1000
2152842 61 1000
2153243 62 1000
2153273 63 1000
2153587 64 1000
2156814 65 1000
2163057 66 1000
2163594 67 1000
2167728 68 1000
2167990 69 1000
2168384 70 1000
2170870 71 1000
2170888 72 1000
2171036 73 1000
2173886 74 1000
2175030 75 1000
2175586 76 1000
2177183 77 1000
2180040 78 1000
2180123 79 1000
2180887 80 1000
2180949 81 1000
2184517 82 1000
2186255 83 1000
2190477 84 1000
2190578 85 1000
2190645 86 1000
2192310 87 1000
2194516 88 1000
2194715 89 1000
2196430 90 1000
2197871 91 1000
2200770 92 1000
2200821 93 1000
2203014 94 1000
2203097 95 1000
2206299 96 1000
2206756 97 1000
2210155 98 1000
2212208 99 1000
2212407 100 1000
2215036 101 1000
2215432 102 1000
2215489 103 1000
2215851 104 1000
2216604 105 1000
2217148 106 1000
2217967 107 1000
2220894 108 1000
2221138 109 1000
2221785 110 1000
2223705 111 1000
2224124 112 1000
2225081 113 1000
2225359 114 1000
2225398 115 1000
2226728 116 1000
2230611 117 1000
2234904 118 1000
2236722 119 1000
2237326 120 1000
2239597 121 1000
2241508 122 1000
2243325 123 1000
2246354 124 1000
2249227 125 1000
2250013 126 1000
2252261 127 1000
2253892 128 1000
2253905 129 1000
2254783 130 1000
2254992 131 1000
2255356 132 1000
2259518 133 1000
2259729 134 1000
2261395 135 1000
2262449 136 1000
2262930 137 1000
2263280 138 1000
2263770 139 1000
2264009 140 1000
2264089 141 1000
2266592 142 1000
2269022 143 1000
2270842 144 1000
2272225 145 1000
2273481 146 1000
2273490 147 1000
2276520 148 1000
2276609 149 1000
2276956 150 1000
2277685 151 1000
2278407 152 1000
2278565 153 1000
2279655 154 1000
2282209 155 1000
2283179 156 1000
2285271 157 1000
2286126 158 1000
2286358 159 1000
2287104 160 1000
2287898 161 1000
2287993 162 1000
2288674 163 1000
2292211 164 1000
2295864 165 1000
2298793 166 1000
2300808 167 1000
2302946 168 1000
2305041 169 1000
2306001 170 1000
2306190 171 1000
2306821 172 1000
2307778 173 1000
2308175 174 1000
2309487 175 1000
2310117 176 1000
2313608 177 1000
2314207 178 1000
2316686 179 1000
2316933 180 1000
2318562 181 1000
2321301 182 1000
2322295 183 1000
2326617 184 1000
2327743 185 1000
2328526 186 1000
2328656 187 1000
2331105 188 1000
2331687 189 1000
2332076 190 1000
2333034 191 1000
2334582 192 1000
2334685 193 1000
2335426 194 1000
2336752 195 1000
2338594 196 1000
2340865 197 1000
2341542 198 1000
2341665 199 1000
2341944 200 1000
2342129 201 1000
2343454 202 1000
2343933 203 1000
2343969 204 1000
2344019 205 1000
2344025 206 1000
2344147 207 1000
2344363 208 1000
2346487 209 1000
2347038 210 1000
2349180 211 1000
2350718 212 1000
2351591 213 1000
2353320 214 1000
2353534 215 1000
2355656 216 1000
2357485 217 1000
2357637 218 1000
2358046 219 1000
2358057 220 1000
2358709 221 1000
2359192 222 1000
2359609 223 1000
2359976 224 1000
2360255 225 1000
2361439 226 1000
2362831 227 1000
2363410 228 1000
2364460 229 1000
2364590 230 1000
2364614 231 1000
2365409 232 1000
2365729 233 1000
2366313 234 1000
2366703 235 1000
2367379 236 1000
2369157 237 1000
2369274 238 1000
2369722 239 1000
2370499 240 1000
2370574 241 1000
2371102 242 1000
2371117 243 1000
2372446 244 1000
2375162 245 1000
2375944 246 1000
2376037 247 1000
2376451 248 1000
2376612 249 1000
2376821 250 1000
2377134 251 1000
2377628 252 1000
2377996 253 1000
2378273 254 1000
2378313 255 1000
2378978 256 1000
2380226 257 1000
2380682 258 1000
2380982 259 1000
2381474 260 1000
2381616 261 1000
2382241 262 1000
2382323 263 1000
2382558 264 1000
2382852 265 1000
2383909 266 1000
2384555 267 1000
2385203 268 1000
2386120 269 1000
2386916 270 1000
2387513 271 1000
2390214 272 1000
2390451 273 1000
2391291 274 1000
2391463 275 1000
2392803 276 1000
2395537 277 1000
2395738 278 1000
2400368 279 1000
2400504 280 1000
2401078 281 1000
2402748 282 1000
2403018 283 1000
2403400 284 1000
2404017 285 1000
2404460 286 1000
2405322 287 1000
2405760 288 1000
2407150 289 1000
2409714 290 1000
2409971 291 1000
2410245 292 1000
2410726 293 1000
2410784 294 1000
2411141 295 1000
2411202 296 1000
2412711 297 1000
2413780 298 1000
2414443 299 1000
2415222 300 1000
2417241 301 1000
2419478 302 1000
2420145 303 1000
2420634 304 1000
2421714 305 1000
2421966 306 1000
2422295 307 1000
2424731 308 1000
2425420 309 1000
2426424 310 1000
2427505 311 1000
2427607 312 1000
2428068 313 1000
2428988 314 1000
2429043 315 1000
2429719 316 1000
2430012 317 1000
2430484 318 1000
2431149 319 1000
2431450 320 1000
2433002 321 1000
2434515 322 1000
2434833 323 1000
2436594 324 1000
2437678 325 1000
2437777 326 1000
2437783 327 1000
2438351 328 1000
2438721 329 1000
2439106 330 1000
2439900 331 1000
2440146 332 1000
2440188 333 1000
2441136 334 1000
2441791 335 1000
2442225 336 1000
2443141 337 1000
2444300 338 1000
2444753 339 1000
2445580 340 1000
2447138 341 1000
2447780 342 1000
2447785 343 1000
2448288 344 1000
2450517 345 1000
2450657 346 1000
2450807 347 1000
2451124 348 1000
2452722 349 1000
2452961 350 1000
2452998 351 1000
2457104 352 1000
2457177 353 1000
2458278 354 1000
2458768 355 1000
2459422 356 1000
2460416 357 1000
2460735 358 1000
2462310 359 1000
2462406 360 1000
2462995 361 1000
2463753 362 1000
2467296 363 1000
2468337 364 1000
2468485 365 1000
2468758 366 1000
2470164 367 1000
2470478 368 1000
2470745 369 1000
2471897 370 1000
2471954 371 1000
2474242 372 1000
2474338 373 1000
2474521 374 1000
2475028 375 1000
2475277 376 1000
2476246 377 1000
2477106 378 1000
2477851 379 1000
2478986 380 1000
2479905 381 1000
2480191 382 1000
2480503 383 1000
2481093 384 1000
2481394 385 1000
2482556 386 1000
2483192 387 1000
2483313 388 1000
2483842 389 1000
2485729 390 1000
2486974 391 1000
2488605 392 1000
2488909 393 1000
2489307 394 1000
2489469 395 1000
2490643 396 1000
2490725 397 1000
2491831 398 1000
2492409 399 1000
2492625 400 1000
2493133 401 1000
2493200 402 1000
2493387 403 1000
2493499 404 1000
2493615 405 1000
2495035 406 1000
2495773 407 1000
2498136 408 1000
2499578 409 1000
2499586 410 1000
2500617 411 1000
2501774 412 1000
2501868 413 1000
2502676 414 1000
2503079 415 1000
2503704 416 1000
2506016 417 1000
2506053 418 1000
2507794 419 1000
2507908 420 1000
2508450 421 1000
2508650 422 1000
2509700 423 1000
2509821 424 1000
2512746 425 1000
2512906 426 1000
2513488 427 1000
2514264 428 1000
2516754 429 1000
2518569 430 1000
2518597 431 1000
2519383 432 1000
2520423 433 1000
2520436 434 1000
2521525 435 1000
2521874 436 1000
2521995 437 1000
2522281 438 1000
2523113 439 1000
2523328 440 1000
2523946 441 1000
2524480 442 1000
2524609 443 1000
2524654 444 1000
2524824 445 1000
2525340 446 1000
2525526 447 1000
2526054 448 1000
2526136 449 1000
2527537 450 1000
2529197 451 1000
2529401 452 1000
2529705 453 1000
2530566 454 1000
2531504 455 1000
2532111 456 1000
2532529 457 1000
2532745 458 1000
2533512 459 1000
2533710 460 1000
2534832 461 1000
2534950 462 1000
2535066 463 1000
2535116 464 1000
2537351 465 1000
2538093 466 1000
2540222 467 1000
2540643 468 1000
2541239 469 1000
2546322 470 1000
2548457 471 1000
2548889 472 1000
2549672 473 1000
2550339 474 1000
2552303 475 1000
2552493 476 1000
2553406 477 1000
2553966 478 1000
2554054 479 1000
2555409 480 1000
2556494 481 1000
2557676 482 1000
2558413 483 1000
2558498 484 1000
2563342 485 1000
2565602 486 1000
2569766 487 1000
2570090 488 1000
2570999 489 1000
2571350 490 1000
2571573 491 1000
2573152 492 1000
2574974 493 1000
2576036 494 1000
2576216 495 1000
2576935 496 1000
2577105 497 1000
2577161 498 1000
2577445 499 1000
2577834 500 1000
2578590 501 1000
2578603 502 1000
2579011 503 1000
2579092 504 1000
2579807 505 1000
2583695 506 1000
2583960 507 1000
2584390 508 1000
2584403 509 1000
2584796 510 1000
2585067 511 1000
2586364 512 1000
2588098 513 1000
2589146 514 1000
2589548 515 1000
2590464 516 1000
2590973 517 1000
2591257 518 1000
2591520 519 1000
2591887 520 1000
2592044 521 1000
2597624 522 1000
2597937 523 1000
2599481 524 1000
2603779 525 1000
2606802 526 1000
2608392 527 1000
2609435 528 1000
2610686 529 1000
2610743 530 1000
2612016 531 1000
2612481 532 1000
2613617 533 1000
2615069 534 1000
2616755 535 1000
2617275 536 1000
2617574 537 1000
2618024 538 1000
2618201 539 1000
2619509 540 1000
2619867 541 1000
2620852 542 1000
2621676 543 1000
2626128 544 1000
2628621 545 1000
2630438 546 1000
2630523 547 1000
2631073 548 1000
2632636 549 1000
2633309 550 1000
2634093 551 1000
2634297 552 1000
2634824 553 1000
2635605 554 1000
2640296 555 1000
2640339 556 1000
2640716 557 1000
2641476 558 1000
2642397 559 1000
2643052 560 1000
2644508 561 1000
2645564 562 1000
2647921 563 1000
2648441 564 1000
2650122 565 1000
2650134 566 1000
2650836 567 1000
2650912 568 1000
2651796 569 1000
2652234 570 1000
2654744 571 1000
2654915 572 1000
2657731 573 1000
2658494 574 1000
2661115 575 1000
2662142 576 1000
2663077 577 1000
2663897 578 1000
2664113 579 1000
2664411 580 1000
2665261 581 1000
2666290 582 1000
2666599 583 1000
2668694 584 1000
2668819 585 1000
2669040 586 1000
2672630 587 1000
2672674 588 1000
2673937 589 1000
2674115 590 1000
2676111 591 1000
2676624 592 1000
2676660 593 1000
2679962 594 1000
2681712 595 1000
2692007 596 1000
2692237 597 1000
2693246 598 1000
2696108 599 1000
2697619 600 1000
2704547 601 1000
2704796 602 1000
2705455 603 1000
2707243 604 1000
2708288 605 1000
2708673 606 1000
2710130 607 1000
2711617 608 1000
2716398 609 1000
2718567 610 1000
2721588 611 1000
2723052 612 1000
2727042 613 1000
2727110 614 1000
2728504 615 1000
2734984 616 1000
2737992 617 1000
2738270 618 1000
2740855 619 1000
2741446 620 1000
2742604 621 1000
2747636 622 1000
2754195 623 1000
2754341 624 1000
2759477 625 1000
2759509 626 1000
2762782 627 1000
2762933 628 1000
2764742 629 1000
2768213 630 1000
2773868 631 1000
2774459 632 1000
2775930 633 1000
2781548 634 1000
2782181 635 1000
2782715 636 1000
2785148 637 1000
2785476 638 1000
2786781 639 1000
2788723 640 1000
2812309 641 1000
2815961 642 1000
2816820 643 1000
2820655 644 1000
2825664 645 1000
2826468 646 1000
2830299 647 1000
2831939 648 1000
2832919 649 1000
2835971 650 1000
2838259 651 1000
2841207 652 1000
2845944 653 1000
2848835 654 1000
2849452 655 1000
2851771 656 1000
2861082 657 1000
2861623 658 1000
2865592 659 1000
2874856 660 1000
2876603 661 1000
2876641 662 1000
2882354 663 1000
2882724 664 1000
2882936 665 1000
2883578 666 1000
2885016 667 1000
2885030 668 1000
2893985 669 1000
2899089 670 1000
2901008 671 1000
2902425 672 1000
2905283 673 1000
2905302 674 1000
2911286 675 1000
2911559 676 1000
2913068 677 1000
2915002 678 1000
2915436 679 1000
2915670 680 1000
2916242 681 1000
2917697 682 1000
2917974 683 1000
2918838 684 1000
2919372 685 1000
2927826 686 1000
2928968 687 1000
2930233 688 1000
2935275 689 1000
2937999 690 1000
2938627 691 1000
2939153 692 1000
2940823 693 1000
2944553 694 1000
2951425 695 1000
2955896 696 1000
2956883 697 1000
2957317 698 1000
2962758 699 1000
2972622 700 1000
2974665 701 1000
2975505 702 1000
2976621 703 1000
2976723 704 1000
2990249 705 1000
2992462 706 1000
3001190 707 1000
3007659 708 1000
3009902 709 1000
3010908 710 1000
3011025 711 1000
3011556 712 1000
3014588 713 1000
3020866 714 1000
3024055 715 1000
3028524 716 1000
3039211 717 1000
3040305 718 1000
3047955 719 1000
3052782 720 1000
3055095 721 1000
3061244 722 1000
3068156 723 1000
3071058 724 1000
3071630 725 1000
3072739 726 1000
3086406 727 1000
3088541 728 1000
3091879 729 1000
3092027 730 1000
3093294 731 1000
3097652 732 1000
3099207 733 1000
3112519 734 1000
3112758 735 1000
3119175 736 1000
3120786 737 1000
3122411 738 1000
3123689 739 1000
3127752 740 1000
3148415 741 1000
3148863 742 1000
3151672 743 1000
3153157 744 1000
3154212 745 1000
3155438 746 1000
3156745 747 1000
3156782 748 1000
3160447 749 1000
3160900 750 1000
3160970 751 1000
3162234 752 1000
3168203 753 1000
3170825 754 1000
3176421 755 1000
3176939 756 1000
3179480 757 1000
3181748 758 1000
3183122 759 1000
3184012 760 1000
3187406 761 1000
3188123 762 1000
3188599 763 1000
3190808 764 1000
3193670 765 1000
3196427 766 1000
3200427 767 1000
3201145 768 1000
3203765 769 1000
3204792 770 1000
3209366 771 1000
3209708 772 1000
3210382 773 1000
3211548 774 1000
3212311 775 1000
3219332 776 1000
3222062 777 1000
3224653 778 1000
3226963 779 1000
3230475 780 1000
3231017 781 1000
3231951 782 1000
3233836 783 1000
3237038 784 1000
3238116 785 1000
3239378 786 1000
3240637 787 1000
3242435 788 1000
3244920 789 1000
3247216 790 1000
3249051 791 1000
3250946 792 1000
3253070 793 1000
3253448 794 1000
3253884 795 1000
3254412 796 1000
3254846 797 1000
3255323 798 1000
3257979 799 1000
3258111 800 1000
3258449 801 1000
3260204 802 1000
3260424 803 1000
3260789 804 1000
3260880 805 1000
3260932 806 1000
3261871 807 1000
3262032 808 1000
3262146 809 1000
3262631 810 1000
3264125 811 1000
3266123 812 1000
3266353 813 1000
3267346 814 1000
3269000 815 1000
3270486 816 1000
3272147 817 1000
3276833 818 1000
3279998 819 1000
3281537 820 1000
3283302 821 1000
3284478 822 1000
3285051 823 1000
3285992 824 1000
3286317 825 1000
3296769 826 1000
3299037 827 1000
3300838 828 1000
3302405 829 1000
3302769 830 1000
3303235 831 1000
3303794 832 1000
3304269 833 1000
3304289 834 1000
3305293 835 1000
3307128 836 1000
3307863 837 1000
3309897 838 1000
3311292 839 1000
3313938 840 1000
3314527 841 1000
3315884 842 1000
3316215 843 1000
3317768 844 1000
3319809 845 1000
3324259 846 1000
3326485 847 1000
3329383 848 1000
3330814 849 1000
3331951 850 1000
3332789 851 1000
3332843 852 1000
3334888 853 1000
3335291 854 1000
3337335 855 1000
3340526 856 1000
3340935 857 1000
3341298 858 1000
3341533 859 1000
3342460 860 1000
3342521 861 1000
3342868 862 1000
3342955 863 1000
3343908 864 1000
3344331 865 1000
3345377 866 1000
3345867 867 1000
3346775 868 1000
3347603 869 1000
3351033 870 1000
3351033 871 1000
3354030 872 1000
3354947 873 1000
3355965 874 1000
3356245 875 1000
3356258 876 1000
3356894 877 1000
3358747 878 1000
3358870 879 1000
3358898 880 1000
3360278 881 1000
3361364 882 1000
3361445 883 1000
3361540 884 1000
3362846 885 1000
3362955 886 1000
3363427 887 1000
3366666 888 1000
3368413 889 1000
3369003 890 1000
3369605 891 1000
3369631 892 1000
3369890 893 1000
3370325 894 1000
3370457 895 1000
3370906 896 1000
3372009 897 1000
3372193 898 1000
3374074 899 1000
3374293 900 1000
3377482 901 1000
3378784 902 1000
3379798 903 1000
3382679 904 1000
3385135 905 1000
3385871 906 1000
3386549 907 1000
3387457 908 1000
3387561 909 1000
3388400 910 1000
3388618 911 1000
3388884 912 1000
3389764 913 1000
3391484 914 1000
3393054 915 1000
3393371 916 1000
3393802 917 1000
3393863 918 1000
3394350 919 1000
3394841 920 1000
3396132 921 1000
3396852 922 1000
3396972 923 1000
3400257 924 1000
3400987 925 1000
3402725 926 1000
3402887 927 1000
3402905 928 1000
3404067 929 1000
3404339 930 1000
3405531 931 1000
3405852 932 1000
3406298 933 1000
3407110 934 1000
3407468 935 1000
3409477 936 1000
3409554 937 1000
3409698 938 1000
3410616 939 1000
3410666 940 1000
3411444 941 1000
3411927 942 1000
3412237 943 1000
3412270 944 1000
3413798 945 1000
3414155 946 1000
3414848 947 1000
3414922 948 1000
3415792 949 1000
3415834 950 1000
3416029 951 1000
3417077 952 1000
3417549 953 1000
3417920 954 1000
3418485 955 1000
3418889 956 1000
3419091 957 1000
3420517 958 1000
3422362 959 1000
3423076 960 1000
3424002 961 1000
3424014 962 1000
3424238 963 1000
3426805 964 1000
3427686 965 1000
3427967 966 1000
3428062 967 1000
3429790 968 1000
3430094 969 1000
3430283 970 1000
3430780 971 1000
3431068 972 1000
3432322 973 1000
3432501 974 1000
3433038 975 1000
3433691 976 1000
3437836 977 1000
3438764 978 1000
3438789 979 1000
3438932 980 1000
3440444 981 1000
3440446 982 1000
3440591 983 1000
3441063 984 1000
3441370 985 1000
3442047 986 1000
3442827 987 1000
3444271 988 1000
3444995 989 1000
3445913 990 1000
3447013 991 1000
3447028 992 1000
3447560 993 1000
3447634 994 1000
3448779 995 1000
3449192 996 1000
3449977 997 1000
3452724 998 1000
3455850 999 1000
