5092196 0 1000
5470235 1 1000
5548473 2 1000
5674398 3 1000
5732433 4 1000
5764940 5 1000
5826590 6 1000
5880335 7 1000
5907483 8 1000
5925236 9 1000
5947713 10 1000
5969840 11 1000
6011059 12 1000
6033309 13 1000
6060263 14 1000
6086561 15 1000
6108704 16 1000
6134688 17 1000
6176733 18 1000
6210389 19 1000
6229728 20 1000
6254571 21 1000
6274021 22 1000
6299619 23 1000
6321038 24 1000
6337378 25 1000
6357955 26 1000
6382791 27 1000
6411530 28 1000
6444348 29 1000
6466820 30 1000
6492583 31 1000
6520048 32 1000
6551626 33 1000
6585180 34 1000
6640634 35 1000
6667259 36 1000
6690783 37 1000
6705836 38 1000
6725039 39 1000
6747237 40 1000
6777582 41 1000
6818887 42 1000
6843754 43 1000
6867549 44 1000
6886798 45 1000
6914519 46 1000
6939990 47 1000
6968010 48 1000
6988627 49 1000
7018326 50 1000
7054790 51 1000
7089821 52 1000
7122370 53 1000
7138700 54 1000
7161159 55 1000
7186928 56 1000
7225170 57 1000
7301329 58 1000
7325633 59 1000
7365698 60 1000
7393612 61 1000
7419183 62 1000
7438103 63 1000
7471878 64 1000
7504781 65 1000
7529770 66 1000
7573348 67 1000
7608675 68 1000
7669755 69 1000
7701590 70 1000
7727475 71 1000
7758002 72 1000
7786325 73 1000
7819869 74 1000
7852809 75 1000
7873021 76 1000
7906422 77 1000
7936418 78 1000
7955959 79 1000
7985277 80 1000
8018157 81 1000
8036094 82 1000
8056378 83 1000
8076290 84 1000
8097399 85 1000
8126775 86 1000
8151903 87 1000
8174419 88 1000
8194314 89 1000
8214411 90 1000
8250474 91 1000
8265557 92 1000
8283644 93 1000
8298720 94 1000
8323364 95 1000
8354208 96 1000
8378415 97 1000
8398162 98 1000
8410730 99 1000
8427998 100 1000
8441366 101 1000
8456551 102 1000
8472553 103 1000
8490309 104 1000
8498525 105 1000
8510320 106 1000
8515653 107 1000
8525608 108 1000
8532797 109 1000
8543017 110 1000
8549579 111 1000
8558439 112 1000
8563252 113 1000
8571456 114 1000
8579625 115 1000
8588699 116 1000
8597712 117 1000
8601145 118 1000
8609027 119 1000
8619564 120 1000
8627666 121 1000
8636049 122 1000
8642224 123 1000
8647081 124 1000
8652983 125 1000
8660670 126 1000
8668229 127 1000
8680236 128 1000
8685341 129 1000
8692799 130 1000
8700974 131 1000
8711596 132 1000
8718947 133 1000
8727308 134 1000
8737351 135 1000
8750182 136 1000
8761195 137 1000
8773695 138 1000
8780373 139 1000
8788885 140 1000
8795871 141 1000
8800057 142 1000
8805880 143 1000
8811869 144 1000
8815806 145 1000
8821683 146 1000
8830068 147 1000
8837786 148 1000
8846051 149 1000
8851142 150 1000
8860588 151 1000
8870832 152 1000
8883003 153 1000
8891059 154 1000
8902221 155 1000
8914429 156 1000
8924611 157 1000
8935779 158 1000
8940709 159 1000
8960217 160 1000
8966878 161 1000
8973536 162 1000
8978988 163 1000
8985371 164 1000
8991000 165 1000
8998331 166 1000
9004948 167 1000
9011130 168 1000
9016735 169 1000
9022507 170 1000
9033895 171 1000
9043980 172 1000
9054248 173 1000
9062254 174 1000
9072971 175 1000
9080818 176 1000
9089662 177 1000
9099999 178 1000
9109706 179 1000
9114036 180 1000
9125108 181 1000
9132783 182 1000
9138128 183 1000
9148893 184 1000
9155009 185 1000
9164349 186 1000
9170478 187 1000
9182548 188 1000
9190729 189 1000
9198066 190 1000
9206080 191 1000
9212381 192 1000
9221724 193 1000
9226564 194 1000
9232165 195 1000
9238500 196 1000
9249319 197 1000
9259104 198 1000
9266794 199 1000
9276762 200 1000
9279894 201 1000
9289375 202 1000
9295280 203 1000
9303477 204 1000
9315746 205 1000
9325834 206 1000
9335529 207 1000
9344681 208 1000
9352477 209 1000
9364364 210 1000
9373980 211 1000
9386761 212 1000
9406856 213 1000
9415602 214 1000
9430341 215 1000
9443293 216 1000
9455376 217 1000
9467960 218 1000
9482969 219 1000
9492495 220 1000
9500527 221 1000
9512974 222 1000
9527990 223 1000
9537472 224 1000
9555700 225 1000
9572888 226 1000
9583173 227 1000
9596071 228 1000
9614569 229 1000
9632412 230 1000
9647485 231 1000
9666272 232 1000
9679396 233 1000
9700874 234 1000
9720037 235 1000
9737731 236 1000
9752991 237 1000
9769569 238 1000
9780047 239 1000
9790948 240 1000
9802292 241 1000
9820269 242 1000
9837477 243 1000
9848013 244 1000
9863522 245 1000
9881935 246 1000
9903029 247 1000
9918208 248 1000
9934800 249 1000
9953109 250 1000
9977963 251 1000
9996752 252 1000
10009120 253 1000
10023197 254 1000
10039357 255 1000
10064696 256 1000
10094107 257 1000
10109606 258 1000
10121889 259 1000
10140624 260 1000
10164303 261 1000
10185041 262 1000
10199745 263 1000
10218299 264 1000
10243827 265 1000
10272073 266 1000
10298891 267 1000
10314025 268 1000
10326903 269 1000
10354821 270 1000
10379679 271 1000
10404012 272 1000
10428201 273 1000
10460101 274 1000
10503221 275 1000
10524676 276 1000
10544136 277 1000
10568950 278 1000
10589647 279 1000
10617030 280 1000
10634087 281 1000
10652904 282 1000
10675370 283 1000
10702291 284 1000
10721344 285 1000
10748843 286 1000
10777570 287 1000
10809365 288 1000
10831288 289 1000
10849847 290 1000
10880401 291 1000
10908210 292 1000
10937429 293 1000
10979424 294 1000
11009786 295 1000
11040163 296 1000
11075087 297 1000
11090001 298 1000
11122126 299 1000
11151159 300 1000
11168368 301 1000
11197079 302 1000
11232007 303 1000
11274166 304 1000
11310065 305 1000
11349034 306 1000
11366806 307 1000
11385701 308 1000
11403089 309 1000
11427605 310 1000
11448591 311 1000
11470380 312 1000
11495475 313 1000
11521312 314 1000
11544936 315 1000
11569867 316 1000
11594447 317 1000
11617292 318 1000
11638559 319 1000
11660869 320 1000
11683927 321 1000
11706133 322 1000
11727390 323 1000
11746621 324 1000
11775095 325 1000
11797606 326 1000
11819714 327 1000
11846903 328 1000
11879056 329 1000
11891664 330 1000
11914056 331 1000
11932945 332 1000
11958155 333 1000
11972088 334 1000
11996591 335 1000
12028533 336 1000
12048151 337 1000
12076400 338 1000
12113665 339 1000
12144219 340 1000
12171673 341 1000
12202744 342 1000
12245945 343 1000
12276972 344 1000
12310203 345 1000
12330651 346 1000
12352255 347 1000
12380544 348 1000
12409278 349 1000
12437480 350 1000
12471980 351 1000
12491540 352 1000
12515021 353 1000
12535440 354 1000
12558336 355 1000
12584726 356 1000
12602098 357 1000
12623191 358 1000
12635834 359 1000
12651462 360 1000
12676664 361 1000
12702606 362 1000
12722182 363 1000
12743425 364 1000
12761542 365 1000
12777434 366 1000
12801643 367 1000
12820387 368 1000
12840084 369 1000
12853065 370 1000
12877076 371 1000
12901088 372 1000
12928801 373 1000
12952606 374 1000
12965431 375 1000
12985244 376 1000
13004415 377 1000
13019605 378 1000
13053247 379 1000
13074484 380 1000
13095617 381 1000
13105686 382 1000
13137913 383 1000
13160266 384 1000
13182771 385 1000
13195998 386 1000
13224964 387 1000
13250169 388 1000
13278534 389 1000
13303607 390 1000
13326121 391 1000
13351001 392 1000
13397848 393 1000
13445825 394 1000
13478772 395 1000
13518175 396 1000
13546238 397 1000
13568435 398 1000
13628012 399 1000
13663410 400 1000
13701022 401 1000
13735501 402 1000
13775594 403 1000
13828017 404 1000
13848243 405 1000
13896010 406 1000
13916789 407 1000
13948518 408 1000
13987273 409 1000
14023926 410 1000
14071534 411 1000
14114383 412 1000
14170151 413 1000
14214747 414 1000
14258782 415 1000
14297798 416 1000
14346168 417 1000
14390822 418 1000
14426520 419 1000
14472209 420 1000
14504613 421 1000
14584548 422 1000
14627303 423 1000
14677569 424 1000
14736595 425 1000
14814703 426 1000
14884477 427 1000
14947409 428 1000
14989964 429 1000
15055056 430 1000
15085868 431 1000
15120075 432 1000
15141368 433 1000
15203757 434 1000
15262054 435 1000
15316376 436 1000
15352836 437 1000
15396412 438 1000
15455177 439 1000
15494760 440 1000
15522719 441 1000
15548042 442 1000
15588012 443 1000
15624724 444 1000
15659739 445 1000
15700752 446 1000
15750124 447 1000
15798973 448 1000
15835095 449 1000
15864211 450 1000
15891598 451 1000
15923923 452 1000
15950052 453 1000
15995569 454 1000
16052410 455 1000
16085934 456 1000
16135587 457 1000
16167020 458 1000
16191223 459 1000
16226310 460 1000
16258813 461 1000
16296042 462 1000
16346686 463 1000
16379784 464 1000
16436710 465 1000
16483893 466 1000
16525935 467 1000
16580737 468 1000
16602482 469 1000
16628937 470 1000
16676382 471 1000
16738544 472 1000
16792215 473 1000
16841704 474 1000
16900429 475 1000
16937763 476 1000
16981292 477 1000
17010291 478 1000
17053839 479 1000
17101352 480 1000
17149535 481 1000
17193147 482 1000
17230902 483 1000
17270037 484 1000
17298153 485 1000
17339048 486 1000
17380385 487 1000
17421816 488 1000
17483190 489 1000
17521992 490 1000
17579395 491 1000
17601730 492 1000
17636584 493 1000
17688790 494 1000
17739749 495 1000
17806888 496 1000
17856195 497 1000
17898023 498 1000
17930547 499 1000
17953797 500 1000
17974887 501 1000
18007338 502 1000
18050282 503 1000
18081865 504 1000
18113439 505 1000
18142457 506 1000
18168393 507 1000
18214041 508 1000
18254338 509 1000
18291415 510 1000
18319139 511 1000
18359674 512 1000
18390947 513 1000
18418538 514 1000
18438704 515 1000
18464058 516 1000
18496113 517 1000
18530606 518 1000
18570496 519 1000
18616680 520 1000
18656193 521 1000
18690001 522 1000
18716624 523 1000
18739877 524 1000
18766905 525 1000
18789441 526 1000
18817456 527 1000
18839602 528 1000
18861545 529 1000
18879419 530 1000
18906935 531 1000
18958361 532 1000
18972341 533 1000
18997964 534 1000
19024438 535 1000
19039047 536 1000
19058950 537 1000
19075867 538 1000
19090575 539 1000
19101157 540 1000
19125638 541 1000
19139224 542 1000
19158842 543 1000
19171465 544 1000
19191810 545 1000
19210520 546 1000
19234927 547 1000
19251326 548 1000
19268983 549 1000
19290574 550 1000
19307970 551 1000
19326617 552 1000
19355302 553 1000
19376674 554 1000
19399961 555 1000
19417340 556 1000
19441038 557 1000
19465908 558 1000
19485067 559 1000
19508502 560 1000
19527234 561 1000
19546234 562 1000
19569108 563 1000
19594779 564 1000
19613496 565 1000
19639324 566 1000
19658079 567 1000
19685482 568 1000
19697458 569 1000
19708164 570 1000
19728035 571 1000
19746940 572 1000
19757810 573 1000
19778183 574 1000
19796062 575 1000
19812257 576 1000
19825725 577 1000
19853431 578 1000
19867067 579 1000
19879536 580 1000
19892997 581 1000
19901998 582 1000
19914079 583 1000
19922010 584 1000
19939039 585 1000
19955520 586 1000
19981755 587 1000
19992820 588 1000
20006608 589 1000
20016619 590 1000
20023263 591 1000
20032604 592 1000
20038622 593 1000
20046532 594 1000
20060015 595 1000
20068395 596 1000
20076379 597 1000
20085336 598 1000
20094820 599 1000
20105152 600 1000
20110442 601 1000
20122130 602 1000
20133759 603 1000
20138855 604 1000
20145068 605 1000
20158105 606 1000
20167126 607 1000
20174259 608 1000
20181462 609 1000
20188109 610 1000
20198359 611 1000
20210347 612 1000
20218258 613 1000
20229865 614 1000
20239486 615 1000
20253984 616 1000
20265462 617 1000
20281897 618 1000
20287112 619 1000
20293003 620 1000
20307067 621 1000
20316877 622 1000
20323443 623 1000
20342420 624 1000
20351993 625 1000
20360876 626 1000
20368363 627 1000
20379874 628 1000
20385594 629 1000
20401192 630 1000
20410163 631 1000
20417355 632 1000
20427041 633 1000
20433064 634 1000
20443083 635 1000
20454934 636 1000
20465219 637 1000
20474841 638 1000
20483208 639 1000
20502451 640 1000
20523061 641 1000
20532893 642 1000
20543622 643 1000
20555471 644 1000
20576392 645 1000
20584972 646 1000
20603464 647 1000
20618496 648 1000
20632158 649 1000
20655799 650 1000
20675069 651 1000
20704195 652 1000
20723436 653 1000
20737454 654 1000
20760752 655 1000
20771779 656 1000
20796177 657 1000
20818457 658 1000
20838710 659 1000
20868717 660 1000
20891224 661 1000
20909111 662 1000
20925964 663 1000
20950243 664 1000
20979802 665 1000
21011549 666 1000
21031494 667 1000
21065547 668 1000
21088016 669 1000
21103969 670 1000
21130149 671 1000
21154011 672 1000
21175074 673 1000
21200615 674 1000
21224763 675 1000
21270468 676 1000
21304122 677 1000
21337102 678 1000
21364499 679 1000
21382315 680 1000
21400865 681 1000
21434151 682 1000
21450783 683 1000
21498626 684 1000
21522809 685 1000
21547022 686 1000
21582272 687 1000
21607196 688 1000
21630352 689 1000
21665719 690 1000
21705860 691 1000
21732822 692 1000
21766144 693 1000
21795557 694 1000
21821576 695 1000
21865528 696 1000
21893629 697 1000
21914356 698 1000
21947729 699 1000
21977507 700 1000
21997985 701 1000
22037459 702 1000
22061352 703 1000
22086530 704 1000
22110548 705 1000
22134671 706 1000
22163740 707 1000
22205576 708 1000
22230736 709 1000
22295375 710 1000
22326298 711 1000
22376884 712 1000
22412341 713 1000
22470563 714 1000
22498521 715 1000
22521148 716 1000
22555492 717 1000
22584482 718 1000
22613143 719 1000
22633937 720 1000
22670416 721 1000
22703650 722 1000
22727367 723 1000
22774371 724 1000
22796907 725 1000
22827912 726 1000
22846193 727 1000
22871578 728 1000
22913974 729 1000
22950756 730 1000
22997884 731 1000
23035299 732 1000
23058905 733 1000
23094541 734 1000
23131686 735 1000
23160763 736 1000
23202548 737 1000
23248560 738 1000
23279620 739 1000
23333677 740 1000
23385067 741 1000
23434658 742 1000
23472491 743 1000
23502653 744 1000
23536427 745 1000
23577350 746 1000
23613828 747 1000
23649212 748 1000
23701143 749 1000
23729918 750 1000
23776585 751 1000
23808825 752 1000
23852237 753 1000
23907531 754 1000
23934461 755 1000
23998507 756 1000
24051060 757 1000
24082363 758 1000
24129823 759 1000
24164100 760 1000
24207586 761 1000
24256089 762 1000
24292876 763 1000
24323152 764 1000
24368568 765 1000
24404695 766 1000
24441117 767 1000
24487911 768 1000
24537156 769 1000
24592137 770 1000
24627130 771 1000
24678233 772 1000
24705986 773 1000
24732309 774 1000
24769270 775 1000
24796020 776 1000
24814562 777 1000
24838907 778 1000
24867111 779 1000
24900378 780 1000
24935262 781 1000
24945251 782 1000
24966203 783 1000
24988060 784 1000
25011025 785 1000
25030808 786 1000
25053732 787 1000
25068721 788 1000
25081139 789 1000
25101433 790 1000
25119777 791 1000
25144332 792 1000
25163500 793 1000
25178710 794 1000
25193522 795 1000
25208642 796 1000
25231792 797 1000
25241461 798 1000
25262447 799 1000
25287955 800 1000
25307449 801 1000
25330826 802 1000
25359184 803 1000
25375454 804 1000
25395593 805 1000
25410434 806 1000
25429161 807 1000
25450576 808 1000
25480547 809 1000
25519256 810 1000
25543303 811 1000
25566174 812 1000
25590302 813 1000
25618488 814 1000
25646296 815 1000
25684823 816 1000
25727157 817 1000
25753872 818 1000
25790945 819 1000
25858457 820 1000
25912082 821 1000
25971280 822 1000
26037140 823 1000
26102743 824 1000
26143052 825 1000
26197828 826 1000
26273742 827 1000
26325867 828 1000
26374521 829 1000
26413866 830 1000
26468871 831 1000
26559419 832 1000
26616646 833 1000
26678477 834 1000
26729866 835 1000
26781308 836 1000
26832005 837 1000
26905168 838 1000
26992039 839 1000
27051080 840 1000
27095301 841 1000
27161282 842 1000
27232260 843 1000
27296228 844 1000
27394479 845 1000
27485531 846 1000
27548907 847 1000
27621043 848 1000
27707137 849 1000
27809740 850 1000
27904807 851 1000
27951224 852 1000
28047860 853 1000
28162589 854 1000
28237309 855 1000
28320882 856 1000
28409871 857 1000
28495627 858 1000
28578158 859 1000
28640255 860 1000
28698523 861 1000
28777607 862 1000
28841157 863 1000
28898589 864 1000
29008373 865 1000
29125683 866 1000
29175974 867 1000
29235361 868 1000
29359517 869 1000
29448852 870 1000
29523373 871 1000
29562922 872 1000
29637175 873 1000
29725778 874 1000
29829856 875 1000
30014623 876 1000
30064827 877 1000
30134595 878 1000
30222644 879 1000
30291543 880 1000
30413302 881 1000
30552426 882 1000
30709320 883 1000
30917057 884 1000
31005528 885 1000
31197337 886 1000
31369556 887 1000
31560693 888 1000
31804142 889 1000
32189102 890 1000
32328572 891 1000
32508820 892 1000
32720262 893 1000
32864520 894 1000
32959282 895 1000
33124043 896 1000
33310691 897 1000
33417586 898 1000
33688024 899 1000
33932885 900 1000
34000446 901 1000
34116370 902 1000
34273210 903 1000
34524729 904 1000
34869142 905 1000
35033262 906 1000
35326566 907 1000
35456856 908 1000
35667222 909 1000
35850965 910 1000
36246587 911 1000
36589498 912 1000
36917488 913 1000
37152505 914 1000
37437254 915 1000
37814630 916 1000
38321426 917 1000
38671812 918 1000
38856038 919 1000
39167192 920 1000
39657178 921 1000
40140910 922 1000
40449880 923 1000
40667460 924 1000
41601393 925 1000
42081295 926 1000
42911325 927 1000
43881772 928 1000
44450388 929 1000
45074564 930 1000
45968427 931 1000
46888135 932 1000
47952206 933 1000
49345109 934 1000
50718566 935 1000
51166537 936 1000
51883022 937 1000
53306630 938 1000
54040019 939 1000
54534844 940 1000
55626035 941 1000
55954531 942 1000
56583593 943 1000
58321603 944 1000
59140860 945 1000
59588527 946 1000
59816214 947 1000
61483618 948 1000
62205536 949 1000
65243572 950 1000
66320876 951 1000
72970330 952 1000
75661414 953 1000
76869643 954 1000
83789475 955 1000
86412622 956 1000
86936237 957 1000
87246354 958 1000
88006797 959 1000
89279604 960 1000
89548949 961 1000
90178189 962 1000
91806522 963 1000
92586971 964 1000
95356424 965 1000
97260009 966 1000
99040885 967 1000
100017486 968 1000
101480149 969 1000
103222355 970 1000
106734237 971 1000
111774006 972 1000
117226160 973 1000
119206415 974 1000
124571637 975 1000
127540551 976 1000
131667693 977 1000
133724407 978 1000
137144446 979 1000
141388206 980 1000
144290588 981 1000
151184395 982 1000
156621938 983 1000
157205819 984 1000
160070654 985 1000
160658671 986 1000
161661168 987 1000
162312979 988 1000
162562515 989 1000
164290506 990 1000
167147589 991 1000
168817635 992 1000
169405312 993 1000
169870930 994 1000
172611038 995 1000
172885013 996 1000
174736733 997 1000
175939143 998 1000
177715504 999 1000
