15058047 0 1000
17616250 1 1000
18300472 2 1000
18740289 3 1000
19003820 4 1000
19282864 5 1000
19496201 6 1000
19696397 7 1000
19866142 8 1000
19991810 9 1000
20136727 10 1000
20267120 11 1000
20405687 12 1000
20520892 13 1000
20627712 14 1000
20752106 15 1000
20829885 16 1000
20919139 17 1000
21008088 18 1000
21099020 19 1000
21166443 20 1000
21242348 21 1000
21323914 22 1000
21396190 23 1000
21468822 24 1000
21533210 25 1000
21610057 26 1000
21676426 27 1000
21747369 28 1000
21820154 29 1000
21895752 30 1000
21946404 31 1000
21998914 32 1000
22054294 33 1000
22116041 34 1000
22170673 35 1000
22223338 36 1000
22275085 37 1000
22322082 38 1000
22372764 39 1000
22421601 40 1000
22473021 41 1000
22512875 42 1000
22564881 43 1000
22617752 44 1000
22684002 45 1000
22725842 46 1000
22761600 47 1000
22813896 48 1000
22851739 49 1000
22884170 50 1000
22926986 51 1000
22961316 52 1000
23001991 53 1000
23047382 54 1000
23092201 55 1000
23132709 56 1000
23182446 57 1000
23225389 58 1000
23260689 59 1000
23292709 60 1000
23330759 61 1000
23363369 62 1000
23393093 63 1000
23425136 64 1000
23452935 65 1000
23479173 66 1000
23507065 67 1000
23532082 68 1000
23563586 69 1000
23597041 70 1000
23633706 71 1000
23668744 72 1000
23696389 73 1000
23725430 74 1000
23762819 75 1000
23792929 76 1000
23825476 77 1000
23854567 78 1000
23883085 79 1000
23913134 80 1000
23945599 81 1000
23983220 82 1000
24016966 83 1000
24044768 84 1000
24072079 85 1000
24104588 86 1000
24137477 87 1000
24164853 88 1000
24193904 89 1000
24233634 90 1000
24260971 91 1000
24289236 92 1000
24323420 93 1000
24356084 94 1000
24386221 95 1000
24413405 96 1000
24445694 97 1000
24473527 98 1000
24503841 99 1000
24534191 100 1000
24560525 101 1000
24592047 102 1000
24617600 103 1000
24646115 104 1000
24672695 105 1000
24696800 106 1000
24726228 107 1000
24748402 108 1000
24774886 109 1000
24801172 110 1000
24825219 111 1000
24855957 112 1000
24878953 113 1000
24901519 114 1000
24924354 115 1000
24947249 116 1000
24972037 117 1000
25000933 118 1000
25024418 119 1000
25049728 120 1000
25074696 121 1000
25097808 122 1000
25119367 123 1000
25142301 124 1000
25163224 125 1000
25184977 126 1000
25209899 127 1000
25234463 128 1000
25250124 129 1000
25272791 130 1000
25296742 131 1000
25321879 132 1000
25352366 133 1000
25377067 134 1000
25401024 135 1000
25430488 136 1000
25459782 137 1000
25482285 138 1000
25501382 139 1000
25525753 140 1000
25550337 141 1000
25574928 142 1000
25600386 143 1000
25623116 144 1000
25651390 145 1000
25675358 146 1000
25696543 147 1000
25717142 148 1000
25738947 149 1000
25766525 150 1000
25797369 151 1000
25826728 152 1000
25857038 153 1000
25884144 154 1000
25910478 155 1000
25940057 156 1000
25966936 157 1000
25988590 158 1000
26008951 159 1000
26029085 160 1000
26056233 161 1000
26079183 162 1000
26108113 163 1000
26136785 164 1000
26171740 165 1000
26198046 166 1000
26223448 167 1000
26251467 168 1000
26274589 169 1000
26301246 170 1000
26329674 171 1000
26355244 172 1000
26381387 173 1000
26409370 174 1000
26431876 175 1000
26464296 176 1000
26490528 177 1000
26514217 178 1000
26537425 179 1000
26565564 180 1000
26591338 181 1000
26614445 182 1000
26644789 183 1000
26668284 184 1000
26693047 185 1000
26722209 186 1000
26750658 187 1000
26770608 188 1000
26797396 189 1000
26820831 190 1000
26838880 191 1000
26859647 192 1000
26883863 193 1000
26910229 194 1000
26932783 195 1000
26955347 196 1000
26977617 197 1000
27001647 198 1000
27023200 199 1000
27045614 200 1000
27070315 201 1000
27094026 202 1000
27123870 203 1000
27151828 204 1000
27174718 205 1000
27200166 206 1000
27221854 207 1000
27243359 208 1000
27266612 209 1000
27292189 210 1000
27317286 211 1000
27346681 212 1000
27368391 213 1000
27387203 214 1000
27413144 215 1000
27439200 216 1000
27464236 217 1000
27490179 218 1000
27518068 219 1000
27544898 220 1000
27566192 221 1000
27589923 222 1000
27609595 223 1000
27631212 224 1000
27652016 225 1000
27673828 226 1000
27700711 227 1000
27725914 228 1000
27744459 229 1000
27768365 230 1000
27792090 231 1000
27815462 232 1000
27837617 233 1000
27860415 234 1000
27884892 235 1000
27913301 236 1000
27939319 237 1000
27960633 238 1000
27978724 239 1000
28003313 240 1000
28025787 241 1000
28045938 242 1000
28067855 243 1000
28090690 244 1000
28113161 245 1000
28134778 246 1000
28158298 247 1000
28182592 248 1000
28204641 249 1000
28231416 250 1000
28255261 251 1000
28272945 252 1000
28298344 253 1000
28323281 254 1000
28346955 255 1000
28372198 256 1000
28395635 257 1000
28414944 258 1000
28434206 259 1000
28461710 260 1000
28483572 261 1000
28506956 262 1000
28529044 263 1000
28558071 264 1000
28580457 265 1000
28600793 266 1000
28626397 267 1000
28646490 268 1000
28663593 269 1000
28690564 270 1000
28721530 271 1000
28744617 272 1000
28773785 273 1000
28796167 274 1000
28815341 275 1000
28837854 276 1000
28861470 277 1000
28888596 278 1000
28907309 279 1000
28934241 280 1000
28957907 281 1000
28985807 282 1000
29010220 283 1000
29042634 284 1000
29070042 285 1000
29101361 286 1000
29121967 287 1000
29147104 288 1000
29174638 289 1000
29198902 290 1000
29223799 291 1000
29248027 292 1000
29272517 293 1000
29300768 294 1000
29331286 295 1000
29361036 296 1000
29384097 297 1000
29411355 298 1000
29435265 299 1000
29462900 300 1000
29488806 301 1000
29513481 302 1000
29538678 303 1000
29563729 304 1000
29586116 305 1000
29609239 306 1000
29637244 307 1000
29670366 308 1000
29695593 309 1000
29725906 310 1000
29750942 311 1000
29781085 312 1000
29809828 313 1000
29837853 314 1000
29868062 315 1000
29892315 316 1000
29916576 317 1000
29943041 318 1000
29968624 319 1000
29994015 320 1000
30019733 321 1000
30049213 322 1000
30080860 323 1000
30103813 324 1000
30132729 325 1000
30162548 326 1000
30193220 327 1000
30221563 328 1000
30246905 329 1000
30279243 330 1000
30306687 331 1000
30334794 332 1000
30355552 333 1000
30383308 334 1000
30408676 335 1000
30437143 336 1000
30463609 337 1000
30489898 338 1000
30521233 339 1000
30552542 340 1000
30584543 341 1000
30613511 342 1000
30642584 343 1000
30668761 344 1000
30693832 345 1000
30722522 346 1000
30746757 347 1000
30779517 348 1000
30805884 349 1000
30837233 350 1000
30867392 351 1000
30901961 352 1000
30933584 353 1000
30969979 354 1000
30997855 355 1000
31024319 356 1000
31051808 357 1000
31080883 358 1000
31112443 359 1000
31147080 360 1000
31173195 361 1000
31201558 362 1000
31230950 363 1000
31260523 364 1000
31299785 365 1000
31328037 366 1000
31359413 367 1000
31392369 368 1000
31422046 369 1000
31454069 370 1000
31487557 371 1000
31528564 372 1000
31568644 373 1000
31606625 374 1000
31640769 375 1000
31682072 376 1000
31713283 377 1000
31748783 378 1000
31786757 379 1000
31820718 380 1000
31862039 381 1000
31899831 382 1000
31935327 383 1000
31975863 384 1000
32010318 385 1000
32044984 386 1000
32077026 387 1000
32109099 388 1000
32142717 389 1000
32185847 390 1000
32218718 391 1000
32263512 392 1000
32299633 393 1000
32339066 394 1000
32375911 395 1000
32417255 396 1000
32461270 397 1000
32499547 398 1000
32548218 399 1000
32584256 400 1000
32626593 401 1000
32680033 402 1000
32724650 403 1000
32764246 404 1000
32804317 405 1000
32838749 406 1000
32875605 407 1000
32915302 408 1000
32961823 409 1000
33006163 410 1000
33053583 411 1000
33089646 412 1000
33137327 413 1000
33185143 414 1000
33241178 415 1000
33294778 416 1000
33339375 417 1000
33393593 418 1000
33428159 419 1000
33477169 420 1000
33528774 421 1000
33569498 422 1000
33616911 423 1000
33662370 424 1000
33708049 425 1000
33753906 426 1000
33803467 427 1000
33850016 428 1000
33898895 429 1000
33968531 430 1000
34028605 431 1000
34081653 432 1000
34152905 433 1000
34205550 434 1000
34263381 435 1000
34324451 436 1000
34389727 437 1000
34456097 438 1000
34521300 439 1000
34597456 440 1000
34665987 441 1000
34733367 442 1000
34785814 443 1000
34862094 444 1000
34924779 445 1000
34989531 446 1000
35078155 447 1000
35147662 448 1000
35227772 449 1000
35307020 450 1000
35398791 451 1000
35479609 452 1000
35591215 453 1000
35684181 454 1000
35775306 455 1000
35885930 456 1000
35994823 457 1000
36096838 458 1000
36200805 459 1000
36305543 460 1000
36419283 461 1000
36537830 462 1000
36667932 463 1000
36764012 464 1000
36881671 465 1000
37010527 466 1000
37130532 467 1000
37258334 468 1000
37380069 469 1000
37507756 470 1000
37637166 471 1000
37813282 472 1000
37981183 473 1000
38144813 474 1000
38305425 475 1000
38434448 476 1000
38588657 477 1000
38734420 478 1000
38893588 479 1000
39056183 480 1000
39183718 481 1000
39342165 482 1000
39490221 483 1000
39678371 484 1000
39899417 485 1000
40057987 486 1000
40298942 487 1000
40492083 488 1000
40699650 489 1000
40895733 490 1000
41124436 491 1000
41325401 492 1000
41610638 493 1000
41918081 494 1000
42168248 495 1000
42449086 496 1000
42686493 497 1000
42911610 498 1000
43205423 499 1000
43461113 500 1000
43735058 501 1000
44008852 502 1000
44315337 503 1000
44683336 504 1000
45038888 505 1000
45398261 506 1000
45805501 507 1000
46174637 508 1000
46497138 509 1000
46823817 510 1000
47166210 511 1000
47507417 512 1000
47883049 513 1000
48254066 514 1000
48552739 515 1000
48916915 516 1000
49200007 517 1000
49534981 518 1000
50100334 519 1000
50589606 520 1000
51067776 521 1000
51485988 522 1000
51918807 523 1000
52394973 524 1000
52679202 525 1000
53232443 526 1000
53696536 527 1000
54362884 528 1000
55120827 529 1000
55678365 530 1000
56144288 531 1000
57156251 532 1000
57875543 533 1000
58510778 534 1000
58971130 535 1000
59604532 536 1000
60620150 537 1000
61463174 538 1000
62433896 539 1000
64085156 540 1000
65796751 541 1000
66864883 542 1000
67759196 543 1000
68392798 544 1000
68999845 545 1000
69853287 546 1000
70417178 547 1000
71141590 548 1000
71612130 549 1000
72010149 550 1000
72423810 551 1000
73094771 552 1000
73489941 553 1000
73808895 554 1000
74295446 555 1000
75085330 556 1000
75759094 557 1000
76583337 558 1000
77512988 559 1000
78071289 560 1000
78504408 561 1000
79417894 562 1000
80139714 563 1000
80889125 564 1000
81369626 565 1000
82146174 566 1000
83106339 567 1000
84183820 568 1000
84708279 569 1000
85699653 570 1000
87338513 571 1000
89081197 572 1000
90134991 573 1000
90995603 574 1000
91494551 575 1000
92230324 576 1000
92975754 577 1000
93394184 578 1000
93901033 579 1000
94537199 580 1000
95278065 581 1000
95930314 582 1000
96274100 583 1000
96596858 584 1000
97063965 585 1000
97648112 586 1000
98169816 587 1000
98747017 588 1000
99316500 589 1000
99762830 590 1000
100074559 591 1000
100317600 592 1000
100571316 593 1000
100877693 594 1000
101111463 595 1000
101350898 596 1000
101608958 597 1000
101852297 598 1000
102109328 599 1000
102326407 600 1000
102515561 601 1000
102705620 602 1000
102923959 603 1000
103165403 604 1000
103328450 605 1000
103522402 606 1000
103727036 607 1000
103938967 608 1000
104164590 609 1000
104410355 610 1000
104614449 611 1000
104825323 612 1000
105043055 613 1000
105309666 614 1000
105630689 615 1000
105887437 616 1000
106282129 617 1000
106690658 618 1000
106972691 619 1000
107369626 620 1000
107794535 621 1000
108159071 622 1000
108533701 623 1000
108951169 624 1000
109401398 625 1000
110089546 626 1000
110975770 627 1000
111647896 628 1000
112176855 629 1000
112654888 630 1000
113077682 631 1000
113442793 632 1000
113703349 633 1000
114146898 634 1000
114771269 635 1000
115353854 636 1000
115995651 637 1000
116724501 638 1000
117479460 639 1000
118481181 640 1000
119226844 641 1000
119731160 642 1000
120197657 643 1000
120911082 644 1000
121904469 645 1000
122690838 646 1000
123147637 647 1000
123471369 648 1000
123738878 649 1000
124035977 650 1000
124222289 651 1000
124486296 652 1000
124847293 653 1000
125108651 654 1000
125336604 655 1000
125591817 656 1000
125835840 657 1000
126119301 658 1000
126652331 659 1000
127279842 660 1000
127767257 661 1000
128062506 662 1000
128300624 663 1000
128552151 664 1000
128860552 665 1000
129274984 666 1000
129675651 667 1000
129957709 668 1000
130253737 669 1000
130565519 670 1000
130854071 671 1000
131047241 672 1000
131237807 673 1000
131420071 674 1000
131584274 675 1000
131823369 676 1000
132118240 677 1000
132397563 678 1000
132667605 679 1000
132998804 680 1000
133289472 681 1000
133483283 682 1000
133754235 683 1000
134032548 684 1000
134371511 685 1000
134728054 686 1000
135038197 687 1000
135462815 688 1000
135972922 689 1000
136439828 690 1000
136848523 691 1000
137311203 692 1000
137887524 693 1000
138361959 694 1000
138859633 695 1000
139389125 696 1000
139875667 697 1000
140343080 698 1000
141052883 699 1000
142508386 700 1000
143498035 701 1000
144244668 702 1000
144782039 703 1000
146225388 704 1000
147508438 705 1000
148223224 706 1000
148831524 707 1000
149397511 708 1000
149873215 709 1000
150472884 710 1000
151301713 711 1000
152029763 712 1000
152843863 713 1000
153812160 714 1000
154679793 715 1000
155872254 716 1000
156809697 717 1000
157977256 718 1000
158973730 719 1000
159489972 720 1000
159854521 721 1000
160176924 722 1000
160809440 723 1000
161784981 724 1000
162750927 725 1000
163377359 726 1000
163970623 727 1000
164328683 728 1000
164797879 729 1000
165252319 730 1000
165845499 731 1000
166673705 732 1000
167589386 733 1000
168517872 734 1000
170423002 735 1000
173004729 736 1000
174450648 737 1000
177873668 738 1000
181348833 739 1000
184952669 740 1000
185838165 741 1000
186705711 742 1000
187594889 743 1000
188691695 744 1000
189447773 745 1000
189949937 746 1000
190657298 747 1000
191411798 748 1000
191722841 749 1000
192016987 750 1000
192408241 751 1000
192815021 752 1000
193200234 753 1000
193534977 754 1000
193793273 755 1000
194096315 756 1000
194504394 757 1000
194887912 758 1000
195347755 759 1000
195823209 760 1000
196311914 761 1000
196987159 762 1000
198116056 763 1000
198909643 764 1000
199810112 765 1000
200928267 766 1000
203994459 767 1000
205168277 768 1000
205796003 769 1000
206293053 770 1000
207436836 771 1000
211387887 772 1000
220642056 773 1000
221851530 774 1000
222809991 775 1000
223843555 776 1000
224956494 777 1000
225610790 778 1000
226067642 779 1000
226365227 780 1000
226727203 781 1000
227254911 782 1000
227863277 783 1000
228393358 784 1000
228795441 785 1000
229102804 786 1000
229542493 787 1000
229861525 788 1000
230272913 789 1000
230693501 790 1000
231545551 791 1000
232802511 792 1000
233695299 793 1000
235584049 794 1000
237594899 795 1000
238813740 796 1000
239273656 797 1000
239678588 798 1000
240057966 799 1000
240505664 800 1000
240914854 801 1000
241337319 802 1000
241829551 803 1000
242346805 804 1000
242810115 805 1000
243362937 806 1000
244128869 807 1000
244748904 808 1000
245313954 809 1000
246189178 810 1000
247904204 811 1000
248707744 812 1000
249199522 813 1000
249498209 814 1000
249916896 815 1000
250370218 816 1000
250975618 817 1000
251943280 818 1000
252746050 819 1000
253675587 820 1000
255256435 821 1000
255872960 822 1000
256222809 823 1000
256609824 824 1000
256983411 825 1000
257366350 826 1000
257695954 827 1000
258035243 828 1000
258357999 829 1000
258853765 830 1000
259317136 831 1000
259778078 832 1000
260125235 833 1000
260543828 834 1000
260885479 835 1000
261210254 836 1000
261554248 837 1000
261794086 838 1000
262160356 839 1000
262517450 840 1000
262889328 841 1000
263138840 842 1000
263528028 843 1000
263957491 844 1000
264420746 845 1000
264809899 846 1000
265296918 847 1000
265779918 848 1000
266298085 849 1000
266857611 850 1000
267298402 851 1000
267793735 852 1000
268527255 853 1000
269070775 854 1000
269478777 855 1000
269997732 856 1000
270455219 857 1000
270868383 858 1000
271276387 859 1000
271801253 860 1000
272374558 861 1000
272824928 862 1000
273394830 863 1000
274110830 864 1000
274825858 865 1000
275221922 866 1000
275462935 867 1000
275700113 868 1000
275927688 869 1000
276288164 870 1000
276763703 871 1000
277230498 872 1000
277795647 873 1000
278349596 874 1000
278863497 875 1000
279469655 876 1000
280055330 877 1000
280677607 878 1000
281236809 879 1000
281658868 880 1000
282212606 881 1000
282810434 882 1000
283240873 883 1000
283700620 884 1000
284182527 885 1000
285021662 886 1000
285819616 887 1000
286565444 888 1000
287760968 889 1000
288885943 890 1000
290326072 891 1000
291804027 892 1000
293770028 893 1000
294809818 894 1000
295924416 895 1000
297066264 896 1000
301492139 897 1000
305546187 898 1000
308741366 899 1000
330743365 900 1000
332764902 901 1000
337279501 902 1000
338230520 903 1000
338698090 904 1000
339267976 905 1000
340518544 906 1000
341913729 907 1000
343642561 908 1000
345983524 909 1000
349864962 910 1000
351906573 911 1000
353095858 912 1000
354933297 913 1000
355826830 914 1000
356966626 915 1000
358969651 916 1000
361492322 917 1000
363256945 918 1000
365012480 919 1000
366221738 920 1000
366892099 921 1000
367356992 922 1000
367859570 923 1000
368862280 924 1000
370102018 925 1000
370792510 926 1000
371443706 927 1000
371993899 928 1000
372412592 929 1000
373107481 930 1000
373788727 931 1000
374485591 932 1000
375147010 933 1000
375716375 934 1000
376056516 935 1000
376883160 936 1000
377805502 937 1000
378550385 938 1000
379522828 939 1000
380332103 940 1000
381249114 941 1000
381977419 942 1000
382528181 943 1000
383222316 944 1000
383604184 945 1000
384309178 946 1000
384917604 947 1000
385625997 948 1000
386402692 949 1000
386832449 950 1000
387201931 951 1000
387605352 952 1000
387964948 953 1000
388338882 954 1000
388674007 955 1000
389361424 956 1000
390014495 957 1000
390537484 958 1000
391158572 959 1000
391872213 960 1000
392635425 961 1000
393311939 962 1000
393670839 963 1000
393986391 964 1000
394360455 965 1000
394776469 966 1000
395196345 967 1000
395752132 968 1000
396332815 969 1000
396681829 970 1000
397184255 971 1000
397662570 972 1000
398284391 973 1000
398611979 974 1000
399041942 975 1000
399598544 976 1000
400571808 977 1000
401206429 978 1000
401595889 979 1000
402330172 980 1000
403001134 981 1000
403619695 982 1000
404273815 983 1000
404899477 984 1000
405527282 985 1000
406266209 986 1000
406551886 987 1000
406878570 988 1000
407312070 989 1000
407646567 990 1000
408054099 991 1000
409043698 992 1000
410185317 993 1000
411312093 994 1000
412520322 995 1000
413515746 996 1000
414604668 997 1000
415652520 998 1000
418498780 999 1000
