# load avg(tp, lat, bwr, bww, cpu, tps, brps, bwps), sd(...), ci(...)
10 10 26096.6128045 28.1222115701 34074206.678 26614154.7771 16.4444545455 2.18804112554 0.0 18.2901038961 10 0.0 0.0 0.0 0.0 0.0 0.0 0.0 0.0 10 0.0 0.0 0.0 0.0 0.0 0.0 0.0 0.0 
12 12 26689.6920487 30.9063453628 34909021.2962 27229465.7525 16.7220454545 2.3856547619 0.0 19.6567857143 12 0.0 0.0 0.0 0.0 0.0 0.0 0.0 0.0 12 0.0 0.0 0.0 0.0 0.0 0.0 0.0 0.0 
14 14 33129.3714407 31.2139958376 42966650.677 33557965.6224 19.9236363636 2.21428571429 0.0 18.5952380952 14 0.0 0.0 0.0 0.0 0.0 0.0 0.0 0.0 14 0.0 0.0 0.0 0.0 0.0 0.0 0.0 0.0 
16 16 36432.6638169 31.6224506081 46996547.1265 36661475.2477 21.3622272727 2.23039393939 0.0 18.1825454545 16 0.0 0.0 0.0 0.0 0.0 0.0 0.0 0.0 16 0.0 0.0 0.0 0.0 0.0 0.0 0.0 0.0 
19 19 38714.1815505 36.3210578534 50245643.4753 39211731.5622 22.7218181818 2.23906060606 0.0 18.3488787879 19 0.0 0.0 0.0 0.0 0.0 0.0 0.0 0.0 19 0.0 0.0 0.0 0.0 0.0 0.0 0.0 0.0 
22 22 38116.1165223 36.9066943484 49385733.4317 38486285.2113 22.1802272727 2.10960606061 0.0 17.411030303 22 0.0 0.0 0.0 0.0 0.0 0.0 0.0 0.0 22 0.0 0.0 0.0 0.0 0.0 0.0 0.0 0.0 
26 26 43471.1238288 39.4893711054 56131399.4825 43767445.4656 25.1094090909 2.26324242424 0.0 18.5423333333 26 0.0 0.0 0.0 0.0 0.0 0.0 0.0 0.0 26 0.0 0.0 0.0 0.0 0.0 0.0 0.0 0.0 
31 31 45408.428962 43.380030902 58960680.4261 46063226.8107 26.4323181818 2.08760606061 0.0 17.2342121212 31 0.0 0.0 0.0 0.0 0.0 0.0 0.0 0.0 31 0.0 0.0 0.0 0.0 0.0 0.0 0.0 0.0 
37 37 49349.753139 44.0994618682 63954810.2533 49977644.1751 27.9137348485 2.20572727273 0.0 18.1064545455 37 0.0 0.0 0.0 0.0 0.0 0.0 0.0 0.0 37 0.0 0.0 0.0 0.0 0.0 0.0 0.0 0.0 
44 44 48544.9536344 46.3070570541 63223893.1488 49282164.8333 27.7031363636 2.36045454545 0.0 19.416969697 44 0.0 0.0 0.0 0.0 0.0 0.0 0.0 0.0 44 0.0 0.0 0.0 0.0 0.0 0.0 0.0 0.0 
52 52 49001.4917147 50.1685739708 64103427.1914 50076351.3076 28.2302861953 2.12721212121 0.0 17.9632121212 52 0.0 0.0 0.0 0.0 0.0 0.0 0.0 0.0 52 0.0 0.0 0.0 0.0 0.0 0.0 0.0 0.0 
62 62 55319.4689155 51.6574618817 73000890.6538 57089726.0178 30.9023039216 2.20189102564 0.0 18.4612820513 62 0.0 0.0 0.0 0.0 0.0 0.0 0.0 0.0 62 0.0 0.0 0.0 0.0 0.0 0.0 0.0 0.0 
74 74 53048.1071066 57.5890178604 70405871.2454 54911565.94 29.9946568627 2.00421065862 0.0 17.3932277526 74 0.0 0.0 0.0 0.0 0.0 0.0 0.0 0.0 74 0.0 0.0 0.0 0.0 0.0 0.0 0.0 0.0 
88 88 56030.2854944 63.075808183 74566302.3 58246505.0277 32.4384433962 2.58805031447 0.0 21.4088050314 88 0.0 0.0 0.0 0.0 0.0 0.0 0.0 0.0 88 0.0 0.0 0.0 0.0 0.0 0.0 0.0 0.0 
95 95 55254.6605222 64.4397128678 72752202.3438 56787747.5869 31.1152941176 2.13172448467 0.0 17.966314731 95 0.0 0.0 0.0 0.0 0.0 0.0 0.0 0.0 95 0.0 0.0 0.0 0.0 0.0 0.0 0.0 0.0 
105 105 57887.0451195 66.7197100752 76755606.7244 60036114.8667 33.0748113208 2.33927672956 0.0 19.4941194969 105 0.0 0.0 0.0 0.0 0.0 0.0 0.0 0.0 105 0.0 0.0 0.0 0.0 0.0 0.0 0.0 0.0 
115 115 59854.0163434 68.0616242527 79258790.3032 61950718.6746 34.1306372549 2.04807692308 0.0 16.9487179487 115 0.0 0.0 0.0 0.0 0.0 0.0 0.0 0.0 115 0.0 0.0 0.0 0.0 0.0 0.0 0.0 0.0 
130 130 59605.4671117 73.140952075 78451269.3893 61212976.781 34.3250943396 1.69811320755 0.0 15.748427673 130 0.0 0.0 0.0 0.0 0.0 0.0 0.0 0.0 130 0.0 0.0 0.0 0.0 0.0 0.0 0.0 0.0 
160 160 58354.1942486 85.6974842725 77153241.2117 60207587.3499 34.5867924528 1.76100628931 0.0 15.5220125786 160 0.0 0.0 0.0 0.0 0.0 0.0 0.0 0.0 160 0.0 0.0 0.0 0.0 0.0 0.0 0.0 0.0 
190 190 52247.3904077 107.421281119 69233503.2012 54063591.0867 31.1198529412 2.18901960784 0.0 17.7213398693 190 0.0 0.0 0.0 0.0 0.0 0.0 0.0 0.0 190 0.0 0.0 0.0 0.0 0.0 0.0 0.0 0.0 
