1835394 0 1000
2128515 1 1000
2191999 2 1000
2205618 3 1000
2236804 4 1000
2242411 5 1000
2262073 6 1000
2277205 7 1000
2288780 8 1000
2299878 9 1000
2309784 10 1000
2312250 11 1000
2329593 12 1000
2332729 13 1000
2338135 14 1000
2343012 15 1000
2353628 16 1000
2377399 17 1000
2389324 18 1000
2406206 19 1000
2408515 20 1000
2412634 21 1000
2417350 22 1000
2431513 23 1000
2438663 24 1000
2447289 25 1000
2450228 26 1000
2451236 27 1000
2453121 28 1000
2460099 29 1000
2461997 30 1000
2465253 31 1000
2470500 32 1000
2471585 33 1000
2482088 34 1000
2486229 35 1000
2489781 36 1000
2498983 37 1000
2507445 38 1000
2508965 39 1000
2515510 40 1000
2516203 41 1000
2517714 42 1000
2519905 43 1000
2524368 44 1000
2528088 45 1000
2532779 46 1000
2534217 47 1000
2541806 48 1000
2551558 49 1000
2552489 50 1000
2555941 51 1000
2563513 52 1000
2567285 53 1000
2570633 54 1000
2572472 55 1000
2573707 56 1000
2577485 57 1000
2578362 58 1000
2580373 59 1000
2583730 60 1000
2584592 61 1000
2588233 62 1000
2591859 63 1000
2595275 64 1000
2595715 65 1000
2596529 66 1000
2599805 67 1000
2600479 68 1000
2602335 69 1000
2603050 70 1000
2605631 71 1000
2609704 72 1000
2613381 73 1000
2613921 74 1000
2614636 75 1000
2614938 76 1000
2616896 77 1000
2617434 78 1000
2618144 79 1000
2620543 80 1000
2626145 81 1000
2626554 82 1000
2628696 83 1000
2629117 84 1000
2631746 85 1000
2633842 86 1000
2635559 87 1000
2639367 88 1000
2641225 89 1000
2642263 90 1000
2644368 91 1000
2645741 92 1000
2645963 93 1000
2647762 94 1000
2656481 95 1000
2659718 96 1000
2661872 97 1000
2663088 98 1000
2664087 99 1000
2667747 100 1000
2670194 101 1000
2670789 102 1000
2671250 103 1000
2674643 104 1000
2675715 105 1000
2677817 106 1000
2679295 107 1000
2682285 108 1000
2683490 109 1000
2684581 110 1000
2686109 111 1000
2687399 112 1000
2688187 113 1000
2690744 114 1000
2693730 115 1000
2694232 116 1000
2696319 117 1000
2698670 118 1000
2699807 119 1000
2701251 120 1000
2703366 121 1000
2704308 122 1000
2706271 123 1000
2709679 124 1000
2711243 125 1000
2712026 126 1000
2712577 127 1000
2713684 128 1000
2714607 129 1000
2715094 130 1000
2715776 131 1000
2718019 132 1000
2719353 133 1000
2720157 134 1000
2720843 135 1000
2724245 136 1000
2728553 137 1000
2730762 138 1000
2734969 139 1000
2735957 140 1000
2737211 141 1000
2741164 142 1000
2742473 143 1000
2743141 144 1000
2744264 145 1000
2744800 146 1000
2748405 147 1000
2748944 148 1000
2754136 149 1000
2756296 150 1000
2759305 151 1000
2760585 152 1000
2761817 153 1000
2765095 154 1000
2767181 155 1000
2769663 156 1000
2775792 157 1000
2780340 158 1000
2781125 159 1000
2781593 160 1000
2782221 161 1000
2784162 162 1000
2784366 163 1000
2785420 164 1000
2786276 165 1000
2787425 166 1000
2788205 167 1000
2789819 168 1000
2790482 169 1000
2791264 170 1000
2792268 171 1000
2793058 172 1000
2794485 173 1000
2795200 174 1000
2797820 175 1000
2798018 176 1000
2798776 177 1000
2801313 178 1000
2803062 179 1000
2804670 180 1000
2806725 181 1000
2808042 182 1000
2808874 183 1000
2809520 184 1000
2810145 185 1000
2810541 186 1000
2811322 187 1000
2811690 188 1000
2813835 189 1000
2815568 190 1000
2817920 191 1000
2822873 192 1000
2824176 193 1000
2826456 194 1000
2826805 195 1000
2827673 196 1000
2829621 197 1000
2831830 198 1000
2833501 199 1000
2833771 200 1000
2834078 201 1000
2834496 202 1000
2836069 203 1000
2836955 204 1000
2837728 205 1000
2839041 206 1000
2840560 207 1000
2842112 208 1000
2842505 209 1000
2842703 210 1000
2843666 211 1000
2845615 212 1000
2848502 213 1000
2849355 214 1000
2851129 215 1000
2852479 216 1000
2853159 217 1000
2854047 218 1000
2855211 219 1000
2855624 220 1000
2856036 221 1000
2857267 222 1000
2858922 223 1000
2859476 224 1000
2860612 225 1000
2861549 226 1000
2862247 227 1000
2864549 228 1000
2865848 229 1000
2866086 230 1000
2867495 231 1000
2868957 232 1000
2870130 233 1000
2872401 234 1000
2873362 235 1000
2874521 236 1000
2874924 237 1000
2875546 238 1000
2876757 239 1000
2877588 240 1000
2878432 241 1000
2879695 242 1000
2882087 243 1000
2883853 244 1000
2885597 245 1000
2886809 246 1000
2888385 247 1000
2888677 248 1000
2889065 249 1000
2890483 250 1000
2891091 251 1000
2891587 252 1000
2892644 253 1000
2893124 254 1000
2893427 255 1000
2894275 256 1000
2894647 257 1000
2896350 258 1000
2897010 259 1000
2898108 260 1000
2899702 261 1000
2900132 262 1000
2900630 263 1000
2903651 264 1000
2904891 265 1000
2905033 266 1000
2906917 267 1000
2907846 268 1000
2908948 269 1000
2909658 270 1000
2911444 271 1000
2912194 272 1000
2912842 273 1000
2914365 274 1000
2915335 275 1000
2916885 276 1000
2917200 277 1000
2918411 278 1000
2920676 279 1000
2921928 280 1000
2922616 281 1000
2922866 282 1000
2923879 283 1000
2924501 284 1000
2925177 285 1000
2925738 286 1000
2926175 287 1000
2926605 288 1000
2927107 289 1000
2929195 290 1000
2930787 291 1000
2931396 292 1000
2932333 293 1000
2932926 294 1000
2933595 295 1000
2934682 296 1000
2934750 297 1000
2935660 298 1000
2937829 299 1000
2938729 300 1000
2939277 301 1000
2940696 302 1000
2941670 303 1000
2941785 304 1000
2942482 305 1000
2942637 306 1000
2942939 307 1000
2944090 308 1000
2944245 309 1000
2945186 310 1000
2945527 311 1000
2946001 312 1000
2946774 313 1000
2946974 314 1000
2947475 315 1000
2948568 316 1000
2949348 317 1000
2950383 318 1000
2951544 319 1000
2951929 320 1000
2952443 321 1000
2953618 322 1000
2954875 323 1000
2955089 324 1000
2955302 325 1000
2957364 326 1000
2958096 327 1000
2958343 328 1000
2958539 329 1000
2960558 330 1000
2961435 331 1000
2963427 332 1000
2963864 333 1000
2964639 334 1000
2965412 335 1000
2966032 336 1000
2967566 337 1000
2969115 338 1000
2969894 339 1000
2970711 340 1000
2972221 341 1000
2973267 342 1000
2973632 343 1000
2975008 344 1000
2975290 345 1000
2976340 346 1000
2976689 347 1000
2977153 348 1000
2977353 349 1000
2978599 350 1000
2980634 351 1000
2981289 352 1000
2982088 353 1000
2982359 354 1000
2983529 355 1000
2984290 356 1000
2984909 357 1000
2985167 358 1000
2985998 359 1000
2986834 360 1000
2987076 361 1000
2988414 362 1000
2989908 363 1000
2990310 364 1000
2990942 365 1000
2993309 366 1000
2993978 367 1000
2994205 368 1000
2995261 369 1000
2997449 370 1000
2997569 371 1000
2998304 372 1000
2998572 373 1000
2998876 374 1000
2998952 375 1000
2999195 376 1000
2999372 377 1000
3000372 378 1000
3001001 379 1000
3002587 380 1000
3002839 381 1000
3003191 382 1000
3003721 383 1000
3004455 384 1000
3005108 385 1000
3005562 386 1000
3007194 387 1000
3007324 388 1000
3007787 389 1000
3008497 390 1000
3008852 391 1000
3011320 392 1000
3012145 393 1000
3012249 394 1000
3013695 395 1000
3014646 396 1000
3015197 397 1000
3015571 398 1000
3017160 399 1000
3018102 400 1000
3019510 401 1000
3020153 402 1000
3020228 403 1000
3020921 404 1000
3022221 405 1000
3022384 406 1000
3023318 407 1000
3025481 408 1000
3026806 409 1000
3027644 410 1000
3029868 411 1000
3031223 412 1000
3031299 413 1000
3032539 414 1000
3032935 415 1000
3033250 416 1000
3033914 417 1000
3034642 418 1000
3035097 419 1000
3035250 420 1000
3036306 421 1000
3038346 422 1000
3038866 423 1000
3040375 424 1000
3041665 425 1000
3042768 426 1000
3043248 427 1000
3044482 428 1000
3045155 429 1000
3045780 430 1000
3047368 431 1000
3048903 432 1000
3049789 433 1000
3049871 434 1000
3050335 435 1000
3051905 436 1000
3053003 437 1000
3053805 438 1000
3054110 439 1000
3056861 440 1000
3057800 441 1000
3058332 442 1000
3059331 443 1000
3061829 444 1000
3062813 445 1000
3063345 446 1000
3063786 447 1000
3065537 448 1000
3066389 449 1000
3068449 450 1000
3069013 451 1000
3070642 452 1000
3070930 453 1000
3074487 454 1000
3075159 455 1000
3076577 456 1000
3077198 457 1000
3077624 458 1000
3077764 459 1000
3078823 460 1000
3080693 461 1000
3081100 462 1000
3082257 463 1000
3082672 464 1000
3082951 465 1000
3083591 466 1000
3084301 467 1000
3084811 468 1000
3085962 469 1000
3087466 470 1000
3088476 471 1000
3089053 472 1000
3090658 473 1000
3094023 474 1000
3094491 475 1000
3095948 476 1000
3096451 477 1000
3098015 478 1000
3099205 479 1000
3099587 480 1000
3099779 481 1000
3100669 482 1000
3101753 483 1000
3104175 484 1000
3104947 485 1000
3105318 486 1000
3106242 487 1000
3107724 488 1000
3110338 489 1000
3110779 490 1000
3111506 491 1000
3112085 492 1000
3113972 493 1000
3115481 494 1000
3116359 495 1000
3117310 496 1000
3117421 497 1000
3117581 498 1000
3118494 499 1000
3119383 500 1000
3119766 501 1000
3121225 502 1000
3123121 503 1000
3124007 504 1000
3125624 505 1000
3126564 506 1000
3128700 507 1000
3131916 508 1000
3131959 509 1000
3133670 510 1000
3136028 511 1000
3136433 512 1000
3139253 513 1000
3141241 514 1000
3141507 515 1000
3143040 516 1000
3144352 517 1000
3149200 518 1000
3150593 519 1000
3152707 520 1000
3155369 521 1000
3157918 522 1000
3159869 523 1000
3160318 524 1000
3163568 525 1000
3165116 526 1000
3165876 527 1000
3166897 528 1000
3168068 529 1000
3168545 530 1000
3170933 531 1000
3171125 532 1000
3171879 533 1000
3172240 534 1000
3173101 535 1000
3174843 536 1000
3175066 537 1000
3176259 538 1000
3178458 539 1000
3181158 540 1000
3181690 541 1000
3181848 542 1000
3182688 543 1000
3185113 544 1000
3186494 545 1000
3188991 546 1000
3191217 547 1000
3192568 548 1000
3193687 549 1000
3195917 550 1000
3199272 551 1000
3200523 552 1000
3202436 553 1000
3203048 554 1000
3203324 555 1000
3204040 556 1000
3204544 557 1000
3204935 558 1000
3205455 559 1000
3206285 560 1000
3206508 561 1000
3207080 562 1000
3208404 563 1000
3211213 564 1000
3213537 565 1000
3213813 566 1000
3215301 567 1000
3217766 568 1000
3218170 569 1000
3218840 570 1000
3220819 571 1000
3221661 572 1000
3223389 573 1000
3224941 574 1000
3227835 575 1000
3228682 576 1000
3230484 577 1000
3233720 578 1000
3235768 579 1000
3236658 580 1000
3237746 581 1000
3238789 582 1000
3239646 583 1000
3239845 584 1000
3242232 585 1000
3243835 586 1000
3245024 587 1000
3245197 588 1000
3245492 589 1000
3246481 590 1000
3248952 591 1000
3250553 592 1000
3251930 593 1000
3252270 594 1000
3253566 595 1000
3253991 596 1000
3256580 597 1000
3256941 598 1000
3258466 599 1000
3261992 600 1000
3262973 601 1000
3264262 602 1000
3265009 603 1000
3266285 604 1000
3267206 605 1000
3268395 606 1000
3269549 607 1000
3270563 608 1000
3271247 609 1000
3272723 610 1000
3273457 611 1000
3275880 612 1000
3276651 613 1000
3277554 614 1000
3278992 615 1000
3282531 616 1000
3283944 617 1000
3285853 618 1000
3287158 619 1000
3289402 620 1000
3295208 621 1000
3299027 622 1000
3301733 623 1000
3303148 624 1000
3304691 625 1000
3305867 626 1000
3308656 627 1000
3309877 628 1000
3311426 629 1000
3311758 630 1000
3312438 631 1000
3314715 632 1000
3315075 633 1000
3315884 634 1000
3317439 635 1000
3318277 636 1000
3319741 637 1000
3320435 638 1000
3323237 639 1000
3323565 640 1000
3324406 641 1000
3325806 642 1000
3329030 643 1000
3329975 644 1000
3332204 645 1000
3333913 646 1000
3334070 647 1000
3334953 648 1000
3335928 649 1000
3337357 650 1000
3338670 651 1000
3339223 652 1000
3340029 653 1000
3340653 654 1000
3341758 655 1000
3343199 656 1000
3345318 657 1000
3346856 658 1000
3347817 659 1000
3349955 660 1000
3351514 661 1000
3352537 662 1000
3355329 663 1000
3356900 664 1000
3359306 665 1000
3359679 666 1000
3360923 667 1000
3363834 668 1000
3364115 669 1000
3364827 670 1000
3364996 671 1000
3366183 672 1000
3367423 673 1000
3371189 674 1000
3372192 675 1000
3373939 676 1000
3375769 677 1000
3377304 678 1000
3378234 679 1000
3380604 680 1000
3381742 681 1000
3382692 682 1000
3383323 683 1000
3385225 684 1000
3386147 685 1000
3387899 686 1000
3388594 687 1000
3391945 688 1000
3393132 689 1000
3395445 690 1000
3396641 691 1000
3397301 692 1000
3399167 693 1000
3399469 694 1000
3403231 695 1000
3403880 696 1000
3404854 697 1000
3406985 698 1000
3407641 699 1000
3408350 700 1000
3410259 701 1000
3412040 702 1000
3414711 703 1000
3417043 704 1000
3419050 705 1000
3423687 706 1000
3426735 707 1000
3426955 708 1000
3427265 709 1000
3427909 710 1000
3428947 711 1000
3430621 712 1000
3432206 713 1000
3433703 714 1000
3435728 715 1000
3436196 716 1000
3436288 717 1000
3436581 718 1000
3437491 719 1000
3437979 720 1000
3439157 721 1000
3443637 722 1000
3444303 723 1000
3447812 724 1000
3448830 725 1000
3451111 726 1000
3451858 727 1000
3456403 728 1000
3459485 729 1000
3461190 730 1000
3462500 731 1000
3464149 732 1000
3466949 733 1000
3468295 734 1000
3471599 735 1000
3474313 736 1000
3476635 737 1000
3478119 738 1000
3479736 739 1000
3480984 740 1000
3483780 741 1000
3484286 742 1000
3489861 743 1000
3494146 744 1000
3499038 745 1000
3501538 746 1000
3503615 747 1000
3507930 748 1000
3511442 749 1000
3515227 750 1000
3518530 751 1000
3519715 752 1000
3521378 753 1000
3522311 754 1000
3524560 755 1000
3526315 756 1000
3529692 757 1000
3532545 758 1000
3534654 759 1000
3535098 760 1000
3546957 761 1000
3552955 762 1000
3554445 763 1000
3559437 764 1000
3560978 765 1000
3565549 766 1000
3567000 767 1000
3567890 768 1000
3568122 769 1000
3568994 770 1000
3574801 771 1000
3576218 772 1000
3577937 773 1000
3578331 774 1000
3581610 775 1000
3583772 776 1000
3585307 777 1000
3586645 778 1000
3587398 779 1000
3590552 780 1000
3592307 781 1000
3593472 782 1000
3596227 783 1000
3597814 784 1000
3599356 785 1000
3604623 786 1000
3605621 787 1000
3607793 788 1000
3610779 789 1000
3610938 790 1000
3614080 791 1000
3617935 792 1000
3618967 793 1000
3620594 794 1000
3628457 795 1000
3628675 796 1000
3629942 797 1000
3635500 798 1000
3638676 799 1000
3644407 800 1000
3645492 801 1000
3647797 802 1000
3651970 803 1000
3655790 804 1000
3658193 805 1000
3658474 806 1000
3660674 807 1000
3667716 808 1000
3669844 809 1000
3673932 810 1000
3676653 811 1000
3679374 812 1000
3680638 813 1000
3682502 814 1000
3685940 815 1000
3691391 816 1000
3693963 817 1000
3695516 818 1000
3698728 819 1000
3707221 820 1000
3710462 821 1000
3713256 822 1000
3714113 823 1000
3717246 824 1000
3721717 825 1000
3725126 826 1000
3727810 827 1000
3734028 828 1000
3738889 829 1000
3741974 830 1000
3744658 831 1000
3751665 832 1000
3752490 833 1000
3753465 834 1000
3756593 835 1000
3758596 836 1000
3762184 837 1000
3765492 838 1000
3767116 839 1000
3774507 840 1000
3789528 841 1000
3797580 842 1000
3803288 843 1000
3808287 844 1000
3813222 845 1000
3820179 846 1000
3821111 847 1000
3822764 848 1000
3825940 849 1000
3831546 850 1000
3834143 851 1000
3838462 852 1000
3846828 853 1000
3850511 854 1000
3861027 855 1000
3868427 856 1000
3873178 857 1000
3874574 858 1000
3879807 859 1000
3883065 860 1000
3888481 861 1000
3888516 862 1000
3892452 863 1000
3896770 864 1000
3898098 865 1000
3899973 866 1000
3904617 867 1000
3909255 868 1000
3913688 869 1000
3918139 870 1000
3927174 871 1000
3931274 872 1000
3934950 873 1000
3946666 874 1000
3952321 875 1000
3960947 876 1000
3979338 877 1000
3985978 878 1000
3988545 879 1000
3996498 880 1000
4010374 881 1000
4017455 882 1000
4025581 883 1000
4039502 884 1000
4056513 885 1000
4062764 886 1000
4071887 887 1000
4077460 888 1000
4081571 889 1000
4106709 890 1000
4154829 891 1000
4180886 892 1000
4207407 893 1000
4238399 894 1000
4260715 895 1000
4280771 896 1000
4299763 897 1000
4319338 898 1000
4335610 899 1000
4351717 900 1000
4394451 901 1000
4400305 902 1000
4418102 903 1000
4454521 904 1000
4482615 905 1000
4516191 906 1000
4527644 907 1000
4551401 908 1000
4568974 909 1000
4579263 910 1000
4629175 911 1000
4662866 912 1000
4668988 913 1000
4729956 914 1000
4741278 915 1000
4755901 916 1000
4801761 917 1000
4808843 918 1000
4832215 919 1000
4880897 920 1000
4927958 921 1000
5072314 922 1000
5099472 923 1000
5127740 924 1000
5171171 925 1000
5244018 926 1000
5310219 927 1000
5332266 928 1000
5402865 929 1000
5438037 930 1000
5508437 931 1000
5569239 932 1000
5702507 933 1000
5818276 934 1000
6620441 935 1000
6833224 936 1000
7252029 937 1000
8278245 938 1000
9889199 939 1000
9980907 940 1000
10392157 941 1000
10913751 942 1000
11518884 943 1000
11754944 944 1000
12525293 945 1000
16191010 946 1000
17029001 947 1000
19179158 948 1000
20633555 949 1000
22269759 950 1000
22406818 951 1000
22491136 952 1000
22580257 953 1000
22648120 954 1000
22816067 955 1000
23755880 956 1000
23959228 957 1000
24335398 958 1000
26617713 959 1000
27570167 960 1000
42573699 961 1000
42716703 962 1000
42936719 963 1000
43094393 964 1000
43577027 965 1000
44270375 966 1000
45955524 967 1000
46716490 968 1000
47701540 969 1000
69898729 970 1000
70298909 971 1000
77142328 972 1000
77153446 973 1000
82464376 974 1000
82972672 975 1000
87154568 976 1000
98625473 977 1000
99554693 978 1000
121963623 979 1000
122230871 980 1000
142963710 981 1000
143710778 982 1000
145692410 983 1000
145876869 984 1000
152765001 985 1000
153745011 986 1000
160115009 987 1000
160883329 988 1000
161566419 989 1000
162813790 990 1000
197511773 991 1000
197751192 992 1000
198011500 993 1000
198337026 994 1000
220346118 995 1000
222895780 996 1000
223539068 997 1000
281474241 998 1000
281857297 999 1000
