# load avg(tp, lat, bwr, bww, cpu, tps, brps, bwps), sd(...), ci(...)
1 1 8230.79354488 9.01293021111 21342162.5039 16587447.9755 10.4753571429 2.59649122807 0.0 22.2456140351 1 0.0 0.0 0.0 0.0 0.0 0.0 0.0 0.0 1 0.0 0.0 0.0 0.0 0.0 0.0 0.0 0.0 
3 3 22777.8130288 14.5927657934 58607533.2871 45633099.5708 25.8420755013 2.50877192982 0.0 21.4035087719 3 0.0 0.0 0.0 0.0 0.0 0.0 0.0 0.0 3 0.0 0.0 0.0 0.0 0.0 0.0 0.0 0.0 
4 4 28253.0830304 16.6124723117 73631909.6509 57312118.9941 31.4797321429 1.98245614035 0.0 17.0526315789 4 0.0 0.0 0.0 0.0 0.0 0.0 0.0 0.0 4 0.0 0.0 0.0 0.0 0.0 0.0 0.0 0.0 
5 5 31394.6308264 18.8082280055 80939833.1496 63153043.9154 35.0135714286 2.78877192982 0.0 22.8716666667 5 0.0 0.0 0.0 0.0 0.0 0.0 0.0 0.0 5 0.0 0.0 0.0 0.0 0.0 0.0 0.0 0.0 
7 7 33618.6799019 20.8152880574 87179079.8052 67832358.6819 37.1227678571 2.29981203008 0.0 19.3897243108 7 0.0 0.0 0.0 0.0 0.0 0.0 0.0 0.0 7 0.0 0.0 0.0 0.0 0.0 0.0 0.0 0.0 
9 9 34073.5618018 22.5846028033 88656063.6011 68965876.6926 37.5623214286 2.71052631579 0.0 22.3859649123 9 0.0 0.0 0.0 0.0 0.0 0.0 0.0 0.0 9 0.0 0.0 0.0 0.0 0.0 0.0 0.0 0.0 
10 10 34230.8461269 22.9765831264 88678688.3813 69206283.2669 37.8284821429 2.64912280702 0.0 22.1754385965 10 0.0 0.0 0.0 0.0 0.0 0.0 0.0 0.0 10 0.0 0.0 0.0 0.0 0.0 0.0 0.0 0.0 
12 12 34461.1850393 23.5225866389 89179567.5704 69402654.4171 38.1729464286 2.5350877193 0.0 21.1228070175 12 0.0 0.0 0.0 0.0 0.0 0.0 0.0 0.0 12 0.0 0.0 0.0 0.0 0.0 0.0 0.0 0.0 
14 14 34401.8094221 25.6925693419 88672392.4032 69007718.7302 38.2279464286 2.5701754386 0.0 21.2631578947 14 0.0 0.0 0.0 0.0 0.0 0.0 0.0 0.0 14 0.0 0.0 0.0 0.0 0.0 0.0 0.0 0.0 
16 16 34733.1275176 25.6823024241 89597077.2361 69732062.557 38.2523214286 2.45614035088 0.0 20.6315789474 16 0.0 0.0 0.0 0.0 0.0 0.0 0.0 0.0 16 0.0 0.0 0.0 0.0 0.0 0.0 0.0 0.0 
19 19 34515.9389031 28.6888644719 89426165.6659 69821934.2661 38.6379464286 2.625 0.0 22.0714285714 19 0.0 0.0 0.0 0.0 0.0 0.0 0.0 0.0 19 0.0 0.0 0.0 0.0 0.0 0.0 0.0 0.0 
22 22 34474.846075 30.8301275449 88786829.0291 69325214.0929 38.46375 2.66026785714 0.0 21.925 22 0.0 0.0 0.0 0.0 0.0 0.0 0.0 0.0 22 0.0 0.0 0.0 0.0 0.0 0.0 0.0 0.0 
26 26 34724.8005719 33.3781396006 89222746.0526 69644612.6736 38.6315178571 2.70535714286 0.0 22.2142857143 26 0.0 0.0 0.0 0.0 0.0 0.0 0.0 0.0 26 0.0 0.0 0.0 0.0 0.0 0.0 0.0 0.0 
31 31 35088.6393001 35.8103931304 90078027.9228 70337315.2548 38.8442857143 2.66369047619 0.0 22.1604010025 31 0.0 0.0 0.0 0.0 0.0 0.0 0.0 0.0 31 0.0 0.0 0.0 0.0 0.0 0.0 0.0 0.0 
37 37 35073.2321558 40.0152940529 91740374.4579 71383720.4942 38.6021071429 2.79196428571 0.0 22.8358928571 37 0.0 0.0 0.0 0.0 0.0 0.0 0.0 0.0 37 0.0 0.0 0.0 0.0 0.0 0.0 0.0 0.0 
44 44 35326.4169971 44.7356579448 90952719.2924 70975725.6212 38.6273214286 2.66964285714 0.0 22.0714285714 44 0.0 0.0 0.0 0.0 0.0 0.0 0.0 0.0 44 0.0 0.0 0.0 0.0 0.0 0.0 0.0 0.0 
52 52 35020.6530233 51.0844986457 90742059.8729 70630440.7614 38.3762727273 2.40178571429 0.0 20.4285714286 52 0.0 0.0 0.0 0.0 0.0 0.0 0.0 0.0 52 0.0 0.0 0.0 0.0 0.0 0.0 0.0 0.0 
62 62 35077.340335 57.2790633096 90798722.74 70671068.0489 38.7406363636 3.1 0.0 25.3818181818 62 0.0 0.0 0.0 0.0 0.0 0.0 0.0 0.0 62 0.0 0.0 0.0 0.0 0.0 0.0 0.0 0.0 
74 74 35155.576338 65.0704836623 92296392.9618 72117940.5618 38.3950943396 2.69811320755 0.0 22.4150943396 74 0.0 0.0 0.0 0.0 0.0 0.0 0.0 0.0 74 0.0 0.0 0.0 0.0 0.0 0.0 0.0 0.0 
88 88 35155.6696805 73.4052951255 92184368.979 71878556.8421 39.0059615385 2.66037735849 0.0 22.2641509434 88 0.0 0.0 0.0 0.0 0.0 0.0 0.0 0.0 88 0.0 0.0 0.0 0.0 0.0 0.0 0.0 0.0 
