5619995 0 1000
6609200 1 1000
6822540 2 1000
7019029 3 1000
7174756 4 1000
7288985 5 1000
7365745 6 1000
7426981 7 1000
7494964 8 1000
7610168 9 1000
7687884 10 1000
7790563 11 1000
7874198 12 1000
7956050 13 1000
8023940 14 1000
8094306 15 1000
8174203 16 1000
8242586 17 1000
8353310 18 1000
8409131 19 1000
8469700 20 1000
8521939 21 1000
8585403 22 1000
8642526 23 1000
8720511 24 1000
8770395 25 1000
8825433 26 1000
8870588 27 1000
8923743 28 1000
8968132 29 1000
9019519 30 1000
9054251 31 1000
9095723 32 1000
9153294 33 1000
9207792 34 1000
9254539 35 1000
9287273 36 1000
9329220 37 1000
9369387 38 1000
9409142 39 1000
9443850 40 1000
9491854 41 1000
9535474 42 1000
9575098 43 1000
9608721 44 1000
9650958 45 1000
9710592 46 1000
9756855 47 1000
9832944 48 1000
9881798 49 1000
9926114 50 1000
9971439 51 1000
10010844 52 1000
10037026 53 1000
10068488 54 1000
10092200 55 1000
10131819 56 1000
10165090 57 1000
10199711 58 1000
10225942 59 1000
10249510 60 1000
10279549 61 1000
10294356 62 1000
10323045 63 1000
10360903 64 1000
10387774 65 1000
10413443 66 1000
10435132 67 1000
10456283 68 1000
10484212 69 1000
10503840 70 1000
10525270 71 1000
10547233 72 1000
10569913 73 1000
10591707 74 1000
10609728 75 1000
10638532 76 1000
10667167 77 1000
10694261 78 1000
10717206 79 1000
10740843 80 1000
10770394 81 1000
10789768 82 1000
10816092 83 1000
10838068 84 1000
10860545 85 1000
10881884 86 1000
10904840 87 1000
10927430 88 1000
10941065 89 1000
10963078 90 1000
10987958 91 1000
11006996 92 1000
11024442 93 1000
11045681 94 1000
11066562 95 1000
11082922 96 1000
11103923 97 1000
11122964 98 1000
11149628 99 1000
11173740 100 1000
11195749 101 1000
11219006 102 1000
11234278 103 1000
11255428 104 1000
11272077 105 1000
11291577 106 1000
11313323 107 1000
11328195 108 1000
11345462 109 1000
11360890 110 1000
11377852 111 1000
11401913 112 1000
11421712 113 1000
11441278 114 1000
11462041 115 1000
11476705 116 1000
11493933 117 1000
11516578 118 1000
11535428 119 1000
11556100 120 1000
11578969 121 1000
11600153 122 1000
11627588 123 1000
11643926 124 1000
11654227 125 1000
11670346 126 1000
11694454 127 1000
11706861 128 1000
11723639 129 1000
11737999 130 1000
11760076 131 1000
11773764 132 1000
11789402 133 1000
11809557 134 1000
11836086 135 1000
11850919 136 1000
11867888 137 1000
11889721 138 1000
11904538 139 1000
11921370 140 1000
11941555 141 1000
11961387 142 1000
11974233 143 1000
11999941 144 1000
12016101 145 1000
12030514 146 1000
12049962 147 1000
12070569 148 1000
12085409 149 1000
12102451 150 1000
12122853 151 1000
12140626 152 1000
12159627 153 1000
12180857 154 1000
12195962 155 1000
12214855 156 1000
12226586 157 1000
12241936 158 1000
12252712 159 1000
12267940 160 1000
12282377 161 1000
12297243 162 1000
12312306 163 1000
12327697 164 1000
12339225 165 1000
12357320 166 1000
12374223 167 1000
12395803 168 1000
12413809 169 1000
12429842 170 1000
12443905 171 1000
12460345 172 1000
12471661 173 1000
12490727 174 1000
12504015 175 1000
12518442 176 1000
12536151 177 1000
12546409 178 1000
12561243 179 1000
12574474 180 1000
12585919 181 1000
12598566 182 1000
12608669 183 1000
12617707 184 1000
12633341 185 1000
12646826 186 1000
12669494 187 1000
12682857 188 1000
12696339 189 1000
12711968 190 1000
12726115 191 1000
12739809 192 1000
12762286 193 1000
12779294 194 1000
12791476 195 1000
12802586 196 1000
12812583 197 1000
12823747 198 1000
12837644 199 1000
12851612 200 1000
12861809 201 1000
12874236 202 1000
12888249 203 1000
12898509 204 1000
12915387 205 1000
12928437 206 1000
12942846 207 1000
12953021 208 1000
12961992 209 1000
12976218 210 1000
12995320 211 1000
13010868 212 1000
13022166 213 1000
13043539 214 1000
13052451 215 1000
13062915 216 1000
13073642 217 1000
13087817 218 1000
13099688 219 1000
13110635 220 1000
13119730 221 1000
13131961 222 1000
13144734 223 1000
13158725 224 1000
13170132 225 1000
13181372 226 1000
13194764 227 1000
13208268 228 1000
13222099 229 1000
13240421 230 1000
13260475 231 1000
13272900 232 1000
13284984 233 1000
13301782 234 1000
13312603 235 1000
13323987 236 1000
13336648 237 1000
13348375 238 1000
13360614 239 1000
13374695 240 1000
13382783 241 1000
13394182 242 1000
13404981 243 1000
13415319 244 1000
13428002 245 1000
13437931 246 1000
13447498 247 1000
13459941 248 1000
13477439 249 1000
13487490 250 1000
13498738 251 1000
13510645 252 1000
13538340 253 1000
13556500 254 1000
13571567 255 1000
13584423 256 1000
13603112 257 1000
13620246 258 1000
13631114 259 1000
13643090 260 1000
13665119 261 1000
13682516 262 1000
13699136 263 1000
13712245 264 1000
13733531 265 1000
13750689 266 1000
13770259 267 1000
13784196 268 1000
13800104 269 1000
13810850 270 1000
13826392 271 1000
13842929 272 1000
13854492 273 1000
13864288 274 1000
13880037 275 1000
13894790 276 1000
13906580 277 1000
13923603 278 1000
13939132 279 1000
13954580 280 1000
13966928 281 1000
13983863 282 1000
14002732 283 1000
14014191 284 1000
14030239 285 1000
14044935 286 1000
14054168 287 1000
14073589 288 1000
14088366 289 1000
14103735 290 1000
14113979 291 1000
14127596 292 1000
14136953 293 1000
14145326 294 1000
14153402 295 1000
14164238 296 1000
14170266 297 1000
14186416 298 1000
14204595 299 1000
14215718 300 1000
14227740 301 1000
14239055 302 1000
14256215 303 1000
14271771 304 1000
14281898 305 1000
14290510 306 1000
14303762 307 1000
14320664 308 1000
14338562 309 1000
14351917 310 1000
14362598 311 1000
14376095 312 1000
14388361 313 1000
14402688 314 1000
14420848 315 1000
14430761 316 1000
14444218 317 1000
14459357 318 1000
14478228 319 1000
14498275 320 1000
14507879 321 1000
14520429 322 1000
14536029 323 1000
14549481 324 1000
14563440 325 1000
14586647 326 1000
14598703 327 1000
14612304 328 1000
14618276 329 1000
14631904 330 1000
14649495 331 1000
14660735 332 1000
14671480 333 1000
14686979 334 1000
14703717 335 1000
14715662 336 1000
14731185 337 1000
14748289 338 1000
14763594 339 1000
14774283 340 1000
14784141 341 1000
14802570 342 1000
14817855 343 1000
14832698 344 1000
14846191 345 1000
14859231 346 1000
14871099 347 1000
14886640 348 1000
14901118 349 1000
14915741 350 1000
14939455 351 1000
14948203 352 1000
14968625 353 1000
14985482 354 1000
15003108 355 1000
15015101 356 1000
15025499 357 1000
15034524 358 1000
15047794 359 1000
15060157 360 1000
15073743 361 1000
15086248 362 1000
15098357 363 1000
15106957 364 1000
15117955 365 1000
15129880 366 1000
15148353 367 1000
15159413 368 1000
15172083 369 1000
15186397 370 1000
15197213 371 1000
15215149 372 1000
15230589 373 1000
15244107 374 1000
15261928 375 1000
15274450 376 1000
15282467 377 1000
15298337 378 1000
15312380 379 1000
15322592 380 1000
15334554 381 1000
15347714 382 1000
15362533 383 1000
15371598 384 1000
15383844 385 1000
15398596 386 1000
15415010 387 1000
15427195 388 1000
15438947 389 1000
15451936 390 1000
15463052 391 1000
15475973 392 1000
15488970 393 1000
15503014 394 1000
15522106 395 1000
15534652 396 1000
15545522 397 1000
15559015 398 1000
15572184 399 1000
15592862 400 1000
15608947 401 1000
15623877 402 1000
15637628 403 1000
15657391 404 1000
15669856 405 1000
15678872 406 1000
15700234 407 1000
15712386 408 1000
15741608 409 1000
15753753 410 1000
15772529 411 1000
15785123 412 1000
15804801 413 1000
15825290 414 1000
15844383 415 1000
15860403 416 1000
15881905 417 1000
15900597 418 1000
15921444 419 1000
15936714 420 1000
15951055 421 1000
15966502 422 1000
15985288 423 1000
15996809 424 1000
16010149 425 1000
16027310 426 1000
16039987 427 1000
16057334 428 1000
16074217 429 1000
16088742 430 1000
16111032 431 1000
16125754 432 1000
16139338 433 1000
16158404 434 1000
16175989 435 1000
16191862 436 1000
16208718 437 1000
16223545 438 1000
16232863 439 1000
16251729 440 1000
16265842 441 1000
16276202 442 1000
16293744 443 1000
16306664 444 1000
16317521 445 1000
16335617 446 1000
16351865 447 1000
16364359 448 1000
16379483 449 1000
16394698 450 1000
16413393 451 1000
16430229 452 1000
16445918 453 1000
16465150 454 1000
16480501 455 1000
16498501 456 1000
16511708 457 1000
16531008 458 1000
16544497 459 1000
16558708 460 1000
16572665 461 1000
16582969 462 1000
16599426 463 1000
16615386 464 1000
16637177 465 1000
16651388 466 1000
16665193 467 1000
16682547 468 1000
16693987 469 1000
16717942 470 1000
16727246 471 1000
16740199 472 1000
16754761 473 1000
16770947 474 1000
16784239 475 1000
16797552 476 1000
16807738 477 1000
16817567 478 1000
16831831 479 1000
16848703 480 1000
16866212 481 1000
16878619 482 1000
16895846 483 1000
16908943 484 1000
16921990 485 1000
16939259 486 1000
16951047 487 1000
16965301 488 1000
16978130 489 1000
16988720 490 1000
16999905 491 1000
17016943 492 1000
17035076 493 1000
17048077 494 1000
17067856 495 1000
17081605 496 1000
17093602 497 1000
17111187 498 1000
17125262 499 1000
17136980 500 1000
17148627 501 1000
17160672 502 1000
17172694 503 1000
17183783 504 1000
17200853 505 1000
17224318 506 1000
17238738 507 1000
17257199 508 1000
17281043 509 1000
17301091 510 1000
17310991 511 1000
17327036 512 1000
17338192 513 1000
17348688 514 1000
17363958 515 1000
17377450 516 1000
17388585 517 1000
17401168 518 1000
17417355 519 1000
17429972 520 1000
17447844 521 1000
17466081 522 1000
17485260 523 1000
17500221 524 1000
17525154 525 1000
17539365 526 1000
17561120 527 1000
17577825 528 1000
17597487 529 1000
17613826 530 1000
17624130 531 1000
17633026 532 1000
17644505 533 1000
17661641 534 1000
17676675 535 1000
17692383 536 1000
17707216 537 1000
17720359 538 1000
17734975 539 1000
17757073 540 1000
17777722 541 1000
17788495 542 1000
17805197 543 1000
17814169 544 1000
17825418 545 1000
17836268 546 1000
17846615 547 1000
17865695 548 1000
17887295 549 1000
17899223 550 1000
17915025 551 1000
17927987 552 1000
17946174 553 1000
17964831 554 1000
17980534 555 1000
17992943 556 1000
18006950 557 1000
18023790 558 1000
18047446 559 1000
18065271 560 1000
18084133 561 1000
18105933 562 1000
18119390 563 1000
18130985 564 1000
18150892 565 1000
18167260 566 1000
18180622 567 1000
18195368 568 1000
18213995 569 1000
18240523 570 1000
18252875 571 1000
18265319 572 1000
18282837 573 1000
18291820 574 1000
18315721 575 1000
18330578 576 1000
18354183 577 1000
18379510 578 1000
18397745 579 1000
18423328 580 1000
18440975 581 1000
18460387 582 1000
18482426 583 1000
18499998 584 1000
18519152 585 1000
18540715 586 1000
18557531 587 1000
18575407 588 1000
18598002 589 1000
18617669 590 1000
18640452 591 1000
18653368 592 1000
18667714 593 1000
18694524 594 1000
18711086 595 1000
18731767 596 1000
18749683 597 1000
18771696 598 1000
18790889 599 1000
18806597 600 1000
18829148 601 1000
18844949 602 1000
18858683 603 1000
18876858 604 1000
18894924 605 1000
18911477 606 1000
18928835 607 1000
18949496 608 1000
18964387 609 1000
18985245 610 1000
19003303 611 1000
19016028 612 1000
19033760 613 1000
19054336 614 1000
19087636 615 1000
19103455 616 1000
19119643 617 1000
19149770 618 1000
19167762 619 1000
19184196 620 1000
19196818 621 1000
19215594 622 1000
19237408 623 1000
19262919 624 1000
19279423 625 1000
19306577 626 1000
19325451 627 1000
19353058 628 1000
19365792 629 1000
19384734 630 1000
19406936 631 1000
19438316 632 1000
19461883 633 1000
19477257 634 1000
19499897 635 1000
19524686 636 1000
19547513 637 1000
19576666 638 1000
19618218 639 1000
19644271 640 1000
19658280 641 1000
19676671 642 1000
19694279 643 1000
19742689 644 1000
19767229 645 1000
19792071 646 1000
19820681 647 1000
19853383 648 1000
19877184 649 1000
19900174 650 1000
19924886 651 1000
19955731 652 1000
19983720 653 1000
20013517 654 1000
20031986 655 1000
20046449 656 1000
20066323 657 1000
20087401 658 1000
20109374 659 1000
20136642 660 1000
20170576 661 1000
20199285 662 1000
20214150 663 1000
20231311 664 1000
20255149 665 1000
20285097 666 1000
20310945 667 1000
20323490 668 1000
20346615 669 1000
20366435 670 1000
20386581 671 1000
20420160 672 1000
20446988 673 1000
20468992 674 1000
20493137 675 1000
20530668 676 1000
20564577 677 1000
20594438 678 1000
20625406 679 1000
20647662 680 1000
20669414 681 1000
20707347 682 1000
20734271 683 1000
20770916 684 1000
20820410 685 1000
20865947 686 1000
20907218 687 1000
20931829 688 1000
20966653 689 1000
21001919 690 1000
21040474 691 1000
21062443 692 1000
21097759 693 1000
21125888 694 1000
21157466 695 1000
21177755 696 1000
21211960 697 1000
21265182 698 1000
21314322 699 1000
21358717 700 1000
21397538 701 1000
21449891 702 1000
21480920 703 1000
21522335 704 1000
21543699 705 1000
21578342 706 1000
21602703 707 1000
21632968 708 1000
21673171 709 1000
21707576 710 1000
21753774 711 1000
21801065 712 1000
21836086 713 1000
21864957 714 1000
21894921 715 1000
21921063 716 1000
21953506 717 1000
21976309 718 1000
22018945 719 1000
22046481 720 1000
22075602 721 1000
22103283 722 1000
22147680 723 1000
22194739 724 1000
22236120 725 1000
22261255 726 1000
22298905 727 1000
22346948 728 1000
22387147 729 1000
22431106 730 1000
22485078 731 1000
22519734 732 1000
22568333 733 1000
22617120 734 1000
22653859 735 1000
22701447 736 1000
22740747 737 1000
22792562 738 1000
22854262 739 1000
22935315 740 1000
22986959 741 1000
23033752 742 1000
23071253 743 1000
23119289 744 1000
23189673 745 1000
23294859 746 1000
23367938 747 1000
23521257 748 1000
23640979 749 1000
23739966 750 1000
23860915 751 1000
23939427 752 1000
24024564 753 1000
24130360 754 1000
24198959 755 1000
24272256 756 1000
24373890 757 1000
24492426 758 1000
24567916 759 1000
24682167 760 1000
24791090 761 1000
24921583 762 1000
25063254 763 1000
25118111 764 1000
25237425 765 1000
25394529 766 1000
25547688 767 1000
25760281 768 1000
25834726 769 1000
25939913 770 1000
26033288 771 1000
26124849 772 1000
26215784 773 1000
26458952 774 1000
26590046 775 1000
27019329 776 1000
27198085 777 1000
27362304 778 1000
27579546 779 1000
27707735 780 1000
27915393 781 1000
28022146 782 1000
28226938 783 1000
28496883 784 1000
28807864 785 1000
28989076 786 1000
29472758 787 1000
29803727 788 1000
30792239 789 1000
31323292 790 1000
31597306 791 1000
32088276 792 1000
32347173 793 1000
32483879 794 1000
33041564 795 1000
33536465 796 1000
34130308 797 1000
34830207 798 1000
35235732 799 1000
36388251 800 1000
37817376 801 1000
38600275 802 1000
40190026 803 1000
42358990 804 1000
42928319 805 1000
43167803 806 1000
43985936 807 1000
44865697 808 1000
45233784 809 1000
45699610 810 1000
46125087 811 1000
46691537 812 1000
47419778 813 1000
47762502 814 1000
48260732 815 1000
49126984 816 1000
49801722 817 1000
50570661 818 1000
51083617 819 1000
51662344 820 1000
52072445 821 1000
53204868 822 1000
53731454 823 1000
54184600 824 1000
57142645 825 1000
58194451 826 1000
59347934 827 1000
61418888 828 1000
62808664 829 1000
66849091 830 1000
69379156 831 1000
70535121 832 1000
71969426 833 1000
72536758 834 1000
78821331 835 1000
85608288 836 1000
89530140 837 1000
90764180 838 1000
91997477 839 1000
93054747 840 1000
93513850 841 1000
94745201 842 1000
95629636 843 1000
97403157 844 1000
98164450 845 1000
98651006 846 1000
98914069 847 1000
99163618 848 1000
99574909 849 1000
100334344 850 1000
101957023 851 1000
104704966 852 1000
107637768 853 1000
110195435 854 1000
113533011 855 1000
117972026 856 1000
119738288 857 1000
121246149 858 1000
122694138 859 1000
123332655 860 1000
123761844 861 1000
124771931 862 1000
125646648 863 1000
127116119 864 1000
127593575 865 1000
128274662 866 1000
129707463 867 1000
132806498 868 1000
133075276 869 1000
133770082 870 1000
135166018 871 1000
137320680 872 1000
142309287 873 1000
144184655 874 1000
146395192 875 1000
147029976 876 1000
149813532 877 1000
151078423 878 1000
152330622 879 1000
153553776 880 1000
153936892 881 1000
154200374 882 1000
154823494 883 1000
157257767 884 1000
158276116 885 1000
160294201 886 1000
161801473 887 1000
163647868 888 1000
164804492 889 1000
166391353 890 1000
169131557 891 1000
170330946 892 1000
170701898 893 1000
170977699 894 1000
171426876 895 1000
171881757 896 1000
173030811 897 1000
173666185 898 1000
174381831 899 1000
174634275 900 1000
175093178 901 1000
175683136 902 1000
176365661 903 1000
177621521 904 1000
178299903 905 1000
179007084 906 1000
180118868 907 1000
181656940 908 1000
183875872 909 1000
188099404 910 1000
189384833 911 1000
190124810 912 1000
192070556 913 1000
194377537 914 1000
197338086 915 1000
202058985 916 1000
203053541 917 1000
209793551 918 1000
236987377 919 1000
242763556 920 1000
243936222 921 1000
244736575 922 1000
247634667 923 1000
248644608 924 1000
251085212 925 1000
252131919 926 1000
252816682 927 1000
253221816 928 1000
254344309 929 1000
254944046 930 1000
255723897 931 1000
256494674 932 1000
259579941 933 1000
260589474 934 1000
261473077 935 1000
262862241 936 1000
265331245 937 1000
265735902 938 1000
266720745 939 1000
268415426 940 1000
269744233 941 1000
273250857 942 1000
276210591 943 1000
280725637 944 1000
282815796 945 1000
283299354 946 1000
285229099 947 1000
286076800 948 1000
287937552 949 1000
291489746 950 1000
303386300 951 1000
309306589 952 1000
315102455 953 1000
320906857 954 1000
323868268 955 1000
325954013 956 1000
327474684 957 1000
330411003 958 1000
330681116 959 1000
331037286 960 1000
331664931 961 1000
332237018 962 1000
333563381 963 1000
336448773 964 1000
339509953 965 1000
341131526 966 1000
343061316 967 1000
345574384 968 1000
348027883 969 1000
348938636 970 1000
349653157 971 1000
352070087 972 1000
353394914 973 1000
355875952 974 1000
358152176 975 1000
360949733 976 1000
364727457 977 1000
365639957 978 1000
366993106 979 1000
369377461 980 1000
369989753 981 1000
370621616 982 1000
371608078 983 1000
373381235 984 1000
374437130 985 1000
375119326 986 1000
375550792 987 1000
375817854 988 1000
376436030 989 1000
376810957 990 1000
377342130 991 1000
377872703 992 1000
378804723 993 1000
379244203 994 1000
380194882 995 1000
380845892 996 1000
381538353 997 1000
382684753 998 1000
383024961 999 1000
