# load avg(tp, lat, bwr, bww, cpu, tps, brps, bwps), sd(...), ci(...)
10 10 20270.4652972 24.3055835384 7060380.6159 5615177.45219 5.38359693878 1.98071428571 0.0 17.7414058957 10 0.0 0.0 0.0 0.0 0.0 0.0 0.0 0.0 10 0.0 0.0 0.0 0.0 0.0 0.0 0.0 0.0 
12 12 22937.1323066 25.9415778421 7998553.64983 6356525.57279 5.79975765306 1.98639455782 0.0 17.2154195011 12 0.0 0.0 0.0 0.0 0.0 0.0 0.0 0.0 12 0.0 0.0 0.0 0.0 0.0 0.0 0.0 0.0 
14 14 25791.0668041 28.8257859298 8951941.77476 7113432.35181 6.28582908163 2.02597505669 0.0 17.4685827664 14 0.0 0.0 0.0 0.0 0.0 0.0 0.0 0.0 14 0.0 0.0 0.0 0.0 0.0 0.0 0.0 0.0 
16 16 28266.6113806 30.6555137762 9785819.63555 7770079.06691 6.60681122449 2.03628117914 0.0 17.6689342404 16 0.0 0.0 0.0 0.0 0.0 0.0 0.0 0.0 16 0.0 0.0 0.0 0.0 0.0 0.0 0.0 0.0 
19 19 32288.9718079 34.5330343996 11251445.2249 8935587.31413 7.21530585672 1.88300453515 0.0 16.8509070295 19 0.0 0.0 0.0 0.0 0.0 0.0 0.0 0.0 19 0.0 0.0 0.0 0.0 0.0 0.0 0.0 0.0 
22 22 36434.8482005 37.9601287058 12565970.6646 9983479.06819 7.8767833227 2.07256235828 0.0 17.6054421769 22 0.0 0.0 0.0 0.0 0.0 0.0 0.0 0.0 22 0.0 0.0 0.0 0.0 0.0 0.0 0.0 0.0 
26 26 39608.3773428 45.3408444712 13757622.5734 10916052.9394 8.45546715561 2.0283446712 0.0 17.3968253968 26 0.0 0.0 0.0 0.0 0.0 0.0 0.0 0.0 26 0.0 0.0 0.0 0.0 0.0 0.0 0.0 0.0 
31 31 42601.690839 48.8829951168 14871014.0284 11809637.7443 8.9447393176 2.04922808012 0.0 17.6298639456 31 0.0 0.0 0.0 0.0 0.0 0.0 0.0 0.0 31 0.0 0.0 0.0 0.0 0.0 0.0 0.0 0.0 
37 37 48007.2469258 54.0810905739 16735786.9361 13286131.7112 9.81483072917 1.91868693311 0.0 16.9948091459 37 0.0 0.0 0.0 0.0 0.0 0.0 0.0 0.0 37 0.0 0.0 0.0 0.0 0.0 0.0 0.0 0.0 
44 44 54541.8522909 57.2090952778 19403154.907 15410692.6018 10.0769948671 2.16302603328 0.0 18.1164465915 44 0.0 0.0 0.0 0.0 0.0 0.0 0.0 0.0 44 0.0 0.0 0.0 0.0 0.0 0.0 0.0 0.0 
52 52 59394.8221015 65.7314361162 20742710.3458 16466418.7442 10.7636259058 2.06015834675 0.0 17.8977039721 52 0.0 0.0 0.0 0.0 0.0 0.0 0.0 0.0 52 0.0 0.0 0.0 0.0 0.0 0.0 0.0 0.0 
62 62 63059.7338994 73.0257087944 22624648.7362 17955942.3837 11.4078055556 2.04586688137 0.0 17.4074074074 62 0.0 0.0 0.0 0.0 0.0 0.0 0.0 0.0 62 0.0 0.0 0.0 0.0 0.0 0.0 0.0 0.0 
74 74 70510.3179465 74.4694525139 24564820.0901 19487584.9848 12.4511153382 2.15336151369 0.0 18.5319095545 74 0.0 0.0 0.0 0.0 0.0 0.0 0.0 0.0 74 0.0 0.0 0.0 0.0 0.0 0.0 0.0 0.0 
88 88 73053.148262 84.3356127832 25519534.8789 20252932.5864 13.0233052536 2.11473429952 0.0 18.3285024155 88 0.0 0.0 0.0 0.0 0.0 0.0 0.0 0.0 88 0.0 0.0 0.0 0.0 0.0 0.0 0.0 0.0 
100 100 77808.5480266 86.2938629101 27391401.9476 21754248.5682 13.9588055556 2.40906199678 0.0 20.4259044552 100 0.0 0.0 0.0 0.0 0.0 0.0 0.0 0.0 100 0.0 0.0 0.0 0.0 0.0 0.0 0.0 0.0 
150 150 90363.3567912 98.7919652257 31862499.4158 25304950.9043 16.1859257246 2.16384863124 0.0 18.6190016103 150 0.0 0.0 0.0 0.0 0.0 0.0 0.0 0.0 150 0.0 0.0 0.0 0.0 0.0 0.0 0.0 0.0 
200 200 96360.9160983 112.315718138 34044710.8668 27011066.1226 17.4581388889 2.26619753086 0.0 19.3539382716 200 0.0 0.0 0.0 0.0 0.0 0.0 0.0 0.0 200 0.0 0.0 0.0 0.0 0.0 0.0 0.0 0.0 
250 250 104407.767978 118.138688256 37155542.8899 29534403.3882 19.0425416667 2.14317283951 0.0 19.2293333333 250 0.0 0.0 0.0 0.0 0.0 0.0 0.0 0.0 250 0.0 0.0 0.0 0.0 0.0 0.0 0.0 0.0 
300 300 112813.299292 121.945149988 39690528.9686 31480052.3709 20.3708888889 2.38066022544 0.0 20.7129269995 300 0.0 0.0 0.0 0.0 0.0 0.0 0.0 0.0 300 0.0 0.0 0.0 0.0 0.0 0.0 0.0 0.0 
350 350 119395.195975 123.672490295 41444879.2507 32926070.5532 21.4292916667 2.37379012346 0.0 20.1261975309 350 0.0 0.0 0.0 0.0 0.0 0.0 0.0 0.0 350 0.0 0.0 0.0 0.0 0.0 0.0 0.0 0.0 
400 400 123086.18131 128.496607801 43003111.0826 34175923.2586 22.9498721591 2.60097222222 0.0 37.7370707071 400 0.0 0.0 0.0 0.0 0.0 0.0 0.0 0.0 400 0.0 0.0 0.0 0.0 0.0 0.0 0.0 0.0 
450 450 128468.95699 133.808835244 44976076.0075 35740407.1945 23.7032122093 2.28430232558 0.0 19.7317829457 450 0.0 0.0 0.0 0.0 0.0 0.0 0.0 0.0 450 0.0 0.0 0.0 0.0 0.0 0.0 0.0 0.0 
500 500 138570.735804 132.781134541 48188930.2896 38280466.7705 25.9492877907 2.2511443337 0.0 19.6128516058 500 0.0 0.0 0.0 0.0 0.0 0.0 0.0 0.0 500 0.0 0.0 0.0 0.0 0.0 0.0 0.0 0.0 
550 550 126511.140686 146.129172362 44126203.3858 35051489.691 24.3033591028 2.28312169312 0.0 19.5877380952 550 0.0 0.0 0.0 0.0 0.0 0.0 0.0 0.0 550 0.0 0.0 0.0 0.0 0.0 0.0 0.0 0.0 
600 600 130920.052696 145.215679168 45985120.5024 36547974.0787 25.3761240563 2.30500774293 0.0 20.028939218 600 0.0 0.0 0.0 0.0 0.0 0.0 0.0 0.0 600 0.0 0.0 0.0 0.0 0.0 0.0 0.0 0.0 
