# load avg(tp, lat, bwr, bww, cpu, tps, brps, bwps), sd(...), ci(...)
10 10 22601.3047359 27.7353928067 12194705.831 8944878.14743 7.14238207547 2.20635918938 0.0 18.4606568833 10 0.0 0.0 0.0 0.0 0.0 0.0 0.0 0.0 10 0.0 0.0 0.0 0.0 0.0 0.0 0.0 0.0 
12 12 25352.2232681 30.9499605713 12484477.5235 8837637.12684 7.15063679245 2.2131509434 0.0 18.5052075472 12 0.0 0.0 0.0 0.0 0.0 0.0 0.0 0.0 12 0.0 0.0 0.0 0.0 0.0 0.0 0.0 0.0 
14 14 28613.3609408 32.6505063652 14842606.3241 10731956.0725 8.06462264151 2.12816212439 0.0 18.2675052411 14 0.0 0.0 0.0 0.0 0.0 0.0 0.0 0.0 14 0.0 0.0 0.0 0.0 0.0 0.0 0.0 0.0 
16 16 32701.0675783 34.9124284131 16259094.8606 11600980.0683 8.69773584906 2.47735849057 0.0 20.920754717 16 0.0 0.0 0.0 0.0 0.0 0.0 0.0 0.0 16 0.0 0.0 0.0 0.0 0.0 0.0 0.0 0.0 
19 19 37730.4945756 36.8744266824 19194603.7041 13758497.4498 9.89275943396 2.23906359189 0.0 18.815932914 19 0.0 0.0 0.0 0.0 0.0 0.0 0.0 0.0 19 0.0 0.0 0.0 0.0 0.0 0.0 0.0 0.0 
22 22 40685.241872 40.1676232755 21142675.5689 15416284.6427 10.8524056604 2.56771698113 0.0 20.9643962264 22 0.0 0.0 0.0 0.0 0.0 0.0 0.0 0.0 22 0.0 0.0 0.0 0.0 0.0 0.0 0.0 0.0 
26 26 46760.2699756 47.6623693523 23869513.4846 17141463.758 11.8271933962 2.1320754717 0.0 18.1132075472 26 0.0 0.0 0.0 0.0 0.0 0.0 0.0 0.0 26 0.0 0.0 0.0 0.0 0.0 0.0 0.0 0.0 
31 31 50685.8842794 50.8461821759 25757280.163 18510777.2378 12.6632075472 2.27735849057 0.0 19.3811320755 31 0.0 0.0 0.0 0.0 0.0 0.0 0.0 0.0 31 0.0 0.0 0.0 0.0 0.0 0.0 0.0 0.0 
37 37 54902.5440581 51.3830320419 27104744.6916 19305606.8439 13.2201061321 2.15088679245 0.0 18.4750188679 37 0.0 0.0 0.0 0.0 0.0 0.0 0.0 0.0 37 0.0 0.0 0.0 0.0 0.0 0.0 0.0 0.0 
44 44 59667.5900784 56.0996673275 30488091.1903 21887752.1333 14.7573584906 2.15381132075 0.0 18.3626226415 44 0.0 0.0 0.0 0.0 0.0 0.0 0.0 0.0 44 0.0 0.0 0.0 0.0 0.0 0.0 0.0 0.0 
52 52 67961.0612938 58.2378905398 33831893.6746 24070051.5227 16.1045913462 2.01509433962 0.0 16.9962264151 52 0.0 0.0 0.0 0.0 0.0 0.0 0.0 0.0 52 0.0 0.0 0.0 0.0 0.0 0.0 0.0 0.0 
62 62 70555.2363402 64.9639901707 36473526.9069 26188627.2428 16.403494898 2.022 0.0 17.296 62 0.0 0.0 0.0 0.0 0.0 0.0 0.0 0.0 62 0.0 0.0 0.0 0.0 0.0 0.0 0.0 0.0 
74 74 74812.7932235 68.0989430309 38358868.4635 27604718.9811 17.3120663265 2.04624489796 0.0 17.3475102041 74 0.0 0.0 0.0 0.0 0.0 0.0 0.0 0.0 74 0.0 0.0 0.0 0.0 0.0 0.0 0.0 0.0 
88 88 82445.8205606 70.0369154554 40434574.3266 28592300.9502 18.5327040816 2.04881632653 0.0 17.2558367347 88 0.0 0.0 0.0 0.0 0.0 0.0 0.0 0.0 88 0.0 0.0 0.0 0.0 0.0 0.0 0.0 0.0 
100 100 82674.8094018 72.0647292387 42106712.3324 30115651.9044 19.9747115385 2.00917997097 0.0 16.7608127721 100 0.0 0.0 0.0 0.0 0.0 0.0 0.0 0.0 100 0.0 0.0 0.0 0.0 0.0 0.0 0.0 0.0 
120 120 82710.2447643 79.6527102828 42915692.1363 30816329.9735 19.628877551 1.99563265306 0.0 16.8630204082 120 0.0 0.0 0.0 0.0 0.0 0.0 0.0 0.0 120 0.0 0.0 0.0 0.0 0.0 0.0 0.0 0.0 
140 140 94455.9430797 82.0996630983 46928434.9776 33250445.4245 21.7717346939 1.96528571429 0.0 17.0564897959 140 0.0 0.0 0.0 0.0 0.0 0.0 0.0 0.0 140 0.0 0.0 0.0 0.0 0.0 0.0 0.0 0.0 
160 160 94331.469944 81.0228999811 47515088.6659 33781641.8437 22.0896428571 2.0167755102 0.0 17.2111020408 160 0.0 0.0 0.0 0.0 0.0 0.0 0.0 0.0 160 0.0 0.0 0.0 0.0 0.0 0.0 0.0 0.0 
180 180 93480.8770895 90.1618503942 46815258.6622 33229472.4355 21.8870918367 2.01120408163 0.0 16.6875102041 180 0.0 0.0 0.0 0.0 0.0 0.0 0.0 0.0 180 0.0 0.0 0.0 0.0 0.0 0.0 0.0 0.0 
200 200 94666.8934394 90.6758183698 48113393.5875 34208034.9432 22.9691666667 1.86187782805 0.0 15.8968325792 200 0.0 0.0 0.0 0.0 0.0 0.0 0.0 0.0 200 0.0 0.0 0.0 0.0 0.0 0.0 0.0 0.0 
