# load avg(tp, lat, bwr, bww, cpu, tps, brps, bwps), sd(...), ci(...)
1 1 17458.4279443 1.66369497901 30348582.7195 22395093.495 33.2740130624 1.98312772134 0.0 16.9216255443 1 0.0 0.0 0.0 0.0 0.0 0.0 0.0 0.0 1 0.0 0.0 0.0 0.0 0.0 0.0 0.0 0.0 
2 2 31299.8765967 1.98011374647 43766677.4679 29628168.6892 44.3423584906 1.91509433962 0.0 15.320754717 2 0.0 0.0 0.0 0.0 0.0 0.0 0.0 0.0 2 0.0 0.0 0.0 0.0 0.0 0.0 0.0 0.0 
3 3 34708.8484643 2.72873755402 51171474.7007 35407498.722 47.8444339623 1.88679245283 0.0 15.0943396226 3 0.0 0.0 0.0 0.0 0.0 0.0 0.0 0.0 3 0.0 0.0 0.0 0.0 0.0 0.0 0.0 0.0 
4 4 39606.1918058 2.91964755577 55206728.3346 37099063.8623 49.989245283 1.99056603774 0.0 15.9245283019 4 0.0 0.0 0.0 0.0 0.0 0.0 0.0 0.0 4 0.0 0.0 0.0 0.0 0.0 0.0 0.0 0.0 
6 6 41691.4783486 4.03451331976 58290334.7965 39472830.0273 51.3655660377 2.11320754717 0.0 16.9056603774 6 0.0 0.0 0.0 0.0 0.0 0.0 0.0 0.0 6 0.0 0.0 0.0 0.0 0.0 0.0 0.0 0.0 
8 8 43111.5725361 5.21923551999 61356368.3029 41477448.353 52.1888679245 1.66037735849 0.0 13.2830188679 8 0.0 0.0 0.0 0.0 0.0 0.0 0.0 0.0 8 0.0 0.0 0.0 0.0 0.0 0.0 0.0 0.0 
11 11 44320.015689 7.00243225707 63243037.833 43127344.7025 53.2282075472 2.30188679245 0.0 18.5660377358 11 0.0 0.0 0.0 0.0 0.0 0.0 0.0 0.0 11 0.0 0.0 0.0 0.0 0.0 0.0 0.0 0.0 
15 15 45400.1919982 9.07114530669 64959364.3131 44446290.3699 54.2227358491 1.97169811321 0.0 15.7735849057 15 0.0 0.0 0.0 0.0 0.0 0.0 0.0 0.0 15 0.0 0.0 0.0 0.0 0.0 0.0 0.0 0.0 
20 20 46008.8279076 11.75179503 65884055.1419 45014318.6686 54.6414150943 1.79245283019 0.0 14.3396226415 20 0.0 0.0 0.0 0.0 0.0 0.0 0.0 0.0 20 0.0 0.0 0.0 0.0 0.0 0.0 0.0 0.0 
27 27 45090.9908581 16.3257065214 65366704.5182 44578113.6436 54.2429245283 2.47169811321 0.0 19.7735849057 27 0.0 0.0 0.0 0.0 0.0 0.0 0.0 0.0 27 0.0 0.0 0.0 0.0 0.0 0.0 0.0 0.0 
36 36 44614.9062232 21.351893369 64771998.2939 44252683.4997 54.6440384615 2.07692307692 0.0 16.6153846154 36 0.0 0.0 0.0 0.0 0.0 0.0 0.0 0.0 36 0.0 0.0 0.0 0.0 0.0 0.0 0.0 0.0 
47 47 45255.2495603 27.4356329756 64350129.8332 44078539.0436 55.3040566038 2.07547169811 0.0 16.6037735849 47 0.0 0.0 0.0 0.0 0.0 0.0 0.0 0.0 47 0.0 0.0 0.0 0.0 0.0 0.0 0.0 0.0 
62 62 44582.6212698 36.6952287708 65207140.8395 44628524.5363 54.9130769231 2.23076923077 0.0 17.8461538462 62 0.0 0.0 0.0 0.0 0.0 0.0 0.0 0.0 62 0.0 0.0 0.0 0.0 0.0 0.0 0.0 0.0 
81 81 44864.1261634 49.2727681213 64718705.5869 44308982.6227 55.9545192308 1.93269230769 0.0 15.4615384615 81 0.0 0.0 0.0 0.0 0.0 0.0 0.0 0.0 81 0.0 0.0 0.0 0.0 0.0 0.0 0.0 0.0 
