1056167 0 1000
1159657 1 1000
1170802 2 1000
1179582 3 1000
1197708 4 1000
1203429 5 1000
1206996 6 1000
1207716 7 1000
1214469 8 1000
1216560 9 1000
1226048 10 1000
1230789 11 1000
1233590 12 1000
1252475 13 1000
1254907 14 1000
1255175 15 1000
1255862 16 1000
1255906 17 1000
1255981 18 1000
1256033 19 1000
1256891 20 1000
1257578 21 1000
1259357 22 1000
1259992 23 1000
1266696 24 1000
1270796 25 1000
1274104 26 1000
1274438 27 1000
1277664 28 1000
1283398 29 1000
1283777 30 1000
1286526 31 1000
1288375 32 1000
1290074 33 1000
1290145 34 1000
1292061 35 1000
1293250 36 1000
1294982 37 1000
1298411 38 1000
1298537 39 1000
1298895 40 1000
1301686 41 1000
1302026 42 1000
1302907 43 1000
1303157 44 1000
1303598 45 1000
1304112 46 1000
1310867 47 1000
1312531 48 1000
1312811 49 1000
1313844 50 1000
1317338 51 1000
1321543 52 1000
1322438 53 1000
1325044 54 1000
1326129 55 1000
1330166 56 1000
1341869 57 1000
1344819 58 1000
1349537 59 1000
1349748 60 1000
1351868 61 1000
1352232 62 1000
1352240 63 1000
1352394 64 1000
1353126 65 1000
1356668 66 1000
1360912 67 1000
1361907 68 1000
1364172 69 1000
1365389 70 1000
1366437 71 1000
1367124 72 1000
1368549 73 1000
1369236 74 1000
1370699 75 1000
1373688 76 1000
1376016 77 1000
1376978 78 1000
1378293 79 1000
1378784 80 1000
1379672 81 1000
1380702 82 1000
1380722 83 1000
1381584 84 1000
1382597 85 1000
1383252 86 1000
1385372 87 1000
1388103 88 1000
1389461 89 1000
1389515 90 1000
1390821 91 1000
1394392 92 1000
1395083 93 1000
1395362 94 1000
1396375 95 1000
1397546 96 1000
1398224 97 1000
1399454 98 1000
1400611 99 1000
1400716 100 1000
1402397 101 1000
1402708 102 1000
1408402 103 1000
1415817 104 1000
1419462 105 1000
1422121 106 1000
1424207 107 1000
1424439 108 1000
1426039 109 1000
1426397 110 1000
1427191 111 1000
1429362 112 1000
1430330 113 1000
1434040 114 1000
1434438 115 1000
1436640 116 1000
1436692 117 1000
1436946 118 1000
1438719 119 1000
1439091 120 1000
1443778 121 1000
1444429 122 1000
1444546 123 1000
1447257 124 1000
1447297 125 1000
1448146 126 1000
1448431 127 1000
1448593 128 1000
1449303 129 1000
1449444 130 1000
1449848 131 1000
1452539 132 1000
1452968 133 1000
1454665 134 1000
1455054 135 1000
1455657 136 1000
1459927 137 1000
1463273 138 1000
1463503 139 1000
1463522 140 1000
1464114 141 1000
1464978 142 1000
1465985 143 1000
1466888 144 1000
1470852 145 1000
1471422 146 1000
1471670 147 1000
1471825 148 1000
1471939 149 1000
1476877 150 1000
1477399 151 1000
1478365 152 1000
1482819 153 1000
1483886 154 1000
1484308 155 1000
1485519 156 1000
1486773 157 1000
1488103 158 1000
1488554 159 1000
1493891 160 1000
1494734 161 1000
1500743 162 1000
1501139 163 1000
1502312 164 1000
1503073 165 1000
1503147 166 1000
1506991 167 1000
1508215 168 1000
1510471 169 1000
1511907 170 1000
1512380 171 1000
1515847 172 1000
1516061 173 1000
1516831 174 1000
1518857 175 1000
1519554 176 1000
1519905 177 1000
1520837 178 1000
1521134 179 1000
1523224 180 1000
1524439 181 1000
1526448 182 1000
1527684 183 1000
1528765 184 1000
1531014 185 1000
1531834 186 1000
1538101 187 1000
1539656 188 1000
1539933 189 1000
1540970 190 1000
1544444 191 1000
1545538 192 1000
1548543 193 1000
1557838 194 1000
1559293 195 1000
1559668 196 1000
1560962 197 1000
1561913 198 1000
1562096 199 1000
1562225 200 1000
1562628 201 1000
1563464 202 1000
1563483 203 1000
1563532 204 1000
1566315 205 1000
1568343 206 1000
1570207 207 1000
1570904 208 1000
1571647 209 1000
1572149 210 1000
1573310 211 1000
1573683 212 1000
1574098 213 1000
1576284 214 1000
1577166 215 1000
1577644 216 1000
1580212 217 1000
1580648 218 1000
1582675 219 1000
1584612 220 1000
1589017 221 1000
1589248 222 1000
1589493 223 1000
1590178 224 1000
1592031 225 1000
1592798 226 1000
1593938 227 1000
1596454 228 1000
1597991 229 1000
1600163 230 1000
1600186 231 1000
1601849 232 1000
1603643 233 1000
1603644 234 1000
1604201 235 1000
1608787 236 1000
1609815 237 1000
1610802 238 1000
1614807 239 1000
1615274 240 1000
1615911 241 1000
1616092 242 1000
1616180 243 1000
1617753 244 1000
1623594 245 1000
1625458 246 1000
1626580 247 1000
1628187 248 1000
1631090 249 1000
1634933 250 1000
1637190 251 1000
1637266 252 1000
1642366 253 1000
1648825 254 1000
1648846 255 1000
1651040 256 1000
1651446 257 1000
1654581 258 1000
1656259 259 1000
1657428 260 1000
1657621 261 1000
1658730 262 1000
1658927 263 1000
1659935 264 1000
1663236 265 1000
1665145 266 1000
1665375 267 1000
1670166 268 1000
1670544 269 1000
1670598 270 1000
1671993 271 1000
1673900 272 1000
1683985 273 1000
1684014 274 1000
1684498 275 1000
1684656 276 1000
1687053 277 1000
1687162 278 1000
1688870 279 1000
1689643 280 1000
1690049 281 1000
1690146 282 1000
1695973 283 1000
1696256 284 1000
1697627 285 1000
1698983 286 1000
1699946 287 1000
1702640 288 1000
1702809 289 1000
1703988 290 1000
1705049 291 1000
1708544 292 1000
1709127 293 1000
1710854 294 1000
1713036 295 1000
1715268 296 1000
1715897 297 1000
1717083 298 1000
1717228 299 1000
1717418 300 1000
1717524 301 1000
1718347 302 1000
1720182 303 1000
1720548 304 1000
1721968 305 1000
1722339 306 1000
1723513 307 1000
1726232 308 1000
1727447 309 1000
1729769 310 1000
1733889 311 1000
1735261 312 1000
1736726 313 1000
1739130 314 1000
1739390 315 1000
1739408 316 1000
1740310 317 1000
1741955 318 1000
1743620 319 1000
1749591 320 1000
1751246 321 1000
1751436 322 1000
1752600 323 1000
1753310 324 1000
1757008 325 1000
1760558 326 1000
1762380 327 1000
1762563 328 1000
1763459 329 1000
1764021 330 1000
1766139 331 1000
1766289 332 1000
1771164 333 1000
1771990 334 1000
1773687 335 1000
1773750 336 1000
1773840 337 1000
1774682 338 1000
1776365 339 1000
1776689 340 1000
1778011 341 1000
1778570 342 1000
1779439 343 1000
1779874 344 1000
1783253 345 1000
1783515 346 1000
1791523 347 1000
1791968 348 1000
1795366 349 1000
1797509 350 1000
1803645 351 1000
1804799 352 1000
1806735 353 1000
1814940 354 1000
1816932 355 1000
1817889 356 1000
1817932 357 1000
1818270 358 1000
1819285 359 1000
1820567 360 1000
1826430 361 1000
1827933 362 1000
1828969 363 1000
1829874 364 1000
1831023 365 1000
1832250 366 1000
1834428 367 1000
1834996 368 1000
1836331 369 1000
1836660 370 1000
1837857 371 1000
1842661 372 1000
1843754 373 1000
1845777 374 1000
1846265 375 1000
1847794 376 1000
1848915 377 1000
1848931 378 1000
1849168 379 1000
1850502 380 1000
1852851 381 1000
1854078 382 1000
1854861 383 1000
1854996 384 1000
1855932 385 1000
1856111 386 1000
1856501 387 1000
1856824 388 1000
1856961 389 1000
1860050 390 1000
1864748 391 1000
1865355 392 1000
1867285 393 1000
1872123 394 1000
1875214 395 1000
1875941 396 1000
1876903 397 1000
1877800 398 1000
1879373 399 1000
1881902 400 1000
1882831 401 1000
1882913 402 1000
1883472 403 1000
1884047 404 1000
1884329 405 1000
1884922 406 1000
1887952 407 1000
1890794 408 1000
1891482 409 1000
1894085 410 1000
1894543 411 1000
1895245 412 1000
1896114 413 1000
1896272 414 1000
1896452 415 1000
1896474 416 1000
1897272 417 1000
1898657 418 1000
1899997 419 1000
1901344 420 1000
1902342 421 1000
1902938 422 1000
1903463 423 1000
1903879 424 1000
1904661 425 1000
1904716 426 1000
1908124 427 1000
1909981 428 1000
1910754 429 1000
1911247 430 1000
1911455 431 1000
1912596 432 1000
1913303 433 1000
1914114 434 1000
1915958 435 1000
1916615 436 1000
1918067 437 1000
1919719 438 1000
1920078 439 1000
1921007 440 1000
1922220 441 1000
1923337 442 1000
1925385 443 1000
1926347 444 1000
1927400 445 1000
1929125 446 1000
1930376 447 1000
1931053 448 1000
1931210 449 1000
1931359 450 1000
1932298 451 1000
1933330 452 1000
1933853 453 1000
1934455 454 1000
1935755 455 1000
1938917 456 1000
1939119 457 1000
1939152 458 1000
1939623 459 1000
1939933 460 1000
1940087 461 1000
1941652 462 1000
1944371 463 1000
1945133 464 1000
1945445 465 1000
1947278 466 1000
1948108 467 1000
1949248 468 1000
1952898 469 1000
1953535 470 1000
1955126 471 1000
1956191 472 1000
1960301 473 1000
1961424 474 1000
1961863 475 1000
1962723 476 1000
1963390 477 1000
1964237 478 1000
1965928 479 1000
1966083 480 1000
1967408 481 1000
1969558 482 1000
1969857 483 1000
1970415 484 1000
1971387 485 1000
1972238 486 1000
1973240 487 1000
1973967 488 1000
1974234 489 1000
1974436 490 1000
1974463 491 1000
1974845 492 1000
1978693 493 1000
1979593 494 1000
1980096 495 1000
1980399 496 1000
1982129 497 1000
1982313 498 1000
1982626 499 1000
1983325 500 1000
1985013 501 1000
1985181 502 1000
1985406 503 1000
1986403 504 1000
1987550 505 1000
1987924 506 1000
1988811 507 1000
1989236 508 1000
1989291 509 1000
1989479 510 1000
1990847 511 1000
1990906 512 1000
1991616 513 1000
1992568 514 1000
1992835 515 1000
1993734 516 1000
1993752 517 1000
1994368 518 1000
1994719 519 1000
1994877 520 1000
1997405 521 1000
1999354 522 1000
1999651 523 1000
1999796 524 1000
2000404 525 1000
2002506 526 1000
2003901 527 1000
2004390 528 1000
2005248 529 1000
2005267 530 1000
2006235 531 1000
2006286 532 1000
2006334 533 1000
2006966 534 1000
2012024 535 1000
2012778 536 1000
2013052 537 1000
2013930 538 1000
2014523 539 1000
2016108 540 1000
2016585 541 1000
2017026 542 1000
2017247 543 1000
2017557 544 1000
2018399 545 1000
2018429 546 1000
2019087 547 1000
2019127 548 1000
2019792 549 1000
2020043 550 1000
2022199 551 1000
2023141 552 1000
2025016 553 1000
2025297 554 1000
2026935 555 1000
2027542 556 1000
2027557 557 1000
2028299 558 1000
2028318 559 1000
2032178 560 1000
2032946 561 1000
2032990 562 1000
2033282 563 1000
2033554 564 1000
2034312 565 1000
2034522 566 1000
2035025 567 1000
2035468 568 1000
2036013 569 1000
2036926 570 1000
2037690 571 1000
2037761 572 1000
2038429 573 1000
2039452 574 1000
2039510 575 1000
2039605 576 1000
2039658 577 1000
2039753 578 1000
2041501 579 1000
2043203 580 1000
2044337 581 1000
2045913 582 1000
2046111 583 1000
2046541 584 1000
2046736 585 1000
2047095 586 1000
2047997 587 1000
2048550 588 1000
2052036 589 1000
2052199 590 1000
2052277 591 1000
2053452 592 1000
2055675 593 1000
2056210 594 1000
2057886 595 1000
2058306 596 1000
2060065 597 1000
2060252 598 1000
2061511 599 1000
2063024 600 1000
2063445 601 1000
2063859 602 1000
2065204 603 1000
2066894 604 1000
2068470 605 1000
2068985 606 1000
2069159 607 1000
2070903 608 1000
2072224 609 1000
2072266 610 1000
2072708 611 1000
2073420 612 1000
2073773 613 1000
2074257 614 1000
2075242 615 1000
2075487 616 1000
2076079 617 1000
2077736 618 1000
2078527 619 1000
2079907 620 1000
2080170 621 1000
2080225 622 1000
2081297 623 1000
2082727 624 1000
2085062 625 1000
2085303 626 1000
2085661 627 1000
2085674 628 1000
2086898 629 1000
2086953 630 1000
2087047 631 1000
2087142 632 1000
2089275 633 1000
2089731 634 1000
2089832 635 1000
2090270 636 1000
2091490 637 1000
2092323 638 1000
2092619 639 1000
2092951 640 1000
2093602 641 1000
2093683 642 1000
2094060 643 1000
2094632 644 1000
2095629 645 1000
2097055 646 1000
2097103 647 1000
2097893 648 1000
2098203 649 1000
2098212 650 1000
2098496 651 1000
2098615 652 1000
2098630 653 1000
2100064 654 1000
2100461 655 1000
2104616 656 1000
2104976 657 1000
2105354 658 1000
2106566 659 1000
2108828 660 1000
2109923 661 1000
2111497 662 1000
2111597 663 1000
2111844 664 1000
2112073 665 1000
2112334 666 1000
2113813 667 1000
2114010 668 1000
2114062 669 1000
2114475 670 1000
2114954 671 1000
2119256 672 1000
2120436 673 1000
2123428 674 1000
2124024 675 1000
2124611 676 1000
2124725 677 1000
2125226 678 1000
2125888 679 1000
2126662 680 1000
2127889 681 1000
2128283 682 1000
2129231 683 1000
2130586 684 1000
2131713 685 1000
2134197 686 1000
2135157 687 1000
2135159 688 1000
2135406 689 1000
2136429 690 1000
2138723 691 1000
2139755 692 1000
2140804 693 1000
2141363 694 1000
2141541 695 1000
2141679 696 1000
2142248 697 1000
2143002 698 1000
2143489 699 1000
2144000 700 1000
2146540 701 1000
2146551 702 1000
2147743 703 1000
2148066 704 1000
2149095 705 1000
2150332 706 1000
2150557 707 1000
2150824 708 1000
2151214 709 1000
2151398 710 1000
2151773 711 1000
2153835 712 1000
2155161 713 1000
2155615 714 1000
2156412 715 1000
2157399 716 1000
2157599 717 1000
2159221 718 1000
2160210 719 1000
2160664 720 1000
2161473 721 1000
2161522 722 1000
2161803 723 1000
2162193 724 1000
2163587 725 1000
2163587 726 1000
2163672 727 1000
2165058 728 1000
2165445 729 1000
2166863 730 1000
2168206 731 1000
2168685 732 1000
2168788 733 1000
2169374 734 1000
2169473 735 1000
2169674 736 1000
2170478 737 1000
2170570 738 1000
2170603 739 1000
2173003 740 1000
2173857 741 1000
2173990 742 1000
2174794 743 1000
2175738 744 1000
2175891 745 1000
2176263 746 1000
2176396 747 1000
2177297 748 1000
2177570 749 1000
2178079 750 1000
2179117 751 1000
2180122 752 1000
2180150 753 1000
2180410 754 1000
2180600 755 1000
2181619 756 1000
2182203 757 1000
2182269 758 1000
2183661 759 1000
2183891 760 1000
2184097 761 1000
2184965 762 1000
2185165 763 1000
2186331 764 1000
2186577 765 1000
2186767 766 1000
2187242 767 1000
2187418 768 1000
2187817 769 1000
2187865 770 1000
2188989 771 1000
2189429 772 1000
2191545 773 1000
2192204 774 1000
2193246 775 1000
2194605 776 1000
2194920 777 1000
2195702 778 1000
2195793 779 1000
2195916 780 1000
2196462 781 1000
2196973 782 1000
2197378 783 1000
2197630 784 1000
2198752 785 1000
2199228 786 1000
2200404 787 1000
2200862 788 1000
2200912 789 1000
2203843 790 1000
2204046 791 1000
2204071 792 1000
2205124 793 1000
2205514 794 1000
2205530 795 1000
2205651 796 1000
2207557 797 1000
2207656 798 1000
2207847 799 1000
2208080 800 1000
2208116 801 1000
2208544 802 1000
2209161 803 1000
2211561 804 1000
2212192 805 1000
2212775 806 1000
2213377 807 1000
2214122 808 1000
2214938 809 1000
2216149 810 1000
2216422 811 1000
2217808 812 1000
2218078 813 1000
2218144 814 1000
2218396 815 1000
2218649 816 1000
2220189 817 1000
2220571 818 1000
2223354 819 1000
2223634 820 1000
2226205 821 1000
2226704 822 1000
2227443 823 1000
2227529 824 1000
2227950 825 1000
2228352 826 1000
2229209 827 1000
2229365 828 1000
2229766 829 1000
2231308 830 1000
2233232 831 1000
2233335 832 1000
2233601 833 1000
2235558 834 1000
2235628 835 1000
2236166 836 1000
2237890 837 1000
2238702 838 1000
2239189 839 1000
2241168 840 1000
2241511 841 1000
2244557 842 1000
2244884 843 1000
2245301 844 1000
2245882 845 1000
2246484 846 1000
2247018 847 1000
2247458 848 1000
2249731 849 1000
2249964 850 1000
2250149 851 1000
2250366 852 1000
2251536 853 1000
2251746 854 1000
2251826 855 1000
2252404 856 1000
2254560 857 1000
2256067 858 1000
2256173 859 1000
2256402 860 1000
2256746 861 1000
2257124 862 1000
2258846 863 1000
2259714 864 1000
2260789 865 1000
2261228 866 1000
2262579 867 1000
2262613 868 1000
2265191 869 1000
2268289 870 1000
2271442 871 1000
2271619 872 1000
2271870 873 1000
2272087 874 1000
2272406 875 1000
2273237 876 1000
2273885 877 1000
2275564 878 1000
2276854 879 1000
2276860 880 1000
2277945 881 1000
2278264 882 1000
2278268 883 1000
2278424 884 1000
2279248 885 1000
2280339 886 1000
2280495 887 1000
2281193 888 1000
2281395 889 1000
2282682 890 1000
2284131 891 1000
2284670 892 1000
2284713 893 1000
2284830 894 1000
2284967 895 1000
2285681 896 1000
2286387 897 1000
2287763 898 1000
2288039 899 1000
2288214 900 1000
2288430 901 1000
2289674 902 1000
2290227 903 1000
2291512 904 1000
2291756 905 1000
2292042 906 1000
2292125 907 1000
2294535 908 1000
2297563 909 1000
2298771 910 1000
2298834 911 1000
2300459 912 1000
2300545 913 1000
2301485 914 1000
2303674 915 1000
2303735 916 1000
2304140 917 1000
2304869 918 1000
2305269 919 1000
2307507 920 1000
2308292 921 1000
2308767 922 1000
2309871 923 1000
2310328 924 1000
2310683 925 1000
2310695 926 1000
2310767 927 1000
2310920 928 1000
2314749 929 1000
2314940 930 1000
2315990 931 1000
2316218 932 1000
2317377 933 1000
2317897 934 1000
2318382 935 1000
2320834 936 1000
2322032 937 1000
2322719 938 1000
2323216 939 1000
2323560 940 1000
2324588 941 1000
2325187 942 1000
2326128 943 1000
2326512 944 1000
2326612 945 1000
2327587 946 1000
2328071 947 1000
2328238 948 1000
2328626 949 1000
2328679 950 1000
2331343 951 1000
2331642 952 1000
2332089 953 1000
2334316 954 1000
2334488 955 1000
2334899 956 1000
2335051 957 1000
2336255 958 1000
2338416 959 1000
2338798 960 1000
2339015 961 1000
2340850 962 1000
2340853 963 1000
2341261 964 1000
2341629 965 1000
2343301 966 1000
2343594 967 1000
2343733 968 1000
2344111 969 1000
2344684 970 1000
2345032 971 1000
2345087 972 1000
2345135 973 1000
2345896 974 1000
2351246 975 1000
2351399 976 1000
2353477 977 1000
2353807 978 1000
2354791 979 1000
2355407 980 1000
2356060 981 1000
2356752 982 1000
2356835 983 1000
2358026 984 1000
2358286 985 1000
2359357 986 1000
2360027 987 1000
2361416 988 1000
2361665 989 1000
2362818 990 1000
2364772 991 1000
2366079 992 1000
2367141 993 1000
2367177 994 1000
2367464 995 1000
2368601 996 1000
2368690 997 1000
2371149 998 1000
2371231 999 1000
