# load avg(tp, lat, bwr, bww, cpu, tps, brps, bwps), sd(...), ci(...)
1 1 417.994518477 60.8146204633 185446.133138 168015.16901 2.60518867925 189.194150943 0.0 1514.83726415 1 0.0 0.0 0.0 0.0 0.0 0.0 0.0 0.0 1 0.0 0.0 0.0 0.0 0.0 0.0 0.0 0.0 
2 2 758.823070625 68.4645246647 320012.253101 288033.202741 2.68839622642 194.981132075 0.0 1561.50943396 2 0.0 0.0 0.0 0.0 0.0 0.0 0.0 0.0 2 0.0 0.0 0.0 0.0 0.0 0.0 0.0 0.0 
3 3 1054.69736922 74.830379154 437305.875185 392829.826578 2.69301886792 199.933962264 0.0 1600.52830189 3 0.0 0.0 0.0 0.0 0.0 0.0 0.0 0.0 3 0.0 0.0 0.0 0.0 0.0 0.0 0.0 0.0 
4 4 1364.93938135 79.0384273936 557784.439326 500441.161238 2.68424528302 201.924528302 0.0 1618.79245283 4 0.0 0.0 0.0 0.0 0.0 0.0 0.0 0.0 4 0.0 0.0 0.0 0.0 0.0 0.0 0.0 0.0 
5 5 1674.40512127 80.1246873432 682461.913275 612057.965071 2.74160377358 213.245283019 0.0 1708.83018868 5 0.0 0.0 0.0 0.0 0.0 0.0 0.0 0.0 5 0.0 0.0 0.0 0.0 0.0 0.0 0.0 0.0 
7 7 2332.12407195 82.2390030636 930840.327167 834186.715622 3.33910714286 240.839285714 0.0 1927.21428571 7 0.0 0.0 0.0 0.0 0.0 0.0 0.0 0.0 7 0.0 0.0 0.0 0.0 0.0 0.0 0.0 0.0 
9 9 2958.30053018 84.4919972068 1211577.57984 1084082.68328 3.0979245283 266.490566038 0.0 2134.56603774 9 0.0 0.0 0.0 0.0 0.0 0.0 0.0 0.0 9 0.0 0.0 0.0 0.0 0.0 0.0 0.0 0.0 
11 11 3575.53365033 86.4832298751 1447463.97673 1298612.71622 3.25018867925 291.603773585 0.0 2334.18867925 11 0.0 0.0 0.0 0.0 0.0 0.0 0.0 0.0 11 0.0 0.0 0.0 0.0 0.0 0.0 0.0 0.0 
14 14 4581.22551846 88.1548207932 1865109.00801 1675092.83294 3.58990566038 336.273584906 0.0 2690.56603774 14 0.0 0.0 0.0 0.0 0.0 0.0 0.0 0.0 14 0.0 0.0 0.0 0.0 0.0 0.0 0.0 0.0 
17 17 5963.79010801 82.3998393229 2446337.32756 2196612.43211 4.2158490566 404.679245283 0.0 3237.28301887 17 0.0 0.0 0.0 0.0 0.0 0.0 0.0 0.0 17 0.0 0.0 0.0 0.0 0.0 0.0 0.0 0.0 
21 21 8395.09051767 70.0386940149 3442263.85906 3089814.36802 5.1758490566 523.641509434 0.0 4189.28301887 21 0.0 0.0 0.0 0.0 0.0 0.0 0.0 0.0 21 0.0 0.0 0.0 0.0 0.0 0.0 0.0 0.0 
26 26 10995.8475177 63.3933634893 4492669.82465 4034000.69787 6.1070754717 644.613207547 0.0 5156.22641509 26 0.0 0.0 0.0 0.0 0.0 0.0 0.0 0.0 26 0.0 0.0 0.0 0.0 0.0 0.0 0.0 0.0 
32 32 13485.1313629 62.9074838025 5545163.8217 4968930.64358 7.13377358491 748.971698113 0.0 6018.56603774 32 0.0 0.0 0.0 0.0 0.0 0.0 0.0 0.0 32 0.0 0.0 0.0 0.0 0.0 0.0 0.0 0.0 
39 39 16074.7099703 63.7583247893 6647323.55066 5985815.66157 8.0720754717 756.546415094 0.0 6913.80537736 39 0.0 0.0 0.0 0.0 0.0 0.0 0.0 0.0 39 0.0 0.0 0.0 0.0 0.0 0.0 0.0 0.0 
47 47 18656.851519 66.4045015126 7744401.9999 6978375.9082 8.97726415094 735.537735849 0.0 7791.32075472 47 0.0 0.0 0.0 0.0 0.0 0.0 0.0 0.0 47 0.0 0.0 0.0 0.0 0.0 0.0 0.0 0.0 
57 57 24246.6951489 65.3454881173 9917909.62567 8912369.05259 10.9319811321 795.265188679 0.0 9804.54028302 57 0.0 0.0 0.0 0.0 0.0 0.0 0.0 0.0 57 0.0 0.0 0.0 0.0 0.0 0.0 0.0 0.0 
69 69 51916.0055359 41.9861023535 21513074.2585 19335467.3115 22.0983018868 1637.37783019 0.0 20580.2406604 69 0.0 0.0 0.0 0.0 0.0 0.0 0.0 0.0 69 0.0 0.0 0.0 0.0 0.0 0.0 0.0 0.0 
83 83 54382.22108 46.0540703899 22756512.5608 20403401.1899 22.7780769231 1725.58490566 0.0 21584.6792453 83 0.0 0.0 0.0 0.0 0.0 0.0 0.0 0.0 83 0.0 0.0 0.0 0.0 0.0 0.0 0.0 0.0 
100 100 60063.8900329 48.0593215371 24384186.5555 21846231.9589 23.2928301887 1900.22641509 0.0 23776.9056604 100 0.0 0.0 0.0 0.0 0.0 0.0 0.0 0.0 100 0.0 0.0 0.0 0.0 0.0 0.0 0.0 0.0 
110 110 59047.7150424 52.0245039899 24168783.3371 21660678.3686 22.9883018868 1868.78943396 0.0 23398.3470755 110 0.0 0.0 0.0 0.0 0.0 0.0 0.0 0.0 110 0.0 0.0 0.0 0.0 0.0 0.0 0.0 0.0 
120 120 81150.8232279 45.6996877446 33145852.198 29585339.3648 30.5988461538 2556.64500726 0.0 32051.1776996 120 0.0 0.0 0.0 0.0 0.0 0.0 0.0 0.0 120 0.0 0.0 0.0 0.0 0.0 0.0 0.0 0.0 
130 130 84408.2655454 47.2753222588 33965599.5235 30360008.8857 31.3211538462 2664.38951379 0.0 33296.9332366 130 0.0 0.0 0.0 0.0 0.0 0.0 0.0 0.0 130 0.0 0.0 0.0 0.0 0.0 0.0 0.0 0.0 
140 140 86775.5485772 48.6790653377 34962362.316 31270139.5576 32.535754717 2736.97830189 0.0 34213.8713208 140 0.0 0.0 0.0 0.0 0.0 0.0 0.0 0.0 140 0.0 0.0 0.0 0.0 0.0 0.0 0.0 0.0 
150 150 89603.840886 50.2834882814 36245000.2893 32416737.5442 33.944245283 2829.97584906 0.0 35333.9533019 150 0.0 0.0 0.0 0.0 0.0 0.0 0.0 0.0 150 0.0 0.0 0.0 0.0 0.0 0.0 0.0 0.0 
160 160 92207.9945054 51.3422470373 37710143.3866 33838820.6363 34.7182075472 2910.81566038 0.0 36368.864717 160 0.0 0.0 0.0 0.0 0.0 0.0 0.0 0.0 160 0.0 0.0 0.0 0.0 0.0 0.0 0.0 0.0 
170 170 93955.1566617 53.2669677216 37803381.3971 33771895.7574 34.5572222222 2947.03254545 0.0 36977.456 170 0.0 0.0 0.0 0.0 0.0 0.0 0.0 0.0 170 0.0 0.0 0.0 0.0 0.0 0.0 0.0 0.0 
180 180 97179.5103715 54.1401630021 39593696.4502 35493166.9801 35.7333962264 3051.49773585 0.0 38385.480283 180 0.0 0.0 0.0 0.0 0.0 0.0 0.0 0.0 180 0.0 0.0 0.0 0.0 0.0 0.0 0.0 0.0 
190 190 97315.3731146 57.2762567824 39831577.2759 35712211.3989 36.5081730769 3056.59896226 0.0 38383.4582075 190 0.0 0.0 0.0 0.0 0.0 0.0 0.0 0.0 190 0.0 0.0 0.0 0.0 0.0 0.0 0.0 0.0 
200 200 97833.6773234 60.5850074953 40044265.691 35782088.5943 36.8985576923 3101.77884615 0.0 39083.0 200 0.0 0.0 0.0 0.0 0.0 0.0 0.0 0.0 200 0.0 0.0 0.0 0.0 0.0 0.0 0.0 0.0 
