19341564 0 1000
21968830 1 1000
22433517 2 1000
22726376 3 1000
22955980 4 1000
23108329 5 1000
23271594 6 1000
23385919 7 1000
23531103 8 1000
23661212 9 1000
23752679 10 1000
23846262 11 1000
23932125 12 1000
24005577 13 1000
24079398 14 1000
24148143 15 1000
24232500 16 1000
24317806 17 1000
24401390 18 1000
24461021 19 1000
24524826 20 1000
24591561 21 1000
24642847 22 1000
24718745 23 1000
24785088 24 1000
24838887 25 1000
24907318 26 1000
24975184 27 1000
25021619 28 1000
25069112 29 1000
25124308 30 1000
25175018 31 1000
25220657 32 1000
25269527 33 1000
25312670 34 1000
25363285 35 1000
25422414 36 1000
25461351 37 1000
25495936 38 1000
25536921 39 1000
25597694 40 1000
25644210 41 1000
25694676 42 1000
25738373 43 1000
25770736 44 1000
25809720 45 1000
25853085 46 1000
25896046 47 1000
25951052 48 1000
25991754 49 1000
26035628 50 1000
26069291 51 1000
26100994 52 1000
26142998 53 1000
26182861 54 1000
26228592 55 1000
26263635 56 1000
26310305 57 1000
26346961 58 1000
26378510 59 1000
26412720 60 1000
26440189 61 1000
26478061 62 1000
26515122 63 1000
26550227 64 1000
26583784 65 1000
26618764 66 1000
26650818 67 1000
26683701 68 1000
26716537 69 1000
26748153 70 1000
26780381 71 1000
26813499 72 1000
26847380 73 1000
26877441 74 1000
26909517 75 1000
26935087 76 1000
26966425 77 1000
26996694 78 1000
27027276 79 1000
27055811 80 1000
27082886 81 1000
27120706 82 1000
27150489 83 1000
27185251 84 1000
27211697 85 1000
27235201 86 1000
27264071 87 1000
27285211 88 1000
27313793 89 1000
27333868 90 1000
27359683 91 1000
27383184 92 1000
27400006 93 1000
27417889 94 1000
27434841 95 1000
27464627 96 1000
27494107 97 1000
27523109 98 1000
27551202 99 1000
27569558 100 1000
27590960 101 1000
27610876 102 1000
27635287 103 1000
27656354 104 1000
27677492 105 1000
27698471 106 1000
27722296 107 1000
27744256 108 1000
27762409 109 1000
27783474 110 1000
27806421 111 1000
27833531 112 1000
27857464 113 1000
27884790 114 1000
27907067 115 1000
27924283 116 1000
27938629 117 1000
27954827 118 1000
27975303 119 1000
27998517 120 1000
28017045 121 1000
28036770 122 1000
28060106 123 1000
28085114 124 1000
28111509 125 1000
28131738 126 1000
28146666 127 1000
28166786 128 1000
28184786 129 1000
28208061 130 1000
28224042 131 1000
28239936 132 1000
28259887 133 1000
28280281 134 1000
28301583 135 1000
28327843 136 1000
28347284 137 1000
28372245 138 1000
28394553 139 1000
28412107 140 1000
28439331 141 1000
28464064 142 1000
28484724 143 1000
28507493 144 1000
28530273 145 1000
28548190 146 1000
28570853 147 1000
28593128 148 1000
28611565 149 1000
28631614 150 1000
28649665 151 1000
28668864 152 1000
28688121 153 1000
28709607 154 1000
28737111 155 1000
28759208 156 1000
28782870 157 1000
28805048 158 1000
28826271 159 1000
28849634 160 1000
28871094 161 1000
28888990 162 1000
28911087 163 1000
28930990 164 1000
28947433 165 1000
28968641 166 1000
28987213 167 1000
29007055 168 1000
29026601 169 1000
29043623 170 1000
29067666 171 1000
29090548 172 1000
29114885 173 1000
29133326 174 1000
29158142 175 1000
29182199 176 1000
29202248 177 1000
29219061 178 1000
29240192 179 1000
29260479 180 1000
29286752 181 1000
29306786 182 1000
29327364 183 1000
29347005 184 1000
29362020 185 1000
29379868 186 1000
29400943 187 1000
29419983 188 1000
29438973 189 1000
29456343 190 1000
29476982 191 1000
29490971 192 1000
29507311 193 1000
29527326 194 1000
29540005 195 1000
29557054 196 1000
29580449 197 1000
29598142 198 1000
29618227 199 1000
29638172 200 1000
29657785 201 1000
29673302 202 1000
29692949 203 1000
29716458 204 1000
29735246 205 1000
29756902 206 1000
29777044 207 1000
29796350 208 1000
29822596 209 1000
29845689 210 1000
29871328 211 1000
29893234 212 1000
29915489 213 1000
29929406 214 1000
29951566 215 1000
29972030 216 1000
29984938 217 1000
30005691 218 1000
30026422 219 1000
30045322 220 1000
30062365 221 1000
30079415 222 1000
30098808 223 1000
30114641 224 1000
30131849 225 1000
30150189 226 1000
30166135 227 1000
30182180 228 1000
30195854 229 1000
30212827 230 1000
30225819 231 1000
30242308 232 1000
30259396 233 1000
30276103 234 1000
30292709 235 1000
30310841 236 1000
30326790 237 1000
30341136 238 1000
30360792 239 1000
30379789 240 1000
30397281 241 1000
30419560 242 1000
30441466 243 1000
30457620 244 1000
30473698 245 1000
30489484 246 1000
30504482 247 1000
30521375 248 1000
30538951 249 1000
30558412 250 1000
30574893 251 1000
30589708 252 1000
30602863 253 1000
30620363 254 1000
30635906 255 1000
30654245 256 1000
30668228 257 1000
30687511 258 1000
30705738 259 1000
30717792 260 1000
30734817 261 1000
30751886 262 1000
30771984 263 1000
30789241 264 1000
30806453 265 1000
30825257 266 1000
30842740 267 1000
30859303 268 1000
30875205 269 1000
30891339 270 1000
30906282 271 1000
30922427 272 1000
30935533 273 1000
30953653 274 1000
30970158 275 1000
30982539 276 1000
30998230 277 1000
31015085 278 1000
31027729 279 1000
31040898 280 1000
31057832 281 1000
31074034 282 1000
31089229 283 1000
31110783 284 1000
31126204 285 1000
31142563 286 1000
31163335 287 1000
31182151 288 1000
31200103 289 1000
31215005 290 1000
31235203 291 1000
31251247 292 1000
31268014 293 1000
31282764 294 1000
31299933 295 1000
31317100 296 1000
31330388 297 1000
31346554 298 1000
31363458 299 1000
31380378 300 1000
31397630 301 1000
31415364 302 1000
31434562 303 1000
31449554 304 1000
31468349 305 1000
31483719 306 1000
31504212 307 1000
31525609 308 1000
31545275 309 1000
31560666 310 1000
31582434 311 1000
31600728 312 1000
31618408 313 1000
31638204 314 1000
31654362 315 1000
31670474 316 1000
31689132 317 1000
31706157 318 1000
31721851 319 1000
31738979 320 1000
31756454 321 1000
31771334 322 1000
31789972 323 1000
31806642 324 1000
31820574 325 1000
31839202 326 1000
31852658 327 1000
31867703 328 1000
31884648 329 1000
31895486 330 1000
31909490 331 1000
31924780 332 1000
31936987 333 1000
31951601 334 1000
31967330 335 1000
31982270 336 1000
31997455 337 1000
32013682 338 1000
32027784 339 1000
32043993 340 1000
32058546 341 1000
32072281 342 1000
32088762 343 1000
32101272 344 1000
32116220 345 1000
32132054 346 1000
32148954 347 1000
32163003 348 1000
32179225 349 1000
32191698 350 1000
32207159 351 1000
32222562 352 1000
32238196 353 1000
32254556 354 1000
32273538 355 1000
32293726 356 1000
32306326 357 1000
32323198 358 1000
32338903 359 1000
32352896 360 1000
32366523 361 1000
32378832 362 1000
32391872 363 1000
32408274 364 1000
32422079 365 1000
32434517 366 1000
32447564 367 1000
32459690 368 1000
32472036 369 1000
32487561 370 1000
32502549 371 1000
32516493 372 1000
32532528 373 1000
32549873 374 1000
32572303 375 1000
32591058 376 1000
32605140 377 1000
32623333 378 1000
32642438 379 1000
32657727 380 1000
32674250 381 1000
32687628 382 1000
32711066 383 1000
32725382 384 1000
32742605 385 1000
32755641 386 1000
32766970 387 1000
32780204 388 1000
32797463 389 1000
32815079 390 1000
32826596 391 1000
32841588 392 1000
32858368 393 1000
32870724 394 1000
32885010 395 1000
32903682 396 1000
32918302 397 1000
32932824 398 1000
32948236 399 1000
32967090 400 1000
32981589 401 1000
32995181 402 1000
33013249 403 1000
33028324 404 1000
33047531 405 1000
33062467 406 1000
33079892 407 1000
33094446 408 1000
33108492 409 1000
33122284 410 1000
33138838 411 1000
33159858 412 1000
33173465 413 1000
33187557 414 1000
33206449 415 1000
33221439 416 1000
33234969 417 1000
33249957 418 1000
33272785 419 1000
33290081 420 1000
33307068 421 1000
33321406 422 1000
33332830 423 1000
33348107 424 1000
33362105 425 1000
33374182 426 1000
33391454 427 1000
33407845 428 1000
33425827 429 1000
33443293 430 1000
33461968 431 1000
33478315 432 1000
33496733 433 1000
33512947 434 1000
33529653 435 1000
33547777 436 1000
33567113 437 1000
33583926 438 1000
33607388 439 1000
33623025 440 1000
33644855 441 1000
33665877 442 1000
33676907 443 1000
33693936 444 1000
33713623 445 1000
33728440 446 1000
33740579 447 1000
33757636 448 1000
33774536 449 1000
33790110 450 1000
33806404 451 1000
33824381 452 1000
33840591 453 1000
33860582 454 1000
33877618 455 1000
33890343 456 1000
33909249 457 1000
33925102 458 1000
33942652 459 1000
33956635 460 1000
33973874 461 1000
33993820 462 1000
34011153 463 1000
34027604 464 1000
34046372 465 1000
34066915 466 1000
34085874 467 1000
34102401 468 1000
34116035 469 1000
34129408 470 1000
34146548 471 1000
34159627 472 1000
34174272 473 1000
34193195 474 1000
34208289 475 1000
34226702 476 1000
34246497 477 1000
34264141 478 1000
34280373 479 1000
34298087 480 1000
34315764 481 1000
34330930 482 1000
34350753 483 1000
34364728 484 1000
34377849 485 1000
34390543 486 1000
34411076 487 1000
34426346 488 1000
34444915 489 1000
34459541 490 1000
34476023 491 1000
34494128 492 1000
34513875 493 1000
34532213 494 1000
34548989 495 1000
34566597 496 1000
34584142 497 1000
34595102 498 1000
34615886 499 1000
34629719 500 1000
34646497 501 1000
34665569 502 1000
34680224 503 1000
34696722 504 1000
34712983 505 1000
34729644 506 1000
34744293 507 1000
34759260 508 1000
34777305 509 1000
34793075 510 1000
34813289 511 1000
34828551 512 1000
34844825 513 1000
34860747 514 1000
34878445 515 1000
34895684 516 1000
34921364 517 1000
34937500 518 1000
34951641 519 1000
34970601 520 1000
34991517 521 1000
35004907 522 1000
35021965 523 1000
35041612 524 1000
35058726 525 1000
35072926 526 1000
35088735 527 1000
35105321 528 1000
35122618 529 1000
35137221 530 1000
35155188 531 1000
35176050 532 1000
35194608 533 1000
35209457 534 1000
35232850 535 1000
35248608 536 1000
35263199 537 1000
35279750 538 1000
35296414 539 1000
35313559 540 1000
35336885 541 1000
35354923 542 1000
35374838 543 1000
35390076 544 1000
35405220 545 1000
35423607 546 1000
35440348 547 1000
35461919 548 1000
35480260 549 1000
35496534 550 1000
35516436 551 1000
35536010 552 1000
35551320 553 1000
35566097 554 1000
35584289 555 1000
35602225 556 1000
35627345 557 1000
35642562 558 1000
35664617 559 1000
35686186 560 1000
35706016 561 1000
35722360 562 1000
35738081 563 1000
35758181 564 1000
35777695 565 1000
35796492 566 1000
35816229 567 1000
35833131 568 1000
35849282 569 1000
35864164 570 1000
35884515 571 1000
35903834 572 1000
35922627 573 1000
35939250 574 1000
35958184 575 1000
35975458 576 1000
35989360 577 1000
36007621 578 1000
36026003 579 1000
36042620 580 1000
36059195 581 1000
36075435 582 1000
36089933 583 1000
36111001 584 1000
36126559 585 1000
36143734 586 1000
36162175 587 1000
36181230 588 1000
36195753 589 1000
36213061 590 1000
36228606 591 1000
36242010 592 1000
36257568 593 1000
36278461 594 1000
36297827 595 1000
36318693 596 1000
36337847 597 1000
36353297 598 1000
36374078 599 1000
36395420 600 1000
36411346 601 1000
36427413 602 1000
36443739 603 1000
36460254 604 1000
36479947 605 1000
36500636 606 1000
36523133 607 1000
36543574 608 1000
36557333 609 1000
36570676 610 1000
36593237 611 1000
36614382 612 1000
36631647 613 1000
36650194 614 1000
36679297 615 1000
36701969 616 1000
36719339 617 1000
36737734 618 1000
36756689 619 1000
36780474 620 1000
36800900 621 1000
36818747 622 1000
36837474 623 1000
36855184 624 1000
36874745 625 1000
36894748 626 1000
36917496 627 1000
36934870 628 1000
36957645 629 1000
36977876 630 1000
36998822 631 1000
37017912 632 1000
37039741 633 1000
37061170 634 1000
37079026 635 1000
37100478 636 1000
37119486 637 1000
37142394 638 1000
37169564 639 1000
37195652 640 1000
37218017 641 1000
37241352 642 1000
37261373 643 1000
37286313 644 1000
37307506 645 1000
37328673 646 1000
37355926 647 1000
37382314 648 1000
37403865 649 1000
37427628 650 1000
37446087 651 1000
37467302 652 1000
37485464 653 1000
37511299 654 1000
37534321 655 1000
37558275 656 1000
37576023 657 1000
37593017 658 1000
37615209 659 1000
37636639 660 1000
37659255 661 1000
37674447 662 1000
37697527 663 1000
37720431 664 1000
37735769 665 1000
37755803 666 1000
37779383 667 1000
37799708 668 1000
37816802 669 1000
37838889 670 1000
37859297 671 1000
37881421 672 1000
37900668 673 1000
37921666 674 1000
37948486 675 1000
37974526 676 1000
37999364 677 1000
38023445 678 1000
38047164 679 1000
38075506 680 1000
38099613 681 1000
38119168 682 1000
38148461 683 1000
38177203 684 1000
38206010 685 1000
38228146 686 1000
38253869 687 1000
38279481 688 1000
38301818 689 1000
38329565 690 1000
38354637 691 1000
38385149 692 1000
38416736 693 1000
38444603 694 1000
38471887 695 1000
38501566 696 1000
38530775 697 1000
38555878 698 1000
38580776 699 1000
38609336 700 1000
38637279 701 1000
38663743 702 1000
38692063 703 1000
38725559 704 1000
38751992 705 1000
38780074 706 1000
38807391 707 1000
38834604 708 1000
38862575 709 1000
38892181 710 1000
38923512 711 1000
38956243 712 1000
38988506 713 1000
39014554 714 1000
39042704 715 1000
39065134 716 1000
39094969 717 1000
39125351 718 1000
39153040 719 1000
39190424 720 1000
39217574 721 1000
39244616 722 1000
39274777 723 1000
39319403 724 1000
39349442 725 1000
39371079 726 1000
39398870 727 1000
39433564 728 1000
39474253 729 1000
39506262 730 1000
39531215 731 1000
39560618 732 1000
39591903 733 1000
39628259 734 1000
39661579 735 1000
39689869 736 1000
39719451 737 1000
39753089 738 1000
39778724 739 1000
39808049 740 1000
39835023 741 1000
39869617 742 1000
39899085 743 1000
39931745 744 1000
39963301 745 1000
39995926 746 1000
40028913 747 1000
40059391 748 1000
40096751 749 1000
40130594 750 1000
40169423 751 1000
40203659 752 1000
40229222 753 1000
40260983 754 1000
40290857 755 1000
40316444 756 1000
40342672 757 1000
40370643 758 1000
40395828 759 1000
40426749 760 1000
40463246 761 1000
40502861 762 1000
40538731 763 1000
40571662 764 1000
40605480 765 1000
40648558 766 1000
40675344 767 1000
40715863 768 1000
40749255 769 1000
40782257 770 1000
40810835 771 1000
40844692 772 1000
40882140 773 1000
40919111 774 1000
40956126 775 1000
41000717 776 1000
41038399 777 1000
41075300 778 1000
41110011 779 1000
41145083 780 1000
41185320 781 1000
41222622 782 1000
41249870 783 1000
41281098 784 1000
41318912 785 1000
41355080 786 1000
41391450 787 1000
41423987 788 1000
41465167 789 1000
41496469 790 1000
41523618 791 1000
41557134 792 1000
41591607 793 1000
41633266 794 1000
41653967 795 1000
41687496 796 1000
41720600 797 1000
41759528 798 1000
41794107 799 1000
41827338 800 1000
41863877 801 1000
41892520 802 1000
41927137 803 1000
41957963 804 1000
41987674 805 1000
42022078 806 1000
42062135 807 1000
42102900 808 1000
42145396 809 1000
42186179 810 1000
42222717 811 1000
42255390 812 1000
42292527 813 1000
42323131 814 1000
42360645 815 1000
42408369 816 1000
42441444 817 1000
42472447 818 1000
42498602 819 1000
42528818 820 1000
42553603 821 1000
42590387 822 1000
42628298 823 1000
42665075 824 1000
42711947 825 1000
42766027 826 1000
42814698 827 1000
42847955 828 1000
42893671 829 1000
42930762 830 1000
42987466 831 1000
43034712 832 1000
43079909 833 1000
43133038 834 1000
43186067 835 1000
43241837 836 1000
43290738 837 1000
43335452 838 1000
43393996 839 1000
43437432 840 1000
43485507 841 1000
43552626 842 1000
43599462 843 1000
43643917 844 1000
43695632 845 1000
43740994 846 1000
43788260 847 1000
43841159 848 1000
43891376 849 1000
43937954 850 1000
43979436 851 1000
44035528 852 1000
44105006 853 1000
44154674 854 1000
44212052 855 1000
44279518 856 1000
44344012 857 1000
44405465 858 1000
44475307 859 1000
44537220 860 1000
44601106 861 1000
44652135 862 1000
44707299 863 1000
44762561 864 1000
44813362 865 1000
44877690 866 1000
44936406 867 1000
45017806 868 1000
45079034 869 1000
45158763 870 1000
45231162 871 1000
45313842 872 1000
45399539 873 1000
45479722 874 1000
45540287 875 1000
45617187 876 1000
45724239 877 1000
45809111 878 1000
45899169 879 1000
45989333 880 1000
46056652 881 1000
46133430 882 1000
46226874 883 1000
46326762 884 1000
46401892 885 1000
46479916 886 1000
46565271 887 1000
46659392 888 1000
46735846 889 1000
46847670 890 1000
46945799 891 1000
47028211 892 1000
47093565 893 1000
47221763 894 1000
47388264 895 1000
47535581 896 1000
47656925 897 1000
47765236 898 1000
47860386 899 1000
47967719 900 1000
48089634 901 1000
48165722 902 1000
48297333 903 1000
48460061 904 1000
48591546 905 1000
48744934 906 1000
48916001 907 1000
49103392 908 1000
49225022 909 1000
49371590 910 1000
49534710 911 1000
49704868 912 1000
49899252 913 1000
50098294 914 1000
50328240 915 1000
50556363 916 1000
50804084 917 1000
51042284 918 1000
51215515 919 1000
51537749 920 1000
51804640 921 1000
52040315 922 1000
52323658 923 1000
52622761 924 1000
52810763 925 1000
53109897 926 1000
53334698 927 1000
53641702 928 1000
53931882 929 1000
54370321 930 1000
54658913 931 1000
54864493 932 1000
55105382 933 1000
55345465 934 1000
55845942 935 1000
56318186 936 1000
56651589 937 1000
57233859 938 1000
57783337 939 1000
58276582 940 1000
58833122 941 1000
59345549 942 1000
59844016 943 1000
60366509 944 1000
61038243 945 1000
62077033 946 1000
62815166 947 1000
63506109 948 1000
64202854 949 1000
64807620 950 1000
65587186 951 1000
66320837 952 1000
67094994 953 1000
67987245 954 1000
69131004 955 1000
69972780 956 1000
71389697 957 1000
73004787 958 1000
75164099 959 1000
77695280 960 1000
81123402 961 1000
86088524 962 1000
90100015 963 1000
93361324 964 1000
95958774 965 1000
99256121 966 1000
101626330 967 1000
102761543 968 1000
104877687 969 1000
106981225 970 1000
108792220 971 1000
116909363 972 1000
119240474 973 1000
126384518 974 1000
128291148 975 1000
133037214 976 1000
140011615 977 1000
157862718 978 1000
166877715 979 1000
168142456 980 1000
173822109 981 1000
175875908 982 1000
193092573 983 1000
201679688 984 1000
216518980 985 1000
235660181 986 1000
242931737 987 1000
243546390 988 1000
244458419 989 1000
247194880 990 1000
258235803 991 1000
262521598 992 1000
271824551 993 1000
277743380 994 1000
279841969 995 1000
283066731 996 1000
285967801 997 1000
300418602 998 1000
301686712 999 1000
