25064905 0 1000
28218894 1 1000
28890136 2 1000
29230225 3 1000
29575576 4 1000
29921670 5 1000
30210185 6 1000
30482759 7 1000
30744582 8 1000
30998291 9 1000
31261515 10 1000
31492452 11 1000
31713841 12 1000
31913691 13 1000
32125634 14 1000
32315030 15 1000
32505359 16 1000
32679813 17 1000
32830488 18 1000
32979464 19 1000
33118589 20 1000
33253424 21 1000
33418055 22 1000
33578549 23 1000
33731444 24 1000
33895918 25 1000
34023777 26 1000
34153678 27 1000
34263998 28 1000
34383354 29 1000
34481002 30 1000
34574188 31 1000
34666343 32 1000
34763047 33 1000
34842434 34 1000
34932436 35 1000
35010975 36 1000
35092487 37 1000
35169173 38 1000
35242147 39 1000
35308323 40 1000
35380156 41 1000
35453527 42 1000
35529325 43 1000
35592527 44 1000
35655237 45 1000
35712283 46 1000
35775011 47 1000
35832028 48 1000
35889209 49 1000
35946082 50 1000
35998642 51 1000
36045085 52 1000
36089309 53 1000
36133184 54 1000
36184566 55 1000
36232923 56 1000
36280363 57 1000
36329318 58 1000
36376046 59 1000
36423903 60 1000
36467281 61 1000
36504455 62 1000
36538352 63 1000
36578149 64 1000
36618218 65 1000
36656348 66 1000
36696919 67 1000
36734057 68 1000
36770234 69 1000
36805074 70 1000
36837709 71 1000
36870909 72 1000
36898846 73 1000
36925719 74 1000
36959499 75 1000
36994109 76 1000
37028627 77 1000
37057125 78 1000
37087582 79 1000
37114581 80 1000
37141379 81 1000
37172202 82 1000
37200086 83 1000
37226150 84 1000
37250619 85 1000
37279065 86 1000
37307703 87 1000
37331694 88 1000
37355520 89 1000
37383198 90 1000
37406720 91 1000
37431846 92 1000
37456018 93 1000
37481398 94 1000
37506758 95 1000
37531942 96 1000
37554292 97 1000
37579118 98 1000
37603185 99 1000
37626639 100 1000
37646199 101 1000
37665454 102 1000
37687573 103 1000
37707545 104 1000
37729909 105 1000
37748891 106 1000
37769471 107 1000
37790791 108 1000
37811409 109 1000
37830855 110 1000
37850800 111 1000
37867658 112 1000
37887425 113 1000
37906917 114 1000
37925779 115 1000
37943185 116 1000
37962581 117 1000
37980525 118 1000
38000150 119 1000
38019381 120 1000
38036736 121 1000
38054206 122 1000
38073086 123 1000
38092208 124 1000
38111267 125 1000
38130283 126 1000
38148304 127 1000
38166367 128 1000
38184764 129 1000
38204630 130 1000
38220718 131 1000
38239112 132 1000
38256335 133 1000
38275464 134 1000
38291888 135 1000
38310007 136 1000
38330157 137 1000
38345708 138 1000
38363217 139 1000
38379394 140 1000
38395263 141 1000
38410228 142 1000
38427359 143 1000
38443193 144 1000
38459701 145 1000
38477568 146 1000
38493730 147 1000
38509816 148 1000
38525703 149 1000
38541497 150 1000
38557921 151 1000
38574345 152 1000
38588701 153 1000
38604035 154 1000
38620557 155 1000
38635565 156 1000
38652331 157 1000
38667531 158 1000
38681735 159 1000
38698108 160 1000
38713072 161 1000
38726302 162 1000
38740827 163 1000
38753617 164 1000
38767374 165 1000
38782055 166 1000
38795807 167 1000
38808834 168 1000
38819628 169 1000
38832230 170 1000
38844216 171 1000
38857243 172 1000
38869997 173 1000
38882961 174 1000
38895937 175 1000
38909205 176 1000
38921216 177 1000
38934298 178 1000
38947486 179 1000
38962298 180 1000
38975251 181 1000
38988094 182 1000
39000946 183 1000
39014149 184 1000
39026717 185 1000
39038727 186 1000
39050531 187 1000
39061718 188 1000
39074722 189 1000
39085861 190 1000
39097773 191 1000
39108821 192 1000
39120928 193 1000
39131451 194 1000
39143909 195 1000
39154570 196 1000
39167028 197 1000
39178811 198 1000
39189077 199 1000
39200997 200 1000
39213591 201 1000
39226233 202 1000
39238622 203 1000
39250350 204 1000
39261762 205 1000
39273796 206 1000
39284598 207 1000
39295957 208 1000
39307897 209 1000
39319639 210 1000
39331739 211 1000
39343232 212 1000
39354748 213 1000
39364928 214 1000
39374885 215 1000
39386904 216 1000
39397295 217 1000
39407163 218 1000
39418760 219 1000
39430768 220 1000
39440451 221 1000
39451620 222 1000
39461908 223 1000
39472297 224 1000
39483646 225 1000
39494985 226 1000
39506231 227 1000
39518484 228 1000
39530850 229 1000
39542165 230 1000
39552386 231 1000
39562917 232 1000
39573811 233 1000
39585367 234 1000
39596805 235 1000
39608142 236 1000
39621258 237 1000
39632619 238 1000
39643877 239 1000
39654862 240 1000
39665295 241 1000
39677759 242 1000
39689587 243 1000
39701548 244 1000
39713470 245 1000
39724309 246 1000
39735671 247 1000
39747536 248 1000
39759141 249 1000
39770495 250 1000
39782514 251 1000
39795391 252 1000
39806102 253 1000
39817904 254 1000
39830705 255 1000
39846138 256 1000
39857830 257 1000
39869454 258 1000
39881832 259 1000
39893550 260 1000
39906198 261 1000
39918125 262 1000
39930451 263 1000
39943253 264 1000
39957119 265 1000
39971064 266 1000
39984055 267 1000
39996365 268 1000
40008781 269 1000
40021556 270 1000
40035895 271 1000
40048945 272 1000
40062569 273 1000
40075537 274 1000
40089936 275 1000
40101986 276 1000
40114978 277 1000
40128132 278 1000
40141548 279 1000
40153621 280 1000
40165804 281 1000
40178701 282 1000
40191062 283 1000
40204282 284 1000
40218645 285 1000
40233398 286 1000
40247717 287 1000
40261685 288 1000
40276968 289 1000
40290344 290 1000
40304091 291 1000
40317985 292 1000
40334136 293 1000
40348324 294 1000
40362029 295 1000
40376643 296 1000
40390460 297 1000
40406784 298 1000
40421447 299 1000
40436207 300 1000
40450599 301 1000
40464919 302 1000
40478391 303 1000
40492356 304 1000
40505847 305 1000
40520373 306 1000
40535452 307 1000
40549476 308 1000
40564689 309 1000
40578163 310 1000
40592530 311 1000
40609034 312 1000
40625253 313 1000
40640859 314 1000
40656602 315 1000
40672084 316 1000
40687214 317 1000
40703768 318 1000
40721970 319 1000
40739653 320 1000
40757025 321 1000
40773926 322 1000
40792448 323 1000
40811276 324 1000
40828310 325 1000
40844757 326 1000
40862309 327 1000
40880800 328 1000
40895958 329 1000
40912490 330 1000
40929203 331 1000
40944575 332 1000
40961775 333 1000
40979381 334 1000
40995200 335 1000
41014457 336 1000
41034050 337 1000
41051841 338 1000
41067148 339 1000
41084805 340 1000
41101311 341 1000
41119620 342 1000
41137816 343 1000
41154392 344 1000
41170388 345 1000
41188484 346 1000
41208280 347 1000
41223964 348 1000
41241844 349 1000
41259400 350 1000
41277497 351 1000
41296452 352 1000
41316173 353 1000
41335604 354 1000
41354378 355 1000
41374630 356 1000
41393024 357 1000
41413207 358 1000
41431988 359 1000
41453814 360 1000
41478039 361 1000
41497158 362 1000
41518155 363 1000
41539401 364 1000
41561274 365 1000
41580926 366 1000
41598748 367 1000
41618163 368 1000
41637932 369 1000
41658509 370 1000
41678216 371 1000
41699739 372 1000
41720492 373 1000
41743286 374 1000
41763460 375 1000
41784097 376 1000
41805475 377 1000
41826307 378 1000
41846126 379 1000
41868002 380 1000
41887608 381 1000
41908564 382 1000
41928058 383 1000
41948467 384 1000
41970332 385 1000
41993058 386 1000
42015486 387 1000
42036481 388 1000
42057681 389 1000
42081625 390 1000
42103911 391 1000
42123342 392 1000
42148518 393 1000
42169656 394 1000
42193006 395 1000
42214124 396 1000
42238240 397 1000
42258586 398 1000
42278835 399 1000
42301368 400 1000
42324463 401 1000
42348074 402 1000
42373097 403 1000
42397397 404 1000
42420707 405 1000
42445574 406 1000
42470031 407 1000
42496729 408 1000
42521276 409 1000
42543814 410 1000
42569628 411 1000
42595182 412 1000
42620504 413 1000
42645755 414 1000
42669589 415 1000
42695100 416 1000
42718217 417 1000
42744699 418 1000
42774230 419 1000
42796253 420 1000
42824020 421 1000
42848450 422 1000
42875624 423 1000
42902450 424 1000
42928533 425 1000
42953779 426 1000
42980058 427 1000
43008711 428 1000
43034034 429 1000
43064897 430 1000
43091367 431 1000
43116842 432 1000
43143060 433 1000
43171763 434 1000
43200097 435 1000
43231318 436 1000
43260244 437 1000
43285088 438 1000
43312186 439 1000
43339625 440 1000
43367330 441 1000
43396459 442 1000
43425591 443 1000
43454993 444 1000
43487271 445 1000
43517614 446 1000
43546472 447 1000
43575174 448 1000
43610602 449 1000
43635666 450 1000
43664663 451 1000
43693965 452 1000
43725952 453 1000
43755492 454 1000
43785701 455 1000
43816682 456 1000
43846051 457 1000
43874671 458 1000
43902231 459 1000
43938240 460 1000
43969452 461 1000
44003528 462 1000
44037636 463 1000
44071535 464 1000
44104058 465 1000
44134254 466 1000
44167310 467 1000
44199187 468 1000
44232450 469 1000
44268896 470 1000
44301836 471 1000
44334149 472 1000
44367242 473 1000
44398670 474 1000
44433065 475 1000
44468791 476 1000
44503878 477 1000
44539806 478 1000
44575023 479 1000
44605668 480 1000
44642296 481 1000
44675712 482 1000
44710585 483 1000
44742553 484 1000
44774510 485 1000
44806708 486 1000
44839354 487 1000
44875264 488 1000
44914289 489 1000
44949332 490 1000
44991111 491 1000
45026827 492 1000
45061696 493 1000
45102482 494 1000
45139400 495 1000
45174433 496 1000
45211108 497 1000
45249314 498 1000
45286465 499 1000
45317415 500 1000
45350839 501 1000
45389137 502 1000
45423029 503 1000
45458467 504 1000
45502291 505 1000
45544138 506 1000
45587840 507 1000
45626302 508 1000
45675689 509 1000
45715345 510 1000
45748164 511 1000
45785343 512 1000
45822395 513 1000
45862322 514 1000
45897068 515 1000
45939286 516 1000
45979174 517 1000
46017244 518 1000
46057863 519 1000
46100732 520 1000
46137813 521 1000
46177236 522 1000
46222634 523 1000
46268826 524 1000
46310906 525 1000
46354297 526 1000
46396897 527 1000
46444783 528 1000
46486344 529 1000
46531683 530 1000
46571965 531 1000
46613573 532 1000
46652881 533 1000
46694209 534 1000
46734701 535 1000
46776165 536 1000
46811241 537 1000
46848821 538 1000
46889269 539 1000
46931756 540 1000
46973908 541 1000
47012354 542 1000
47056176 543 1000
47095854 544 1000
47140551 545 1000
47181143 546 1000
47224569 547 1000
47272065 548 1000
47325344 549 1000
47374244 550 1000
47430428 551 1000
47477491 552 1000
47523844 553 1000
47575400 554 1000
47623460 555 1000
47672140 556 1000
47725395 557 1000
47773192 558 1000
47828918 559 1000
47885578 560 1000
47937374 561 1000
47991763 562 1000
48051473 563 1000
48118316 564 1000
48188322 565 1000
48255263 566 1000
48312846 567 1000
48367173 568 1000
48430933 569 1000
48488840 570 1000
48552601 571 1000
48607346 572 1000
48663800 573 1000
48726331 574 1000
48789959 575 1000
48852338 576 1000
48917617 577 1000
48988766 578 1000
49053706 579 1000
49117373 580 1000
49179071 581 1000
49247730 582 1000
49309436 583 1000
49384237 584 1000
49452588 585 1000
49515536 586 1000
49579413 587 1000
49651372 588 1000
49714755 589 1000
49772787 590 1000
49843401 591 1000
49912829 592 1000
49978270 593 1000
50041084 594 1000
50103045 595 1000
50171859 596 1000
50240509 597 1000
50306773 598 1000
50374846 599 1000
50446942 600 1000
50511434 601 1000
50598502 602 1000
50670360 603 1000
50747704 604 1000
50820257 605 1000
50892329 606 1000
50954000 607 1000
51027552 608 1000
51096459 609 1000
51159273 610 1000
51218940 611 1000
51279387 612 1000
51348218 613 1000
51419161 614 1000
51498199 615 1000
51567448 616 1000
51644812 617 1000
51720254 618 1000
51792242 619 1000
51872830 620 1000
51955447 621 1000
52028433 622 1000
52094526 623 1000
52172547 624 1000
52243395 625 1000
52314430 626 1000
52379907 627 1000
52445128 628 1000
52513906 629 1000
52586219 630 1000
52663027 631 1000
52724899 632 1000
52809283 633 1000
52877432 634 1000
52957283 635 1000
53039771 636 1000
53112199 637 1000
53192036 638 1000
53269813 639 1000
53361571 640 1000
53448026 641 1000
53542644 642 1000
53629282 643 1000
53711013 644 1000
53784781 645 1000
53857487 646 1000
53929182 647 1000
54005829 648 1000
54081361 649 1000
54142013 650 1000
54203431 651 1000
54271652 652 1000
54336832 653 1000
54409850 654 1000
54474283 655 1000
54549921 656 1000
54618718 657 1000
54682131 658 1000
54757202 659 1000
54827060 660 1000
54900853 661 1000
54977334 662 1000
55053105 663 1000
55128798 664 1000
55196365 665 1000
55264879 666 1000
55332572 667 1000
55403868 668 1000
55477769 669 1000
55554654 670 1000
55630534 671 1000
55702719 672 1000
55780380 673 1000
55848762 674 1000
55911918 675 1000
55970040 676 1000
56036635 677 1000
56107210 678 1000
56174152 679 1000
56247857 680 1000
56317177 681 1000
56383001 682 1000
56466993 683 1000
56535617 684 1000
56612828 685 1000
56686866 686 1000
56766896 687 1000
56849352 688 1000
56932817 689 1000
57017331 690 1000
57096117 691 1000
57174454 692 1000
57250713 693 1000
57323638 694 1000
57403290 695 1000
57485013 696 1000
57555826 697 1000
57640851 698 1000
57720869 699 1000
57791824 700 1000
57875629 701 1000
57964983 702 1000
58048961 703 1000
58140324 704 1000
58232826 705 1000
58308536 706 1000
58408188 707 1000
58498884 708 1000
58588928 709 1000
58687385 710 1000
58774926 711 1000
58853262 712 1000
58932746 713 1000
59038985 714 1000
59123169 715 1000
59207024 716 1000
59286345 717 1000
59371682 718 1000
59460335 719 1000
59542773 720 1000
59625514 721 1000
59707620 722 1000
59802815 723 1000
59881362 724 1000
59965459 725 1000
60036616 726 1000
60106704 727 1000
60185783 728 1000
60259395 729 1000
60324361 730 1000
60395407 731 1000
60461021 732 1000
60525971 733 1000
60595577 734 1000
60666415 735 1000
60736303 736 1000
60800576 737 1000
60870149 738 1000
60936509 739 1000
61007605 740 1000
61084979 741 1000
61159938 742 1000
61233989 743 1000
61304680 744 1000
61374371 745 1000
61451754 746 1000
61527840 747 1000
61591539 748 1000
61650231 749 1000
61716310 750 1000
61791646 751 1000
61857608 752 1000
61924114 753 1000
61989422 754 1000
62050040 755 1000
62106137 756 1000
62168340 757 1000
62234003 758 1000
62302082 759 1000
62370832 760 1000
62445243 761 1000
62529092 762 1000
62595840 763 1000
62658609 764 1000
62723570 765 1000
62788209 766 1000
62858485 767 1000
62925940 768 1000
63001593 769 1000
63079523 770 1000
63170674 771 1000
63264119 772 1000
63369933 773 1000
63469934 774 1000
63573105 775 1000
63675642 776 1000
63797619 777 1000
63911383 778 1000
64027038 779 1000
64154870 780 1000
64274087 781 1000
64386964 782 1000
64543837 783 1000
64721066 784 1000
64898288 785 1000
65093491 786 1000
65299483 787 1000
65511953 788 1000
65748972 789 1000
66073173 790 1000
66371684 791 1000
66806734 792 1000
67323882 793 1000
67912483 794 1000
68496623 795 1000
69202349 796 1000
69920899 797 1000
70600738 798 1000
71237932 799 1000
71851238 800 1000
72223932 801 1000
72630626 802 1000
73124024 803 1000
73650333 804 1000
74025908 805 1000
74455232 806 1000
74792790 807 1000
75066370 808 1000
75300287 809 1000
75560245 810 1000
75813241 811 1000
76015012 812 1000
76191931 813 1000
76342098 814 1000
76479501 815 1000
76625331 816 1000
76761677 817 1000
76863834 818 1000
76948498 819 1000
77039930 820 1000
77112727 821 1000
77188405 822 1000
77246733 823 1000
77317991 824 1000
77382646 825 1000
77445695 826 1000
77506247 827 1000
77559889 828 1000
77607059 829 1000
77656713 830 1000
77702977 831 1000
77749557 832 1000
77798546 833 1000
77845236 834 1000
77885846 835 1000
77930953 836 1000
77975774 837 1000
78018850 838 1000
78060062 839 1000
78095067 840 1000
78132751 841 1000
78174026 842 1000
78216353 843 1000
78252740 844 1000
78289536 845 1000
78325321 846 1000
78359422 847 1000
78392849 848 1000
78427769 849 1000
78458128 850 1000
78491333 851 1000
78520440 852 1000
78552715 853 1000
78579815 854 1000
78608959 855 1000
78638559 856 1000
78663495 857 1000
78691422 858 1000
78718082 859 1000
78742052 860 1000
78769395 861 1000
78795535 862 1000
78820211 863 1000
78846989 864 1000
78870800 865 1000
78894151 866 1000
78916495 867 1000
78941258 868 1000
78962606 869 1000
78986981 870 1000
79007968 871 1000
79027498 872 1000
79048821 873 1000
79068280 874 1000
79084652 875 1000
79106116 876 1000
79128347 877 1000
79147814 878 1000
79166128 879 1000
79183843 880 1000
79203354 881 1000
79221124 882 1000
79239841 883 1000
79257975 884 1000
79274444 885 1000
79295912 886 1000
79313645 887 1000
79330176 888 1000
79345833 889 1000
79363599 890 1000
79380529 891 1000
79400160 892 1000
79420030 893 1000
79439854 894 1000
79459679 895 1000
79481184 896 1000
79499081 897 1000
79521012 898 1000
79542039 899 1000
79563716 900 1000
79585412 901 1000
79607426 902 1000
79632760 903 1000
79658016 904 1000
79687266 905 1000
79717138 906 1000
79748413 907 1000
79782106 908 1000
79813640 909 1000
79849162 910 1000
79885904 911 1000
79924403 912 1000
79957736 913 1000
79998168 914 1000
80036569 915 1000
80072063 916 1000
80105930 917 1000
80150872 918 1000
80190969 919 1000
80228327 920 1000
80265213 921 1000
80305108 922 1000
80345574 923 1000
80387139 924 1000
80430223 925 1000
80474612 926 1000
80518974 927 1000
80569206 928 1000
80620415 929 1000
80672024 930 1000
80739780 931 1000
80803658 932 1000
80870902 933 1000
80937810 934 1000
81015237 935 1000
81098402 936 1000
81188253 937 1000
81287304 938 1000
81372766 939 1000
81469139 940 1000
81580844 941 1000
81708774 942 1000
81850506 943 1000
82082972 944 1000
82335835 945 1000
82718110 946 1000
83157918 947 1000
83829370 948 1000
84479012 949 1000
85360551 950 1000
86431562 951 1000
87783047 952 1000
89281213 953 1000
90598821 954 1000
92328372 955 1000
93690187 956 1000
95312977 957 1000
98051838 958 1000
100681921 959 1000
103132776 960 1000
105005907 961 1000
106505320 962 1000
107957406 963 1000
109847522 964 1000
111624832 965 1000
114531576 966 1000
117182870 967 1000
119096036 968 1000
119739260 969 1000
121856145 970 1000
124129869 971 1000
130335303 972 1000
133079183 973 1000
138686766 974 1000
141805278 975 1000
144822735 976 1000
152883375 977 1000
170835680 978 1000
177122420 979 1000
187152696 980 1000
195000452 981 1000
197003507 982 1000
209508746 983 1000
224395095 984 1000
228092753 985 1000
236500139 986 1000
249377804 987 1000
262071814 988 1000
279820666 989 1000
285054584 990 1000
296874511 991 1000
303619890 992 1000
313807103 993 1000
320642030 994 1000
334017602 995 1000
343371242 996 1000
377633753 997 1000
402446415 998 1000
411545055 999 1000
