# load avg(tp, lat, bwr, bww, cpu, tps, brps, bwps), sd(...), ci(...)
10 10 3465.64086895 81.2329399962 502877.67168 400532.241918 2.37639150943 91.559537037 0.0 732.846648148 10 0.0 0.0 0.0 0.0 0.0 0.0 0.0 0.0 10 0.0 0.0 0.0 0.0 0.0 0.0 0.0 0.0 
12 12 4152.29724482 83.7009803411 565100.748165 442094.342097 2.46115566038 92.7509433962 0.0 742.339622642 12 0.0 0.0 0.0 0.0 0.0 0.0 0.0 0.0 12 0.0 0.0 0.0 0.0 0.0 0.0 0.0 0.0 
15 15 5168.68966051 81.2543463409 714554.885055 560637.936053 2.42344339623 102.305256464 0.0 818.41409993 15 0.0 0.0 0.0 0.0 0.0 0.0 0.0 0.0 15 0.0 0.0 0.0 0.0 0.0 0.0 0.0 0.0 
18 18 6141.78929537 83.0990888271 865939.139651 683265.362108 2.72299528302 111.442240741 0.0 892.441666667 18 0.0 0.0 0.0 0.0 0.0 0.0 0.0 0.0 18 0.0 0.0 0.0 0.0 0.0 0.0 0.0 0.0 
22 22 7377.23389168 82.2657749202 1019871.06805 802308.151038 2.81827830189 119.687245283 0.0 957.769773585 22 0.0 0.0 0.0 0.0 0.0 0.0 0.0 0.0 22 0.0 0.0 0.0 0.0 0.0 0.0 0.0 0.0 
27 27 9081.66645672 85.5518299926 1252164.28953 982056.543718 2.9879009434 132.651679245 0.0 1060.91149057 27 0.0 0.0 0.0 0.0 0.0 0.0 0.0 0.0 27 0.0 0.0 0.0 0.0 0.0 0.0 0.0 0.0 
33 33 11204.7388786 84.3990197679 1569831.144 1234957.09555 3.36469521045 153.096603774 0.0 1225.73883019 33 0.0 0.0 0.0 0.0 0.0 0.0 0.0 0.0 33 0.0 0.0 0.0 0.0 0.0 0.0 0.0 0.0 
41 41 14635.2922566 78.5966539095 2041173.53795 1609660.79953 3.73676886792 185.711320755 0.0 1486.53584906 41 0.0 0.0 0.0 0.0 0.0 0.0 0.0 0.0 41 0.0 0.0 0.0 0.0 0.0 0.0 0.0 0.0 
51 51 18564.0864391 75.1169897431 2628453.14327 2077849.20113 4.41560096154 222.848222061 0.0 1782.87721335 51 0.0 0.0 0.0 0.0 0.0 0.0 0.0 0.0 51 0.0 0.0 0.0 0.0 0.0 0.0 0.0 0.0 
63 63 23930.251901 69.904268459 3358554.30383 2643264.53921 4.68270408163 258.665408163 0.0 2069.6987551 63 0.0 0.0 0.0 0.0 0.0 0.0 0.0 0.0 63 0.0 0.0 0.0 0.0 0.0 0.0 0.0 0.0 
78 78 27442.4179631 75.4880410697 3897556.24818 3074765.49459 5.09573979592 264.952504082 0.0 2316.56658163 78 0.0 0.0 0.0 0.0 0.0 0.0 0.0 0.0 78 0.0 0.0 0.0 0.0 0.0 0.0 0.0 0.0 
97 97 35113.9972457 73.0631663597 4920651.11212 3863263.04544 6.11038265306 268.014244898 0.0 2732.20479592 97 0.0 0.0 0.0 0.0 0.0 0.0 0.0 0.0 97 0.0 0.0 0.0 0.0 0.0 0.0 0.0 0.0 
120 120 41911.1704296 75.9871965292 5842882.33129 4586616.43435 6.98076530612 260.175163265 0.0 3107.25108163 120 0.0 0.0 0.0 0.0 0.0 0.0 0.0 0.0 120 0.0 0.0 0.0 0.0 0.0 0.0 0.0 0.0 
150 150 92796.9469682 54.662875862 12838143.6948 10044607.752 14.5109945324 524.674561086 0.0 6513.86532051 150 0.0 0.0 0.0 0.0 0.0 0.0 0.0 0.0 150 0.0 0.0 0.0 0.0 0.0 0.0 0.0 0.0 
180 180 105467.86955 54.8824427011 14794164.2474 11610303.6121 16.5210784314 635.593482655 0.0 7850.02907541 180 0.0 0.0 0.0 0.0 0.0 0.0 0.0 0.0 180 0.0 0.0 0.0 0.0 0.0 0.0 0.0 0.0 
200 200 109825.297653 56.2472433622 15165467.9677 11835000.6652 16.4904846939 637.386469388 0.0 7889.2935102 200 0.0 0.0 0.0 0.0 0.0 0.0 0.0 0.0 200 0.0 0.0 0.0 0.0 0.0 0.0 0.0 0.0 
210 210 111845.940022 57.2059673885 15507662.702 12067156.6931 17.0839285714 653.316897959 0.0 8087.25542857 210 0.0 0.0 0.0 0.0 0.0 0.0 0.0 0.0 210 0.0 0.0 0.0 0.0 0.0 0.0 0.0 0.0 
220 220 120625.068292 54.9230388663 16971227.6444 13276337.6564 18.3346938776 733.445142857 0.0 9083.21520408 220 0.0 0.0 0.0 0.0 0.0 0.0 0.0 0.0 220 0.0 0.0 0.0 0.0 0.0 0.0 0.0 0.0 
230 230 118094.262067 56.7500550302 16234409.4074 12669907.7974 17.7271683673 691.885326531 0.0 8535.95516327 230 0.0 0.0 0.0 0.0 0.0 0.0 0.0 0.0 230 0.0 0.0 0.0 0.0 0.0 0.0 0.0 0.0 
240 240 121709.418679 56.7241211351 16743049.6225 13026342.0011 18.0827040816 686.304265306 0.0 8527.52120408 240 0.0 0.0 0.0 0.0 0.0 0.0 0.0 0.0 240 0.0 0.0 0.0 0.0 0.0 0.0 0.0 0.0 
242 242 121700.103235 57.181528378 17023387.481 13317580.3373 18.48125 730.247734694 0.0 9100.74859184 242 0.0 0.0 0.0 0.0 0.0 0.0 0.0 0.0 242 0.0 0.0 0.0 0.0 0.0 0.0 0.0 0.0 
244 244 132993.261892 53.3391107561 18111135.6993 14087141.174 19.4770153061 749.799040816 0.0 9334.43622449 244 0.0 0.0 0.0 0.0 0.0 0.0 0.0 0.0 244 0.0 0.0 0.0 0.0 0.0 0.0 0.0 0.0 
246 246 136391.424849 52.662697675 19528743.2264 15420820.9542 21.4092372449 880.754306122 0.0 10923.5912245 246 0.0 0.0 0.0 0.0 0.0 0.0 0.0 0.0 246 0.0 0.0 0.0 0.0 0.0 0.0 0.0 0.0 
248 248 151615.197348 47.9048694145 21138781.9484 16501300.6226 22.5913010204 894.552428571 0.0 11089.498 248 0.0 0.0 0.0 0.0 0.0 0.0 0.0 0.0 248 0.0 0.0 0.0 0.0 0.0 0.0 0.0 0.0 
250 250 151162.904805 49.0127599674 21012938.2968 16422430.5295 22.7819285714 902.149816327 0.0 11188.1993265 250 0.0 0.0 0.0 0.0 0.0 0.0 0.0 0.0 250 0.0 0.0 0.0 0.0 0.0 0.0 0.0 0.0 
300 300 164922.906678 53.9337869384 23178498.6164 18129737.0685 24.6642857143 995.069836735 0.0 12347.1406735 300 0.0 0.0 0.0 0.0 0.0 0.0 0.0 0.0 300 0.0 0.0 0.0 0.0 0.0 0.0 0.0 0.0 
350 350 179810.274726 57.1924659719 25429264.9182 19945810.801 27.247535461 1103.07833333 0.0 13654.2056042 350 0.0 0.0 0.0 0.0 0.0 0.0 0.0 0.0 350 0.0 0.0 0.0 0.0 0.0 0.0 0.0 0.0 
400 400 180481.289137 62.5174365336 25464755.5905 19934207.9154 28.2282978723 1104.54962589 0.0 13688.5618298 400 0.0 0.0 0.0 0.0 0.0 0.0 0.0 0.0 400 0.0 0.0 0.0 0.0 0.0 0.0 0.0 0.0 
450 450 182760.521393 67.4658570569 25460667.3598 19846440.1628 29.0057620259 1062.73191489 0.0 13171.7957447 450 0.0 0.0 0.0 0.0 0.0 0.0 0.0 0.0 450 0.0 0.0 0.0 0.0 0.0 0.0 0.0 0.0 
500 500 181459.101258 74.895062584 25331797.4759 19808027.8414 28.7291755319 1057.73014894 0.0 13114.4773617 500 0.0 0.0 0.0 0.0 0.0 0.0 0.0 0.0 500 0.0 0.0 0.0 0.0 0.0 0.0 0.0 0.0 
550 550 180256.231751 81.7094521424 25019880.633 19470519.9437 28.7174456522 1031.69902174 0.0 12766.3643478 550 0.0 0.0 0.0 0.0 0.0 0.0 0.0 0.0 550 0.0 0.0 0.0 0.0 0.0 0.0 0.0 0.0 
600 600 183040.290295 86.5935753271 25405114.5902 19839690.5774 29.575298913 1062.99165957 0.0 13176.6931489 600 0.0 0.0 0.0 0.0 0.0 0.0 0.0 0.0 600 0.0 0.0 0.0 0.0 0.0 0.0 0.0 0.0 
