# load avg(tp, lat, bwr, bww, cpu, tps, brps, bwps), sd(...), ci(...)
10 10 3404.00247208 81.9572358826 1238691.56012 1039617.56902 3.7965 184.170505952 0.0 1474.38401786 10 0.0 0.0 0.0 0.0 0.0 0.0 0.0 0.0 10 0.0 0.0 0.0 0.0 0.0 0.0 0.0 0.0 
13 13 4349.68831137 84.6297125778 1563733.62858 1311150.27715 4.05777272727 207.432049784 0.0 1659.62733496 13 0.0 0.0 0.0 0.0 0.0 0.0 0.0 0.0 13 0.0 0.0 0.0 0.0 0.0 0.0 0.0 0.0 
16 16 5457.36681381 83.0953616728 1972607.73505 1657339.94221 4.51081818182 240.820097403 0.0 1926.56116613 16 0.0 0.0 0.0 0.0 0.0 0.0 0.0 0.0 16 0.0 0.0 0.0 0.0 0.0 0.0 0.0 0.0 
20 20 7011.06360338 78.1888961137 2544504.54667 2141925.85189 5.01836363636 282.32034632 0.0 2259.38701299 20 0.0 0.0 0.0 0.0 0.0 0.0 0.0 0.0 20 0.0 0.0 0.0 0.0 0.0 0.0 0.0 0.0 
26 26 9797.5056362 70.7887613435 3588088.31789 3021528.72605 6.10113636364 360.143269481 0.0 2881.69228301 26 0.0 0.0 0.0 0.0 0.0 0.0 0.0 0.0 26 0.0 0.0 0.0 0.0 0.0 0.0 0.0 0.0 
33 33 11841.8529154 74.0318365639 4335638.65216 3653529.55518 6.96759090909 411.699768398 0.0 3294.00306061 33 0.0 0.0 0.0 0.0 0.0 0.0 0.0 0.0 33 0.0 0.0 0.0 0.0 0.0 0.0 0.0 0.0 
42 42 15047.3285673 73.0230225444 5485116.68328 4623162.08556 8.13904545455 440.440606061 0.0 3985.0519697 42 0.0 0.0 0.0 0.0 0.0 0.0 0.0 0.0 42 0.0 0.0 0.0 0.0 0.0 0.0 0.0 0.0 
54 54 18392.737495 77.4650102176 6867303.02709 5789269.61889 9.00981481481 427.306255892 0.0 4677.19103311 54 0.0 0.0 0.0 0.0 0.0 0.0 0.0 0.0 54 0.0 0.0 0.0 0.0 0.0 0.0 0.0 0.0 
70 70 45083.5104187 53.0730508156 17008054.393 14366511.0017 19.2450490196 884.347354827 0.0 10982.8925735 70 0.0 0.0 0.0 0.0 0.0 0.0 0.0 0.0 70 0.0 0.0 0.0 0.0 0.0 0.0 0.0 0.0 
100 100 52298.1658846 58.9364663973 18904586.7228 15837458.5138 21.0192592593 1014.67878788 0.0 12528.5333333 100 0.0 0.0 0.0 0.0 0.0 0.0 0.0 0.0 100 0.0 0.0 0.0 0.0 0.0 0.0 0.0 0.0 
130 130 77380.5043283 50.5418851053 28494500.5884 23854948.4876 29.5965686275 1507.95663147 0.0 18738.6806486 130 0.0 0.0 0.0 0.0 0.0 0.0 0.0 0.0 130 0.0 0.0 0.0 0.0 0.0 0.0 0.0 0.0 
160 160 86421.7866645 55.3267182308 31574274.878 26453772.3241 32.8709025762 1678.13072327 0.0 20840.9099057 160 0.0 0.0 0.0 0.0 0.0 0.0 0.0 0.0 160 0.0 0.0 0.0 0.0 0.0 0.0 0.0 0.0 
190 190 101442.767854 55.1554089492 36880608.1039 30853903.1919 37.9485576923 1969.50933962 0.0 24445.6344654 190 0.0 0.0 0.0 0.0 0.0 0.0 0.0 0.0 190 0.0 0.0 0.0 0.0 0.0 0.0 0.0 0.0 
200 200 101691.470545 57.3428369002 37163794.1209 31102248.5113 38.544754902 1976.81857466 0.0 24532.3774133 200 0.0 0.0 0.0 0.0 0.0 0.0 0.0 0.0 200 0.0 0.0 0.0 0.0 0.0 0.0 0.0 0.0 
240 240 103972.468741 64.8498361087 37985146.1265 31768435.2901 39.607745098 2011.91415033 0.0 25043.4839216 240 0.0 0.0 0.0 0.0 0.0 0.0 0.0 0.0 240 0.0 0.0 0.0 0.0 0.0 0.0 0.0 0.0 
280 280 105739.248621 72.8242748868 38705565.9794 32353293.9822 40.7817647059 2052.98855958 0.0 25511.8672499 280 0.0 0.0 0.0 0.0 0.0 0.0 0.0 0.0 280 0.0 0.0 0.0 0.0 0.0 0.0 0.0 0.0 
320 320 106471.61734 81.2159364567 38799456.6471 32483050.9757 40.9594897959 2060.54172653 0.0 25657.5559871 320 0.0 0.0 0.0 0.0 0.0 0.0 0.0 0.0 320 0.0 0.0 0.0 0.0 0.0 0.0 0.0 0.0 
360 360 102652.840883 92.396276846 37752254.7327 31713216.6298 41.0929591837 1993.49552925 0.0 24773.2453395 360 0.0 0.0 0.0 0.0 0.0 0.0 0.0 0.0 360 0.0 0.0 0.0 0.0 0.0 0.0 0.0 0.0 
400 400 97176.325651 106.956120286 35654234.4686 29915043.2489 39.8110714286 1888.12459184 0.0 23432.2817687 400 0.0 0.0 0.0 0.0 0.0 0.0 0.0 0.0 400 0.0 0.0 0.0 0.0 0.0 0.0 0.0 0.0 
