22758178 0 1000
25081636 1 1000
25423692 2 1000
25696087 3 1000
25861505 4 1000
26044581 5 1000
26180697 6 1000
26329662 7 1000
26484844 8 1000
26621182 9 1000
26771336 10 1000
26905389 11 1000
27029343 12 1000
27179134 13 1000
27323648 14 1000
27480313 15 1000
27650524 16 1000
27819058 17 1000
27978405 18 1000
28127550 19 1000
28259009 20 1000
28369288 21 1000
28502178 22 1000
28650594 23 1000
28778905 24 1000
28889116 25 1000
29007200 26 1000
29133257 27 1000
29257672 28 1000
29361186 29 1000
29496047 30 1000
29603167 31 1000
29704593 32 1000
29803839 33 1000
29896168 34 1000
29973499 35 1000
30037796 36 1000
30110434 37 1000
30179053 38 1000
30244341 39 1000
30312416 40 1000
30377391 41 1000
30439117 42 1000
30501082 43 1000
30552811 44 1000
30604840 45 1000
30654263 46 1000
30699978 47 1000
30745190 48 1000
30791026 49 1000
30852133 50 1000
30895295 51 1000
30940536 52 1000
30990071 53 1000
31044380 54 1000
31093341 55 1000
31144529 56 1000
31196380 57 1000
31249095 58 1000
31295175 59 1000
31347002 60 1000
31396221 61 1000
31438322 62 1000
31482047 63 1000
31533813 64 1000
31574791 65 1000
31622214 66 1000
31667417 67 1000
31710048 68 1000
31757121 69 1000
31798611 70 1000
31833010 71 1000
31877743 72 1000
31916867 73 1000
31954337 74 1000
31990790 75 1000
32032777 76 1000
32068212 77 1000
32101393 78 1000
32143045 79 1000
32180193 80 1000
32219921 81 1000
32258105 82 1000
32292194 83 1000
32326193 84 1000
32366496 85 1000
32401090 86 1000
32436835 87 1000
32478261 88 1000
32514743 89 1000
32549399 90 1000
32590510 91 1000
32633301 92 1000
32682759 93 1000
32724444 94 1000
32764842 95 1000
32800404 96 1000
32834457 97 1000
32875939 98 1000
32912182 99 1000
32946682 100 1000
32983010 101 1000
33020633 102 1000
33055718 103 1000
33092378 104 1000
33130676 105 1000
33168437 106 1000
33208877 107 1000
33255495 108 1000
33298150 109 1000
33340614 110 1000
33383613 111 1000
33426348 112 1000
33466253 113 1000
33510231 114 1000
33549189 115 1000
33586950 116 1000
33624434 117 1000
33666543 118 1000
33712588 119 1000
33750290 120 1000
33793306 121 1000
33831506 122 1000
33871451 123 1000
33909140 124 1000
33943102 125 1000
33982727 126 1000
34016931 127 1000
34049125 128 1000
34083605 129 1000
34118201 130 1000
34159303 131 1000
34198071 132 1000
34233683 133 1000
34266561 134 1000
34299239 135 1000
34338967 136 1000
34369082 137 1000
34409078 138 1000
34445651 139 1000
34484016 140 1000
34518785 141 1000
34554223 142 1000
34590896 143 1000
34628650 144 1000
34666172 145 1000
34704071 146 1000
34739679 147 1000
34783416 148 1000
34814137 149 1000
34850923 150 1000
34884308 151 1000
34921796 152 1000
34951950 153 1000
34986309 154 1000
35023548 155 1000
35061242 156 1000
35092966 157 1000
35129423 158 1000
35165022 159 1000
35205280 160 1000
35241408 161 1000
35283228 162 1000
35328190 163 1000
35359337 164 1000
35395562 165 1000
35431607 166 1000
35466802 167 1000
35503553 168 1000
35544711 169 1000
35577740 170 1000
35613481 171 1000
35657708 172 1000
35700591 173 1000
35738317 174 1000
35778721 175 1000
35813312 176 1000
35851609 177 1000
35880921 178 1000
35913153 179 1000
35945009 180 1000
35977787 181 1000
36011960 182 1000
36047938 183 1000
36086263 184 1000
36116623 185 1000
36155226 186 1000
36191195 187 1000
36226956 188 1000
36258337 189 1000
36293101 190 1000
36326756 191 1000
36363740 192 1000
36396983 193 1000
36437946 194 1000
36475755 195 1000
36512774 196 1000
36551541 197 1000
36596547 198 1000
36632417 199 1000
36671154 200 1000
36709342 201 1000
36745141 202 1000
36774391 203 1000
36805583 204 1000
36834417 205 1000
36864513 206 1000
36892881 207 1000
36924284 208 1000
36956267 209 1000
36990872 210 1000
37025268 211 1000
37054103 212 1000
37086403 213 1000
37112595 214 1000
37141971 215 1000
37171531 216 1000
37205809 217 1000
37242543 218 1000
37269233 219 1000
37302634 220 1000
37333213 221 1000
37365642 222 1000
37403548 223 1000
37439300 224 1000
37466289 225 1000
37489264 226 1000
37519513 227 1000
37548440 228 1000
37578985 229 1000
37610742 230 1000
37641134 231 1000
37669433 232 1000
37699810 233 1000
37722534 234 1000
37751656 235 1000
37778698 236 1000
37808948 237 1000
37831944 238 1000
37855373 239 1000
37878116 240 1000
37903362 241 1000
37925851 242 1000
37951831 243 1000
37975982 244 1000
38005663 245 1000
38030625 246 1000
38056292 247 1000
38086610 248 1000
38111791 249 1000
38137320 250 1000
38158974 251 1000
38176807 252 1000
38199084 253 1000
38216181 254 1000
38237256 255 1000
38256083 256 1000
38281157 257 1000
38302709 258 1000
38325727 259 1000
38349563 260 1000
38371480 261 1000
38392178 262 1000
38414785 263 1000
38437955 264 1000
38459223 265 1000
38479966 266 1000
38498262 267 1000
38519241 268 1000
38540939 269 1000
38559756 270 1000
38577959 271 1000
38598838 272 1000
38613949 273 1000
38631390 274 1000
38647633 275 1000
38665813 276 1000
38682236 277 1000
38696733 278 1000
38714458 279 1000
38729253 280 1000
38744596 281 1000
38755677 282 1000
38772604 283 1000
38788241 284 1000
38802174 285 1000
38815295 286 1000
38828762 287 1000
38844180 288 1000
38857225 289 1000
38869709 290 1000
38883915 291 1000
38897683 292 1000
38911730 293 1000
38924257 294 1000
38938334 295 1000
38950477 296 1000
38963577 297 1000
38978463 298 1000
38993078 299 1000
39007867 300 1000
39021721 301 1000
39033401 302 1000
39048095 303 1000
39060259 304 1000
39073791 305 1000
39086391 306 1000
39100144 307 1000
39115126 308 1000
39128374 309 1000
39140877 310 1000
39156242 311 1000
39166886 312 1000
39181177 313 1000
39192862 314 1000
39204864 315 1000
39218892 316 1000
39232200 317 1000
39243442 318 1000
39254191 319 1000
39266789 320 1000
39278765 321 1000
39292906 322 1000
39304187 323 1000
39315863 324 1000
39328261 325 1000
39337000 326 1000
39348974 327 1000
39359269 328 1000
39367921 329 1000
39377720 330 1000
39389638 331 1000
39399721 332 1000
39410590 333 1000
39421141 334 1000
39432155 335 1000
39442055 336 1000
39452814 337 1000
39463359 338 1000
39474730 339 1000
39482283 340 1000
39490653 341 1000
39502175 342 1000
39513899 343 1000
39523681 344 1000
39532700 345 1000
39542822 346 1000
39552788 347 1000
39562048 348 1000
39570328 349 1000
39578918 350 1000
39588973 351 1000
39598711 352 1000
39606686 353 1000
39615367 354 1000
39623879 355 1000
39633665 356 1000
39642462 357 1000
39649691 358 1000
39657501 359 1000
39665362 360 1000
39672870 361 1000
39681935 362 1000
39690287 363 1000
39699866 364 1000
39707296 365 1000
39714679 366 1000
39720453 367 1000
39728094 368 1000
39735916 369 1000
39743414 370 1000
39750547 371 1000
39759426 372 1000
39765978 373 1000
39773909 374 1000
39782309 375 1000
39788877 376 1000
39795969 377 1000
39803919 378 1000
39810844 379 1000
39818072 380 1000
39824823 381 1000
39832117 382 1000
39838780 383 1000
39845960 384 1000
39852058 385 1000
39858085 386 1000
39865177 387 1000
39871848 388 1000
39878926 389 1000
39886230 390 1000
39893727 391 1000
39899521 392 1000
39906251 393 1000
39913002 394 1000
39921317 395 1000
39928146 396 1000
39934893 397 1000
39941693 398 1000
39948862 399 1000
39956093 400 1000
39963154 401 1000
39970460 402 1000
39977212 403 1000
39983325 404 1000
39990069 405 1000
39996186 406 1000
40002634 407 1000
40008710 408 1000
40014969 409 1000
40021927 410 1000
40028345 411 1000
40034522 412 1000
40042887 413 1000
40049602 414 1000
40056471 415 1000
40063500 416 1000
40070735 417 1000
40076347 418 1000
40082571 419 1000
40088588 420 1000
40094494 421 1000
40101835 422 1000
40107426 423 1000
40113768 424 1000
40120672 425 1000
40126463 426 1000
40132863 427 1000
40139535 428 1000
40146222 429 1000
40153027 430 1000
40159146 431 1000
40164655 432 1000
40170768 433 1000
40176992 434 1000
40183260 435 1000
40188651 436 1000
40195024 437 1000
40200549 438 1000
40206299 439 1000
40211654 440 1000
40217185 441 1000
40222222 442 1000
40227441 443 1000
40233771 444 1000
40239495 445 1000
40246189 446 1000
40251954 447 1000
40257030 448 1000
40263640 449 1000
40269240 450 1000
40274511 451 1000
40280739 452 1000
40286401 453 1000
40291821 454 1000
40297415 455 1000
40303719 456 1000
40309095 457 1000
40315198 458 1000
40320707 459 1000
40325525 460 1000
40330965 461 1000
40336883 462 1000
40343052 463 1000
40349598 464 1000
40355274 465 1000
40361143 466 1000
40367263 467 1000
40374193 468 1000
40380458 469 1000
40386699 470 1000
40392835 471 1000
40399068 472 1000
40404828 473 1000
40411603 474 1000
40417357 475 1000
40422764 476 1000
40429627 477 1000
40435859 478 1000
40441912 479 1000
40447561 480 1000
40453893 481 1000
40459617 482 1000
40466986 483 1000
40473145 484 1000
40479462 485 1000
40486107 486 1000
40491998 487 1000
40497914 488 1000
40503663 489 1000
40510495 490 1000
40516745 491 1000
40523098 492 1000
40529823 493 1000
40536976 494 1000
40542516 495 1000
40549016 496 1000
40555773 497 1000
40562915 498 1000
40569240 499 1000
40576884 500 1000
40583079 501 1000
40589319 502 1000
40595312 503 1000
40602088 504 1000
40608653 505 1000
40615498 506 1000
40622958 507 1000
40629954 508 1000
40635455 509 1000
40643058 510 1000
40649213 511 1000
40657391 512 1000
40664248 513 1000
40670972 514 1000
40677185 515 1000
40683348 516 1000
40689748 517 1000
40695255 518 1000
40701687 519 1000
40708887 520 1000
40715674 521 1000
40721859 522 1000
40729545 523 1000
40737923 524 1000
40744834 525 1000
40750813 526 1000
40759176 527 1000
40766995 528 1000
40774074 529 1000
40781657 530 1000
40788375 531 1000
40795657 532 1000
40802287 533 1000
40809899 534 1000
40817684 535 1000
40827539 536 1000
40835609 537 1000
40844254 538 1000
40852372 539 1000
40859698 540 1000
40866938 541 1000
40877605 542 1000
40885958 543 1000
40893615 544 1000
40902133 545 1000
40909034 546 1000
40918899 547 1000
40927382 548 1000
40936497 549 1000
40946159 550 1000
40957039 551 1000
40965743 552 1000
40975308 553 1000
40984950 554 1000
40995266 555 1000
41008019 556 1000
41018385 557 1000
41030689 558 1000
41042549 559 1000
41052969 560 1000
41064722 561 1000
41078134 562 1000
41089846 563 1000
41100797 564 1000
41112192 565 1000
41123137 566 1000
41135264 567 1000
41148674 568 1000
41161877 569 1000
41171823 570 1000
41182017 571 1000
41194163 572 1000
41206643 573 1000
41218972 574 1000
41230153 575 1000
41241055 576 1000
41254604 577 1000
41268747 578 1000
41283505 579 1000
41295480 580 1000
41305046 581 1000
41318714 582 1000
41327702 583 1000
41340769 584 1000
41354985 585 1000
41367426 586 1000
41381631 587 1000
41395186 588 1000
41408272 589 1000
41423592 590 1000
41436290 591 1000
41449174 592 1000
41462190 593 1000
41475872 594 1000
41489426 595 1000
41504539 596 1000
41520079 597 1000
41535937 598 1000
41552023 599 1000
41568079 600 1000
41586792 601 1000
41605942 602 1000
41624082 603 1000
41641509 604 1000
41661233 605 1000
41677446 606 1000
41695502 607 1000
41714904 608 1000
41732161 609 1000
41749367 610 1000
41767689 611 1000
41784839 612 1000
41806116 613 1000
41822313 614 1000
41842968 615 1000
41864105 616 1000
41882878 617 1000
41903389 618 1000
41922936 619 1000
41941774 620 1000
41966384 621 1000
41991398 622 1000
42012891 623 1000
42034375 624 1000
42056759 625 1000
42079007 626 1000
42098084 627 1000
42124678 628 1000
42149231 629 1000
42171990 630 1000
42190344 631 1000
42216076 632 1000
42240850 633 1000
42263651 634 1000
42289175 635 1000
42309168 636 1000
42335926 637 1000
42362334 638 1000
42387823 639 1000
42413318 640 1000
42436904 641 1000
42463872 642 1000
42490902 643 1000
42518248 644 1000
42548636 645 1000
42575774 646 1000
42605125 647 1000
42634563 648 1000
42660135 649 1000
42698966 650 1000
42731363 651 1000
42769340 652 1000
42805482 653 1000
42845221 654 1000
42881759 655 1000
42919504 656 1000
42951999 657 1000
42992613 658 1000
43030073 659 1000
43070989 660 1000
43118712 661 1000
43162007 662 1000
43202092 663 1000
43239456 664 1000
43285955 665 1000
43330256 666 1000
43379068 667 1000
43424902 668 1000
43474051 669 1000
43535971 670 1000
43594493 671 1000
43658932 672 1000
43702350 673 1000
43766349 674 1000
43822972 675 1000
43884870 676 1000
43946048 677 1000
44016042 678 1000
44092730 679 1000
44157174 680 1000
44216639 681 1000
44267145 682 1000
44335027 683 1000
44400440 684 1000
44457177 685 1000
44520058 686 1000
44585733 687 1000
44654786 688 1000
44718241 689 1000
44790926 690 1000
44852846 691 1000
44920739 692 1000
44990162 693 1000
45046865 694 1000
45117592 695 1000
45181719 696 1000
45248516 697 1000
45312469 698 1000
45380465 699 1000
45450380 700 1000
45525643 701 1000
45612071 702 1000
45704272 703 1000
45786197 704 1000
45866803 705 1000
45939833 706 1000
46005055 707 1000
46076186 708 1000
46133090 709 1000
46192573 710 1000
46266429 711 1000
46361245 712 1000
46436516 713 1000
46511699 714 1000
46595400 715 1000
46658627 716 1000
46741732 717 1000
46853937 718 1000
46951615 719 1000
47064949 720 1000
47158519 721 1000
47267277 722 1000
47368332 723 1000
47483461 724 1000
47560585 725 1000
47656984 726 1000
47768580 727 1000
47867537 728 1000
47969700 729 1000
48060359 730 1000
48167518 731 1000
48283843 732 1000
48397178 733 1000
48517811 734 1000
48622499 735 1000
48761154 736 1000
48899249 737 1000
49050502 738 1000
49193036 739 1000
49335148 740 1000
49481626 741 1000
49584993 742 1000
49670176 743 1000
49766521 744 1000
49856710 745 1000
49961371 746 1000
50048835 747 1000
50110015 748 1000
50171216 749 1000
50269199 750 1000
50390101 751 1000
50508738 752 1000
50619871 753 1000
50710884 754 1000
50796249 755 1000
50893606 756 1000
51014542 757 1000
51117017 758 1000
51225890 759 1000
51334401 760 1000
51423267 761 1000
51513793 762 1000
51603123 763 1000
51692664 764 1000
51798259 765 1000
51892783 766 1000
51972889 767 1000
52059191 768 1000
52160887 769 1000
52263782 770 1000
52390847 771 1000
52481749 772 1000
52570640 773 1000
52668301 774 1000
52761111 775 1000
52858212 776 1000
52963168 777 1000
53054305 778 1000
53161522 779 1000
53278741 780 1000
53380644 781 1000
53495757 782 1000
53600919 783 1000
53691555 784 1000
53799189 785 1000
53921786 786 1000
54016010 787 1000
54130192 788 1000
54239048 789 1000
54365591 790 1000
54509970 791 1000
54659168 792 1000
54800186 793 1000
54898582 794 1000
55049001 795 1000
55234964 796 1000
55380649 797 1000
55574443 798 1000
55769306 799 1000
55921043 800 1000
56093777 801 1000
56235964 802 1000
56421007 803 1000
56647730 804 1000
56872844 805 1000
57063711 806 1000
57184441 807 1000
57349924 808 1000
57544563 809 1000
57692027 810 1000
57878113 811 1000
58038495 812 1000
58200179 813 1000
58418374 814 1000
58631438 815 1000
58828277 816 1000
59056493 817 1000
59308463 818 1000
59600974 819 1000
59791614 820 1000
60018533 821 1000
60232329 822 1000
60441315 823 1000
60639903 824 1000
60779095 825 1000
60946042 826 1000
61086499 827 1000
61220093 828 1000
61418206 829 1000
61572256 830 1000
61688054 831 1000
61840691 832 1000
61937330 833 1000
62074096 834 1000
62202334 835 1000
62283051 836 1000
62435747 837 1000
62584913 838 1000
62744487 839 1000
62882598 840 1000
63038836 841 1000
63224046 842 1000
63446631 843 1000
63698339 844 1000
63842547 845 1000
63971608 846 1000
64113023 847 1000
64239303 848 1000
64360119 849 1000
64486447 850 1000
64635636 851 1000
64785454 852 1000
64887867 853 1000
65025988 854 1000
65167251 855 1000
65260977 856 1000
65383354 857 1000
65533932 858 1000
65695908 859 1000
65811283 860 1000
65918816 861 1000
66020433 862 1000
66119802 863 1000
66216864 864 1000
66347691 865 1000
66487476 866 1000
66590980 867 1000
66735574 868 1000
66900998 869 1000
67025024 870 1000
67168702 871 1000
67385074 872 1000
67541723 873 1000
67732710 874 1000
68031345 875 1000
68310584 876 1000
68646551 877 1000
69155510 878 1000
69740541 879 1000
70329577 880 1000
71036568 881 1000
71653831 882 1000
72173850 883 1000
73005622 884 1000
73380142 885 1000
73877496 886 1000
74402570 887 1000
75150157 888 1000
75875681 889 1000
76587257 890 1000
76976600 891 1000
77278365 892 1000
77531020 893 1000
77680507 894 1000
77811201 895 1000
77912934 896 1000
78027186 897 1000
78137689 898 1000
78259631 899 1000
78393785 900 1000
78483321 901 1000
78582390 902 1000
78643132 903 1000
78706963 904 1000
78789578 905 1000
78881253 906 1000
78975413 907 1000
79061715 908 1000
79139659 909 1000
79203713 910 1000
79243569 911 1000
79296543 912 1000
79360407 913 1000
79415589 914 1000
79463860 915 1000
79511847 916 1000
79557241 917 1000
79606274 918 1000
79647111 919 1000
79707107 920 1000
79756142 921 1000
79802507 922 1000
79848462 923 1000
79894187 924 1000
79932951 925 1000
79987689 926 1000
80046291 927 1000
80091557 928 1000
80153565 929 1000
80230040 930 1000
80308335 931 1000
80374359 932 1000
80438234 933 1000
80494167 934 1000
80543519 935 1000
80602981 936 1000
80646501 937 1000
80696689 938 1000
80742711 939 1000
80791191 940 1000
80848347 941 1000
80916851 942 1000
81009487 943 1000
81091136 944 1000
81176657 945 1000
81247257 946 1000
81339407 947 1000
81431708 948 1000
81539951 949 1000
81663698 950 1000
81797627 951 1000
81941278 952 1000
82053100 953 1000
82161089 954 1000
82298314 955 1000
82648684 956 1000
82974300 957 1000
83401626 958 1000
84668318 959 1000
85682470 960 1000
86905154 961 1000
89376350 962 1000
91438442 963 1000
96086848 964 1000
100760198 965 1000
104056952 966 1000
106259423 967 1000
107590454 968 1000
110519971 969 1000
112555676 970 1000
114416064 971 1000
117831774 972 1000
119728047 973 1000
123377854 974 1000
127542049 975 1000
131962284 976 1000
144370836 977 1000
147915514 978 1000
161453966 979 1000
172710806 980 1000
182138973 981 1000
192635792 982 1000
194836876 983 1000
197764883 984 1000
200350034 985 1000
201629181 986 1000
206799599 987 1000
224432199 988 1000
237504364 989 1000
240522559 990 1000
255760602 991 1000
264251827 992 1000
268925081 993 1000
279843772 994 1000
298244000 995 1000
307987661 996 1000
330927733 997 1000
342761706 998 1000
369522956 999 1000
