20707018 0 1000
22067591 1 1000
22802961 2 1000
23059835 3 1000
23316125 4 1000
23539851 5 1000
23708516 6 1000
23874387 7 1000
24061612 8 1000
24267519 9 1000
24429251 10 1000
24542649 11 1000
24665155 12 1000
24766936 13 1000
24885718 14 1000
25050978 15 1000
25179418 16 1000
25271747 17 1000
25364491 18 1000
25474631 19 1000
25569150 20 1000
25680699 21 1000
25831790 22 1000
25946819 23 1000
26038692 24 1000
26130754 25 1000
26226542 26 1000
26292406 27 1000
26368964 28 1000
26449627 29 1000
26594996 30 1000
26720828 31 1000
26821313 32 1000
26914547 33 1000
26983831 34 1000
27042981 35 1000
27128956 36 1000
27229903 37 1000
27298925 38 1000
27411564 39 1000
27497854 40 1000
27565341 41 1000
27624208 42 1000
27692380 43 1000
27775273 44 1000
27854158 45 1000
27919382 46 1000
27979972 47 1000
28041288 48 1000
28109307 49 1000
28172107 50 1000
28250209 51 1000
28303872 52 1000
28361698 53 1000
28425388 54 1000
28468721 55 1000
28516704 56 1000
28577667 57 1000
28633489 58 1000
28703184 59 1000
28771083 60 1000
28840903 61 1000
28907353 62 1000
28955823 63 1000
29016856 64 1000
29075128 65 1000
29109619 66 1000
29159751 67 1000
29205770 68 1000
29256107 69 1000
29300504 70 1000
29347740 71 1000
29397656 72 1000
29444975 73 1000
29493518 74 1000
29529720 75 1000
29564739 76 1000
29612141 77 1000
29654866 78 1000
29693710 79 1000
29731621 80 1000
29781907 81 1000
29832229 82 1000
29884069 83 1000
29929483 84 1000
29971861 85 1000
30013148 86 1000
30068081 87 1000
30111146 88 1000
30156255 89 1000
30194511 90 1000
30239948 91 1000
30278642 92 1000
30319830 93 1000
30371716 94 1000
30424390 95 1000
30469505 96 1000
30522585 97 1000
30565206 98 1000
30605976 99 1000
30652475 100 1000
30695580 101 1000
30734814 102 1000
30778280 103 1000
30822713 104 1000
30856968 105 1000
30896730 106 1000
30945596 107 1000
30987019 108 1000
31025396 109 1000
31071694 110 1000
31121844 111 1000
31164754 112 1000
31202065 113 1000
31247041 114 1000
31280495 115 1000
31315940 116 1000
31348720 117 1000
31386490 118 1000
31423166 119 1000
31459383 120 1000
31490773 121 1000
31530748 122 1000
31574472 123 1000
31608572 124 1000
31634755 125 1000
31672693 126 1000
31702302 127 1000
31739828 128 1000
31767855 129 1000
31799818 130 1000
31830634 131 1000
31863681 132 1000
31902285 133 1000
31941322 134 1000
31983943 135 1000
32026443 136 1000
32058839 137 1000
32103579 138 1000
32143256 139 1000
32177294 140 1000
32213240 141 1000
32248118 142 1000
32289536 143 1000
32317600 144 1000
32352069 145 1000
32389157 146 1000
32426913 147 1000
32448124 148 1000
32481022 149 1000
32515929 150 1000
32544937 151 1000
32587506 152 1000
32623953 153 1000
32660080 154 1000
32696495 155 1000
32729307 156 1000
32781786 157 1000
32822741 158 1000
32863177 159 1000
32907546 160 1000
32943317 161 1000
32974312 162 1000
33011429 163 1000
33048021 164 1000
33087999 165 1000
33115358 166 1000
33152375 167 1000
33191020 168 1000
33229072 169 1000
33273982 170 1000
33306830 171 1000
33343096 172 1000
33378851 173 1000
33409883 174 1000
33443247 175 1000
33480049 176 1000
33513975 177 1000
33545150 178 1000
33578629 179 1000
33606765 180 1000
33629083 181 1000
33659991 182 1000
33683239 183 1000
33714750 184 1000
33751070 185 1000
33790885 186 1000
33824513 187 1000
33853752 188 1000
33890149 189 1000
33935520 190 1000
33992733 191 1000
34027217 192 1000
34054604 193 1000
34092187 194 1000
34124087 195 1000
34158437 196 1000
34188887 197 1000
34226536 198 1000
34269282 199 1000
34306131 200 1000
34350641 201 1000
34384210 202 1000
34412116 203 1000
34449107 204 1000
34489384 205 1000
34535238 206 1000
34565146 207 1000
34595952 208 1000
34627411 209 1000
34654887 210 1000
34683589 211 1000
34722880 212 1000
34768683 213 1000
34801451 214 1000
34831303 215 1000
34861130 216 1000
34885806 217 1000
34916582 218 1000
34950991 219 1000
34984454 220 1000
35020023 221 1000
35065789 222 1000
35107565 223 1000
35145922 224 1000
35178956 225 1000
35230859 226 1000
35263027 227 1000
35301492 228 1000
35341836 229 1000
35385487 230 1000
35422084 231 1000
35448323 232 1000
35485482 233 1000
35526286 234 1000
35567503 235 1000
35597138 236 1000
35631685 237 1000
35660141 238 1000
35689082 239 1000
35718892 240 1000
35757207 241 1000
35789426 242 1000
35819320 243 1000
35848290 244 1000
35875026 245 1000
35895026 246 1000
35921267 247 1000
35957189 248 1000
35984816 249 1000
36012097 250 1000
36043711 251 1000
36077942 252 1000
36106303 253 1000
36135625 254 1000
36160572 255 1000
36188054 256 1000
36214148 257 1000
36241039 258 1000
36265839 259 1000
36298718 260 1000
36332309 261 1000
36361208 262 1000
36383001 263 1000
36406974 264 1000
36435085 265 1000
36461367 266 1000
36485600 267 1000
36510182 268 1000
36542687 269 1000
36567818 270 1000
36596208 271 1000
36620555 272 1000
36655075 273 1000
36683019 274 1000
36709879 275 1000
36744578 276 1000
36772842 277 1000
36795977 278 1000
36819912 279 1000
36848448 280 1000
36876375 281 1000
36899455 282 1000
36925072 283 1000
36956621 284 1000
36990600 285 1000
37030455 286 1000
37068644 287 1000
37096063 288 1000
37122990 289 1000
37148214 290 1000
37180902 291 1000
37208525 292 1000
37242964 293 1000
37269439 294 1000
37305421 295 1000
37342619 296 1000
37373716 297 1000
37403534 298 1000
37439479 299 1000
37476089 300 1000
37523569 301 1000
37563257 302 1000
37610533 303 1000
37661473 304 1000
37708965 305 1000
37752651 306 1000
37788217 307 1000
37823001 308 1000
37853740 309 1000
37880853 310 1000
37912813 311 1000
37942705 312 1000
37997540 313 1000
38035457 314 1000
38064963 315 1000
38097374 316 1000
38141787 317 1000
38176679 318 1000
38213927 319 1000
38255212 320 1000
38289649 321 1000
38331864 322 1000
38370903 323 1000
38406107 324 1000
38430355 325 1000
38465408 326 1000
38503144 327 1000
38544969 328 1000
38586408 329 1000
38632360 330 1000
38669372 331 1000
38701658 332 1000
38735441 333 1000
38761581 334 1000
38791249 335 1000
38831974 336 1000
38871024 337 1000
38917325 338 1000
38959594 339 1000
38992654 340 1000
39025387 341 1000
39053914 342 1000
39085385 343 1000
39128725 344 1000
39164822 345 1000
39202119 346 1000
39236573 347 1000
39265348 348 1000
39294079 349 1000
39329656 350 1000
39361913 351 1000
39388812 352 1000
39419807 353 1000
39440027 354 1000
39470627 355 1000
39500906 356 1000
39525992 357 1000
39550203 358 1000
39574340 359 1000
39598200 360 1000
39628328 361 1000
39648145 362 1000
39678314 363 1000
39703164 364 1000
39719430 365 1000
39740882 366 1000
39757271 367 1000
39780821 368 1000
39804647 369 1000
39823731 370 1000
39845483 371 1000
39863515 372 1000
39882095 373 1000
39904265 374 1000
39920976 375 1000
39937829 376 1000
39965449 377 1000
39982298 378 1000
40001411 379 1000
40022347 380 1000
40037701 381 1000
40054764 382 1000
40075322 383 1000
40091865 384 1000
40112102 385 1000
40129064 386 1000
40147923 387 1000
40167573 388 1000
40184238 389 1000
40202167 390 1000
40221063 391 1000
40240209 392 1000
40260468 393 1000
40276154 394 1000
40297239 395 1000
40316150 396 1000
40331902 397 1000
40350710 398 1000
40364998 399 1000
40382860 400 1000
40400412 401 1000
40417246 402 1000
40432966 403 1000
40449386 404 1000
40466326 405 1000
40485500 406 1000
40498683 407 1000
40513249 408 1000
40525511 409 1000
40540816 410 1000
40553627 411 1000
40571089 412 1000
40582725 413 1000
40596378 414 1000
40615203 415 1000
40627852 416 1000
40636833 417 1000
40648836 418 1000
40661597 419 1000
40674131 420 1000
40686609 421 1000
40697902 422 1000
40710929 423 1000
40725050 424 1000
40738337 425 1000
40751347 426 1000
40762069 427 1000
40773400 428 1000
40784921 429 1000
40793760 430 1000
40804829 431 1000
40814837 432 1000
40829220 433 1000
40842106 434 1000
40853392 435 1000
40864597 436 1000
40877968 437 1000
40889405 438 1000
40903768 439 1000
40915860 440 1000
40924753 441 1000
40938152 442 1000
40950252 443 1000
40958721 444 1000
40969518 445 1000
40979429 446 1000
40990620 447 1000
40998622 448 1000
41007019 449 1000
41017323 450 1000
41027099 451 1000
41035497 452 1000
41043126 453 1000
41054078 454 1000
41064211 455 1000
41071896 456 1000
41080626 457 1000
41088473 458 1000
41097251 459 1000
41106441 460 1000
41114094 461 1000
41122261 462 1000
41129842 463 1000
41138714 464 1000
41146982 465 1000
41153935 466 1000
41162051 467 1000
41169205 468 1000
41177849 469 1000
41186210 470 1000
41193272 471 1000
41200509 472 1000
41207576 473 1000
41213882 474 1000
41220356 475 1000
41228421 476 1000
41237140 477 1000
41245409 478 1000
41254503 479 1000
41262044 480 1000
41269728 481 1000
41277636 482 1000
41283682 483 1000
41289608 484 1000
41295975 485 1000
41302848 486 1000
41310135 487 1000
41316875 488 1000
41324622 489 1000
41331576 490 1000
41337735 491 1000
41345075 492 1000
41352100 493 1000
41359066 494 1000
41365851 495 1000
41371497 496 1000
41376762 497 1000
41383600 498 1000
41390334 499 1000
41397075 500 1000
41404435 501 1000
41410356 502 1000
41416622 503 1000
41421989 504 1000
41428490 505 1000
41434364 506 1000
41438983 507 1000
41444540 508 1000
41451475 509 1000
41458121 510 1000
41464871 511 1000
41470885 512 1000
41477183 513 1000
41482900 514 1000
41489810 515 1000
41496505 516 1000
41503563 517 1000
41509436 518 1000
41515959 519 1000
41523620 520 1000
41530181 521 1000
41536249 522 1000
41542158 523 1000
41548763 524 1000
41555826 525 1000
41560779 526 1000
41567503 527 1000
41572790 528 1000
41579292 529 1000
41586667 530 1000
41594513 531 1000
41601644 532 1000
41608771 533 1000
41615803 534 1000
41623124 535 1000
41629853 536 1000
41636055 537 1000
41643869 538 1000
41649290 539 1000
41655296 540 1000
41661617 541 1000
41670442 542 1000
41678138 543 1000
41686056 544 1000
41693938 545 1000
41701344 546 1000
41709889 547 1000
41715594 548 1000
41723344 549 1000
41730310 550 1000
41737597 551 1000
41744646 552 1000
41752262 553 1000
41759735 554 1000
41767821 555 1000
41774566 556 1000
41782443 557 1000
41790244 558 1000
41797395 559 1000
41803445 560 1000
41808925 561 1000
41816350 562 1000
41822461 563 1000
41827639 564 1000
41834855 565 1000
41841131 566 1000
41850320 567 1000
41856923 568 1000
41863672 569 1000
41870882 570 1000
41879251 571 1000
41887347 572 1000
41894387 573 1000
41902834 574 1000
41910317 575 1000
41919004 576 1000
41926813 577 1000
41934270 578 1000
41940765 579 1000
41947855 580 1000
41955711 581 1000
41962380 582 1000
41969987 583 1000
41980281 584 1000
41988603 585 1000
41996302 586 1000
42005380 587 1000
42013383 588 1000
42022014 589 1000
42034260 590 1000
42043085 591 1000
42053375 592 1000
42062432 593 1000
42072306 594 1000
42082673 595 1000
42093451 596 1000
42102173 597 1000
42111506 598 1000
42121345 599 1000
42133467 600 1000
42143761 601 1000
42154711 602 1000
42170504 603 1000
42180776 604 1000
42194773 605 1000
42206848 606 1000
42218249 607 1000
42232036 608 1000
42242241 609 1000
42255140 610 1000
42267518 611 1000
42283082 612 1000
42295437 613 1000
42309685 614 1000
42327305 615 1000
42341744 616 1000
42356005 617 1000
42370460 618 1000
42381893 619 1000
42394764 620 1000
42409297 621 1000
42424281 622 1000
42438051 623 1000
42452591 624 1000
42468890 625 1000
42482376 626 1000
42494582 627 1000
42509138 628 1000
42523342 629 1000
42538018 630 1000
42552504 631 1000
42569163 632 1000
42581507 633 1000
42595291 634 1000
42610814 635 1000
42626329 636 1000
42639238 637 1000
42655346 638 1000
42668008 639 1000
42685396 640 1000
42700381 641 1000
42721045 642 1000
42735203 643 1000
42751428 644 1000
42772675 645 1000
42792209 646 1000
42816147 647 1000
42834180 648 1000
42851564 649 1000
42869756 650 1000
42893483 651 1000
42916234 652 1000
42939580 653 1000
42963353 654 1000
42988856 655 1000
43007997 656 1000
43026086 657 1000
43051320 658 1000
43078814 659 1000
43098391 660 1000
43122469 661 1000
43149846 662 1000
43175195 663 1000
43199970 664 1000
43229133 665 1000
43255738 666 1000
43277808 667 1000
43309075 668 1000
43335218 669 1000
43363319 670 1000
43382770 671 1000
43417913 672 1000
43440441 673 1000
43474942 674 1000
43505498 675 1000
43543028 676 1000
43574896 677 1000
43607078 678 1000
43641583 679 1000
43672547 680 1000
43706979 681 1000
43749515 682 1000
43785051 683 1000
43823253 684 1000
43852944 685 1000
43891942 686 1000
43934115 687 1000
43971348 688 1000
44011528 689 1000
44055001 690 1000
44103808 691 1000
44148683 692 1000
44198226 693 1000
44242372 694 1000
44298295 695 1000
44347530 696 1000
44399463 697 1000
44450781 698 1000
44503156 699 1000
44559378 700 1000
44605254 701 1000
44661651 702 1000
44703450 703 1000
44754589 704 1000
44806734 705 1000
44868952 706 1000
44925577 707 1000
44983740 708 1000
45060117 709 1000
45116239 710 1000
45172379 711 1000
45216576 712 1000
45265583 713 1000
45320315 714 1000
45377208 715 1000
45438110 716 1000
45509498 717 1000
45561272 718 1000
45608739 719 1000
45660812 720 1000
45725876 721 1000
45775163 722 1000
45821513 723 1000
45882355 724 1000
45928941 725 1000
45977433 726 1000
46022489 727 1000
46080699 728 1000
46144799 729 1000
46185896 730 1000
46231426 731 1000
46266755 732 1000
46311566 733 1000
46352819 734 1000
46392899 735 1000
46434941 736 1000
46476071 737 1000
46513192 738 1000
46550504 739 1000
46595968 740 1000
46648402 741 1000
46707759 742 1000
46770880 743 1000
46812061 744 1000
46859038 745 1000
46916850 746 1000
46953647 747 1000
47000797 748 1000
47042835 749 1000
47085269 750 1000
47133539 751 1000
47193285 752 1000
47253035 753 1000
47306170 754 1000
47377434 755 1000
47437087 756 1000
47489695 757 1000
47563252 758 1000
47652837 759 1000
47739449 760 1000
47826449 761 1000
47902663 762 1000
47980480 763 1000
48087787 764 1000
48198103 765 1000
48327070 766 1000
48450708 767 1000
48627619 768 1000
48752450 769 1000
48912929 770 1000
49089265 771 1000
49229349 772 1000
49425778 773 1000
49587864 774 1000
49756278 775 1000
49911630 776 1000
50104052 777 1000
50291629 778 1000
50436673 779 1000
50651846 780 1000
50864382 781 1000
51064928 782 1000
51234888 783 1000
51395629 784 1000
51582603 785 1000
51799119 786 1000
51983377 787 1000
52127642 788 1000
52272389 789 1000
52394127 790 1000
52531581 791 1000
52630408 792 1000
52748249 793 1000
52900658 794 1000
53046824 795 1000
53228831 796 1000
53390284 797 1000
53559129 798 1000
53734446 799 1000
53932518 800 1000
54095143 801 1000
54271825 802 1000
54455211 803 1000
54594499 804 1000
54692828 805 1000
54835801 806 1000
54967719 807 1000
55100584 808 1000
55221072 809 1000
55294599 810 1000
55386512 811 1000
55487696 812 1000
55607782 813 1000
55686508 814 1000
55756405 815 1000
55832264 816 1000
55901891 817 1000
55967130 818 1000
56028141 819 1000
56087125 820 1000
56157275 821 1000
56218211 822 1000
56287675 823 1000
56357802 824 1000
56406136 825 1000
56449157 826 1000
56495229 827 1000
56540244 828 1000
56584156 829 1000
56635766 830 1000
56672622 831 1000
56712165 832 1000
56757724 833 1000
56799802 834 1000
56842451 835 1000
56877479 836 1000
56911216 837 1000
56950521 838 1000
56990016 839 1000
57029260 840 1000
57072297 841 1000
57119383 842 1000
57157521 843 1000
57207678 844 1000
57252632 845 1000
57315706 846 1000
57363303 847 1000
57407885 848 1000
57450539 849 1000
57495328 850 1000
57545816 851 1000
57599156 852 1000
57655387 853 1000
57693663 854 1000
57746371 855 1000
57803593 856 1000
57858268 857 1000
57900525 858 1000
57942226 859 1000
57980079 860 1000
58035812 861 1000
58094148 862 1000
58137424 863 1000
58182285 864 1000
58232692 865 1000
58283872 866 1000
58321916 867 1000
58364055 868 1000
58408812 869 1000
58474383 870 1000
58537210 871 1000
58587990 872 1000
58655637 873 1000
58716564 874 1000
58778990 875 1000
58848697 876 1000
58904849 877 1000
58958295 878 1000
59045180 879 1000
59117804 880 1000
59188780 881 1000
59285915 882 1000
59377114 883 1000
59455639 884 1000
59552986 885 1000
59670674 886 1000
59768012 887 1000
59850264 888 1000
59946812 889 1000
60027407 890 1000
60142901 891 1000
60227065 892 1000
60359879 893 1000
60458250 894 1000
60559455 895 1000
60682232 896 1000
60804451 897 1000
60903942 898 1000
61010354 899 1000
61088152 900 1000
61191871 901 1000
61288946 902 1000
61396293 903 1000
61494811 904 1000
61612031 905 1000
61781909 906 1000
61953530 907 1000
62165040 908 1000
62319006 909 1000
62482016 910 1000
62600754 911 1000
62735834 912 1000
62866867 913 1000
63030771 914 1000
63177269 915 1000
63365843 916 1000
63563702 917 1000
63755678 918 1000
63925650 919 1000
64184473 920 1000
64423688 921 1000
64646218 922 1000
64864456 923 1000
65013285 924 1000
65156272 925 1000
65384034 926 1000
65745046 927 1000
66163941 928 1000
66424898 929 1000
66783545 930 1000
67077792 931 1000
67334612 932 1000
67816222 933 1000
68232304 934 1000
68657960 935 1000
69085286 936 1000
69667131 937 1000
70055318 938 1000
70622856 939 1000
71167852 940 1000
71549134 941 1000
72021474 942 1000
72450562 943 1000
73143045 944 1000
73568540 945 1000
74361904 946 1000
75223829 947 1000
76451758 948 1000
77878339 949 1000
79723954 950 1000
80501478 951 1000
81233776 952 1000
82291715 953 1000
85117497 954 1000
87746662 955 1000
89780861 956 1000
93539275 957 1000
94359532 958 1000
99339606 959 1000
100957826 960 1000
101763172 961 1000
104488103 962 1000
113579473 963 1000
122790460 964 1000
125487256 965 1000
128712704 966 1000
140352441 967 1000
144969584 968 1000
151930502 969 1000
152852557 970 1000
159478941 971 1000
167129014 972 1000
172235335 973 1000
178921933 974 1000
182206102 975 1000
183419263 976 1000
187592625 977 1000
188498530 978 1000
203757680 979 1000
206131425 980 1000
211566243 981 1000
213244019 982 1000
241913883 983 1000
258751620 984 1000
260773864 985 1000
264074839 986 1000
273344514 987 1000
295161946 988 1000
299695507 989 1000
306331342 990 1000
315817738 991 1000
325687742 992 1000
359574357 993 1000
376585238 994 1000
380300130 995 1000
393312431 996 1000
419403632 997 1000
424890075 998 1000
444079818 999 1000
