# load avg(tp, lat, bwr, bww, cpu, tps, brps, bwps), sd(...), ci(...)
50 50 16988.7904068 84.187360073 1557022.65358 1306824.48157 3.45619806763 284.283308642 0.0 2275.29367901 50 0.0 0.0 0.0 0.0 0.0 0.0 0.0 0.0 50 0.0 0.0 0.0 0.0 0.0 0.0 0.0 0.0 
100 100 36384.4692299 74.3190877166 3358327.34013 2828544.87674 5.34801388889 461.836672571 0.0 3694.70331884 100 0.0 0.0 0.0 0.0 0.0 0.0 0.0 0.0 100 0.0 0.0 0.0 0.0 0.0 0.0 0.0 0.0 
150 150 55441.7211749 72.2378414692 5167224.81989 4352038.90556 7.14066666667 606.176736983 0.0 5082.85036017 150 0.0 0.0 0.0 0.0 0.0 0.0 0.0 0.0 150 0.0 0.0 0.0 0.0 0.0 0.0 0.0 0.0 
200 200 70886.9773016 75.1978293731 6619705.68667 5578622.69448 8.63565277778 593.644318304 0.0 6178.57813902 200 0.0 0.0 0.0 0.0 0.0 0.0 0.0 0.0 200 0.0 0.0 0.0 0.0 0.0 0.0 0.0 0.0 
250 250 160622.41542 47.8085409195 14855003.8239 12523240.4504 18.0779166667 1059.05197531 0.0 13171.132716 250 0.0 0.0 0.0 0.0 0.0 0.0 0.0 0.0 250 0.0 0.0 0.0 0.0 0.0 0.0 0.0 0.0 
300 300 180921.849189 53.8121223996 16893307.1534 14225590.3 20.0171511995 1189.23600253 0.0 14832.6898796 300 0.0 0.0 0.0 0.0 0.0 0.0 0.0 0.0 300 0.0 0.0 0.0 0.0 0.0 0.0 0.0 0.0 
350 350 208799.780911 51.9117430651 19275068.6269 16183734.8467 22.7500482955 1370.20629181 0.0 17036.3971293 350 0.0 0.0 0.0 0.0 0.0 0.0 0.0 0.0 350 0.0 0.0 0.0 0.0 0.0 0.0 0.0 0.0 
400 400 217446.981962 54.9769125648 20012381.4183 16794765.3312 23.8440278145 1420.61935224 0.0 17676.5303265 400 0.0 0.0 0.0 0.0 0.0 0.0 0.0 0.0 400 0.0 0.0 0.0 0.0 0.0 0.0 0.0 0.0 
450 450 218382.905762 60.0651038167 20205463.5935 16945175.2096 24.0547238372 1428.90204722 0.0 17794.6721632 450 0.0 0.0 0.0 0.0 0.0 0.0 0.0 0.0 450 0.0 0.0 0.0 0.0 0.0 0.0 0.0 0.0 
460 460 231016.252952 57.6850401022 21404139.9571 17966790.7757 25.618347648 1514.95741954 0.0 18853.175229 460 0.0 0.0 0.0 0.0 0.0 0.0 0.0 0.0 460 0.0 0.0 0.0 0.0 0.0 0.0 0.0 0.0 
480 480 236958.968166 57.5008429316 21851041.4123 18354283.546 26.2096947674 1543.94585271 0.0 19249.506137 480 0.0 0.0 0.0 0.0 0.0 0.0 0.0 0.0 480 0.0 0.0 0.0 0.0 0.0 0.0 0.0 0.0 
500 500 276719.963333 51.8707432801 25410872.8272 21338498.3428 30.5211773256 1799.44282946 0.0 22417.1662145 500 0.0 0.0 0.0 0.0 0.0 0.0 0.0 0.0 500 0.0 0.0 0.0 0.0 0.0 0.0 0.0 0.0 
600 600 298810.02051 57.0039816669 27568197.9397 23134555.539 33.1703840012 1944.65891534 0.0 24220.7174074 600 0.0 0.0 0.0 0.0 0.0 0.0 0.0 0.0 600 0.0 0.0 0.0 0.0 0.0 0.0 0.0 0.0 
700 700 316029.515177 61.9176427948 29226432.0949 24524952.8263 35.4374951923 2054.24510078 0.0 25587.2381806 700 0.0 0.0 0.0 0.0 0.0 0.0 0.0 0.0 700 0.0 0.0 0.0 0.0 0.0 0.0 0.0 0.0 
800 800 297410.438199 71.8813181159 27492341.9753 23088149.1947 35.0415456309 1932.08102564 0.0 24070.6505128 800 0.0 0.0 0.0 0.0 0.0 0.0 0.0 0.0 800 0.0 0.0 0.0 0.0 0.0 0.0 0.0 0.0 
900 900 288623.550934 81.5364035762 26958172.2442 22659216.0448 34.9035853041 1877.34097598 0.0 23382.2004505 900 0.0 0.0 0.0 0.0 0.0 0.0 0.0 0.0 900 0.0 0.0 0.0 0.0 0.0 0.0 0.0 0.0 
1000 1000 279870.60559 92.6570344273 26062063.9977 21909835.3293 34.8286334044 1823.45675084 0.0 22711.8127778 1000 0.0 0.0 0.0 0.0 0.0 0.0 0.0 0.0 1000 0.0 0.0 0.0 0.0 0.0 0.0 0.0 0.0 
