# load avg(tp, lat, bwr, bww, cpu, tps, brps, bwps), sd(...), ci(...)
10 10 3432.14646757 83.9275696108 2481872.60883 2074504.25511 4.95892857143 412.609298246 0.0 3300.03333333 10 0.0 0.0 0.0 0.0 0.0 0.0 0.0 0.0 10 0.0 0.0 0.0 0.0 0.0 0.0 0.0 0.0 
12 12 4530.98363982 75.1435011414 3258828.41736 2727762.09856 5.76116071429 514.149122807 0.0 4114.24561404 12 0.0 0.0 0.0 0.0 0.0 0.0 0.0 0.0 12 0.0 0.0 0.0 0.0 0.0 0.0 0.0 0.0 
14 14 5695.01326353 67.8251812809 4100507.50645 3431571.30484 6.68125 610.493577694 0.0 4882.53115288 14 0.0 0.0 0.0 0.0 0.0 0.0 0.0 0.0 14 0.0 0.0 0.0 0.0 0.0 0.0 0.0 0.0 
16 16 6620.61982978 65.2071428974 4790525.0855 4018269.34023 7.334375 686.98245614 0.0 5494.94736842 16 0.0 0.0 0.0 0.0 0.0 0.0 0.0 0.0 16 0.0 0.0 0.0 0.0 0.0 0.0 0.0 0.0 
19 19 7892.58349883 64.3413719318 5713570.06443 4792855.52993 8.44258928571 757.03877193 0.0 6330.73614035 19 0.0 0.0 0.0 0.0 0.0 0.0 0.0 0.0 19 0.0 0.0 0.0 0.0 0.0 0.0 0.0 0.0 
22 22 8989.9414028 65.0935037722 6475480.65723 5437483.45833 8.99455357143 751.778248747 0.0 7018.64380796 22 0.0 0.0 0.0 0.0 0.0 0.0 0.0 0.0 22 0.0 0.0 0.0 0.0 0.0 0.0 0.0 0.0 
26 26 10380.7770617 67.0444365553 7466504.01294 6274819.97446 9.94169642857 746.506071429 0.0 7908.06785714 26 0.0 0.0 0.0 0.0 0.0 0.0 0.0 0.0 26 0.0 0.0 0.0 0.0 0.0 0.0 0.0 0.0 
31 31 21005.5894688 49.4041390179 15114634.7929 12701413.4945 17.6378571429 1240.01375 0.0 15233.1514286 31 0.0 0.0 0.0 0.0 0.0 0.0 0.0 0.0 31 0.0 0.0 0.0 0.0 0.0 0.0 0.0 0.0 
37 37 31346.9377263 40.9099035385 22581756.0413 18925760.7824 25.3341071429 1817.74107143 0.0 22456.7857143 37 0.0 0.0 0.0 0.0 0.0 0.0 0.0 0.0 37 0.0 0.0 0.0 0.0 0.0 0.0 0.0 0.0 
44 44 32273.6939046 43.5374937339 23088565.3962 19356250.8717 25.9966964286 1873.38392857 0.0 23113.4285714 44 0.0 0.0 0.0 0.0 0.0 0.0 0.0 0.0 44 0.0 0.0 0.0 0.0 0.0 0.0 0.0 0.0 
50 50 32897.1495504 46.2804366226 23574412.7903 19731601.8197 26.0258928571 1901.90732143 0.0 23500.1810714 50 0.0 0.0 0.0 0.0 0.0 0.0 0.0 0.0 50 0.0 0.0 0.0 0.0 0.0 0.0 0.0 0.0 
52 52 33326.311609 46.3499253361 24050065.2682 20171859.0798 26.0568587662 1931.25991071 0.0 23793.7072321 52 0.0 0.0 0.0 0.0 0.0 0.0 0.0 0.0 52 0.0 0.0 0.0 0.0 0.0 0.0 0.0 0.0 
55 55 33123.4913222 48.5640885231 23622825.2222 19806352.5567 25.6936607143 1934.56578571 0.0 23812.7874935 55 0.0 0.0 0.0 0.0 0.0 0.0 0.0 0.0 55 0.0 0.0 0.0 0.0 0.0 0.0 0.0 0.0 
60 60 32555.3643536 51.1550382304 23418135.3795 19628895.4903 24.6200909091 1879.14973214 0.0 23362.7821429 60 0.0 0.0 0.0 0.0 0.0 0.0 0.0 0.0 60 0.0 0.0 0.0 0.0 0.0 0.0 0.0 0.0 
61 61 32571.4270692 51.7878523321 23303782.2542 19521378.5209 24.4853571429 1878.06803571 0.0 23399.9222321 61 0.0 0.0 0.0 0.0 0.0 0.0 0.0 0.0 61 0.0 0.0 0.0 0.0 0.0 0.0 0.0 0.0 
62 62 45605.9804004 42.8685793101 32272814.9485 26895617.0588 33.6918733766 2633.195625 0.0 32550.5876786 62 0.0 0.0 0.0 0.0 0.0 0.0 0.0 0.0 62 0.0 0.0 0.0 0.0 0.0 0.0 0.0 0.0 
63 63 47972.597055 41.492155699 34229914.3651 28552351.1249 35.8139788961 2773.36266234 0.0 34184.9 63 0.0 0.0 0.0 0.0 0.0 0.0 0.0 0.0 63 0.0 0.0 0.0 0.0 0.0 0.0 0.0 0.0 
64 64 48472.9388334 41.8494680078 34385372.3019 28677379.4308 35.801875 2786.22464286 0.0 34407.6024107 64 0.0 0.0 0.0 0.0 0.0 0.0 0.0 0.0 64 0.0 0.0 0.0 0.0 0.0 0.0 0.0 0.0 
65 65 48525.8692224 43.0477537905 34709752.6791 28937123.3617 35.6498019481 2817.95309091 0.0 34845.2855455 65 0.0 0.0 0.0 0.0 0.0 0.0 0.0 0.0 65 0.0 0.0 0.0 0.0 0.0 0.0 0.0 0.0 
70 70 50354.6631018 44.1481682077 35742473.3267 29809942.8851 37.4251818182 2894.25892857 0.0 35704.0714286 70 0.0 0.0 0.0 0.0 0.0 0.0 0.0 0.0 70 0.0 0.0 0.0 0.0 0.0 0.0 0.0 0.0 
90 90 52401.6801257 51.6910961143 37694860.184 31450763.5368 38.3579245283 3061.16849057 0.0 37695.0829245 90 0.0 0.0 0.0 0.0 0.0 0.0 0.0 0.0 90 0.0 0.0 0.0 0.0 0.0 0.0 0.0 0.0 
100 100 56259.0452615 53.9551207082 40510815.4484 33861558.8764 41.431509434 3259.7809434 0.0 40488.4983019 100 0.0 0.0 0.0 0.0 0.0 0.0 0.0 0.0 100 0.0 0.0 0.0 0.0 0.0 0.0 0.0 0.0 
120 120 56122.6538276 62.3372166657 40592067.2183 33955316.638 41.6370754717 3254.38650943 0.0 40500.1389623 120 0.0 0.0 0.0 0.0 0.0 0.0 0.0 0.0 120 0.0 0.0 0.0 0.0 0.0 0.0 0.0 0.0 
140 140 57917.0338371 68.0946731944 42507890.2916 35578438.0771 42.8336538462 3382.53288462 0.0 42266.1849038 140 0.0 0.0 0.0 0.0 0.0 0.0 0.0 0.0 140 0.0 0.0 0.0 0.0 0.0 0.0 0.0 0.0 
160 160 57492.840589 76.8035301912 41500708.4779 34827750.1937 43.4358552189 3297.36063636 0.0 41255.7580909 160 0.0 0.0 0.0 0.0 0.0 0.0 0.0 0.0 160 0.0 0.0 0.0 0.0 0.0 0.0 0.0 0.0 
180 180 57520.3215376 84.4444902894 42197515.0438 35348484.2232 43.4222222222 3337.94833333 0.0 41815.6860185 180 0.0 0.0 0.0 0.0 0.0 0.0 0.0 0.0 180 0.0 0.0 0.0 0.0 0.0 0.0 0.0 0.0 
200 200 58048.8995523 92.5660117851 42343145.3336 35452909.3909 44.0576415094 3352.40084906 0.0 41924.5881132 200 0.0 0.0 0.0 0.0 0.0 0.0 0.0 0.0 200 0.0 0.0 0.0 0.0 0.0 0.0 0.0 0.0 
