18141201 0 1000
19385705 1 1000
19658514 2 1000
19868446 3 1000
20008489 4 1000
20181910 5 1000
20326542 6 1000
20428191 7 1000
20506235 8 1000
20622347 9 1000
20752323 10 1000
20837085 11 1000
20933503 12 1000
21019214 13 1000
21095892 14 1000
21169275 15 1000
21247064 16 1000
21311511 17 1000
21356054 18 1000
21402914 19 1000
21462060 20 1000
21509527 21 1000
21561278 22 1000
21604904 23 1000
21664373 24 1000
21720963 25 1000
21771734 26 1000
21819773 27 1000
21872153 28 1000
21925447 29 1000
21970026 30 1000
22007941 31 1000
22049386 32 1000
22099757 33 1000
22144813 34 1000
22197091 35 1000
22239122 36 1000
22282819 37 1000
22307150 38 1000
22345092 39 1000
22380851 40 1000
22419506 41 1000
22450515 42 1000
22488314 43 1000
22525671 44 1000
22558375 45 1000
22603874 46 1000
22634818 47 1000
22658873 48 1000
22693738 49 1000
22726598 50 1000
22756223 51 1000
22801855 52 1000
22838443 53 1000
22864871 54 1000
22898332 55 1000
22932353 56 1000
22958108 57 1000
22987098 58 1000
23015804 59 1000
23049982 60 1000
23079503 61 1000
23110589 62 1000
23141459 63 1000
23169210 64 1000
23196763 65 1000
23228892 66 1000
23261406 67 1000
23289950 68 1000
23316658 69 1000
23357742 70 1000
23386024 71 1000
23423043 72 1000
23454882 73 1000
23482209 74 1000
23516564 75 1000
23539829 76 1000
23580787 77 1000
23602262 78 1000
23634947 79 1000
23666002 80 1000
23701419 81 1000
23730389 82 1000
23768289 83 1000
23798569 84 1000
23832599 85 1000
23860357 86 1000
23889777 87 1000
23909720 88 1000
23942149 89 1000
23964658 90 1000
23994299 91 1000
24030653 92 1000
24060362 93 1000
24085178 94 1000
24109269 95 1000
24135333 96 1000
24159851 97 1000
24186432 98 1000
24218723 99 1000
24249421 100 1000
24271062 101 1000
24295299 102 1000
24315330 103 1000
24341105 104 1000
24367776 105 1000
24388539 106 1000
24414511 107 1000
24433778 108 1000
24459845 109 1000
24486309 110 1000
24511139 111 1000
24529906 112 1000
24549012 113 1000
24576508 114 1000
24594588 115 1000
24629109 116 1000
24654596 117 1000
24684759 118 1000
24710756 119 1000
24736342 120 1000
24754253 121 1000
24775409 122 1000
24797593 123 1000
24825085 124 1000
24860071 125 1000
24883338 126 1000
24908505 127 1000
24949111 128 1000
24975929 129 1000
25000535 130 1000
25029758 131 1000
25062198 132 1000
25083663 133 1000
25108168 134 1000
25141733 135 1000
25165106 136 1000
25195195 137 1000
25218604 138 1000
25241470 139 1000
25274749 140 1000
25299757 141 1000
25329287 142 1000
25345261 143 1000
25369731 144 1000
25394180 145 1000
25410937 146 1000
25432744 147 1000
25446943 148 1000
25475598 149 1000
25502303 150 1000
25522092 151 1000
25550120 152 1000
25572929 153 1000
25591897 154 1000
25613283 155 1000
25640541 156 1000
25669633 157 1000
25696189 158 1000
25716846 159 1000
25741660 160 1000
25761710 161 1000
25785509 162 1000
25802183 163 1000
25835794 164 1000
25860293 165 1000
25872302 166 1000
25898417 167 1000
25913978 168 1000
25932989 169 1000
25957199 170 1000
25977859 171 1000
25994185 172 1000
26011155 173 1000
26030480 174 1000
26043930 175 1000
26067514 176 1000
26087694 177 1000
26104303 178 1000
26118913 179 1000
26139047 180 1000
26154169 181 1000
26167034 182 1000
26184796 183 1000
26210442 184 1000
26228386 185 1000
26243126 186 1000
26262090 187 1000
26283108 188 1000
26301409 189 1000
26327923 190 1000
26347796 191 1000
26367050 192 1000
26382429 193 1000
26396648 194 1000
26411982 195 1000
26427805 196 1000
26443319 197 1000
26462442 198 1000
26478661 199 1000
26497943 200 1000
26522876 201 1000
26539021 202 1000
26549766 203 1000
26562002 204 1000
26574925 205 1000
26596631 206 1000
26614677 207 1000
26627809 208 1000
26642942 209 1000
26657417 210 1000
26677033 211 1000
26695678 212 1000
26714230 213 1000
26734600 214 1000
26755895 215 1000
26780384 216 1000
26798605 217 1000
26815230 218 1000
26829390 219 1000
26844001 220 1000
26861508 221 1000
26873065 222 1000
26882773 223 1000
26896496 224 1000
26912015 225 1000
26925247 226 1000
26937950 227 1000
26947807 228 1000
26962944 229 1000
26973494 230 1000
26982102 231 1000
27002446 232 1000
27012405 233 1000
27021460 234 1000
27035810 235 1000
27049448 236 1000
27065144 237 1000
27083759 238 1000
27100618 239 1000
27117663 240 1000
27132203 241 1000
27144878 242 1000
27154601 243 1000
27170085 244 1000
27182820 245 1000
27195808 246 1000
27207610 247 1000
27219990 248 1000
27238618 249 1000
27251168 250 1000
27265834 251 1000
27282214 252 1000
27295377 253 1000
27310358 254 1000
27323178 255 1000
27340382 256 1000
27361556 257 1000
27376044 258 1000
27393539 259 1000
27416691 260 1000
27430474 261 1000
27448700 262 1000
27457571 263 1000
27472860 264 1000
27486235 265 1000
27498971 266 1000
27511544 267 1000
27524125 268 1000
27537671 269 1000
27550072 270 1000
27562522 271 1000
27576146 272 1000
27586904 273 1000
27601732 274 1000
27614374 275 1000
27630092 276 1000
27645970 277 1000
27662740 278 1000
27677086 279 1000
27690125 280 1000
27706456 281 1000
27720962 282 1000
27737201 283 1000
27750633 284 1000
27766398 285 1000
27785608 286 1000
27799783 287 1000
27809249 288 1000
27821619 289 1000
27838272 290 1000
27855536 291 1000
27871516 292 1000
27885956 293 1000
27897752 294 1000
27911648 295 1000
27929354 296 1000
27938261 297 1000
27954499 298 1000
27961717 299 1000
27974946 300 1000
27984893 301 1000
27997235 302 1000
28015960 303 1000
28029066 304 1000
28042969 305 1000
28053431 306 1000
28067368 307 1000
28084732 308 1000
28104211 309 1000
28118483 310 1000
28132292 311 1000
28143035 312 1000
28151864 313 1000
28165233 314 1000
28180175 315 1000
28191326 316 1000
28203622 317 1000
28217538 318 1000
28233587 319 1000
28242943 320 1000
28258090 321 1000
28272327 322 1000
28281983 323 1000
28294871 324 1000
28313703 325 1000
28332482 326 1000
28345009 327 1000
28358123 328 1000
28372141 329 1000
28385187 330 1000
28401102 331 1000
28417947 332 1000
28428713 333 1000
28440574 334 1000
28457391 335 1000
28477781 336 1000
28492977 337 1000
28510601 338 1000
28526087 339 1000
28541559 340 1000
28561213 341 1000
28574696 342 1000
28592468 343 1000
28611491 344 1000
28630562 345 1000
28651465 346 1000
28667683 347 1000
28686812 348 1000
28708733 349 1000
28723911 350 1000
28738061 351 1000
28753623 352 1000
28775686 353 1000
28800397 354 1000
28823049 355 1000
28843749 356 1000
28862530 357 1000
28888544 358 1000
28908764 359 1000
28932927 360 1000
28962351 361 1000
28978577 362 1000
29001222 363 1000
29023074 364 1000
29039050 365 1000
29057185 366 1000
29075206 367 1000
29091228 368 1000
29116347 369 1000
29139774 370 1000
29155351 371 1000
29176032 372 1000
29194511 373 1000
29210857 374 1000
29239770 375 1000
29258897 376 1000
29278166 377 1000
29296596 378 1000
29310895 379 1000
29331654 380 1000
29351339 381 1000
29373528 382 1000
29391548 383 1000
29412152 384 1000
29428952 385 1000
29450661 386 1000
29467462 387 1000
29486849 388 1000
29502495 389 1000
29523545 390 1000
29541959 391 1000
29563143 392 1000
29578395 393 1000
29603809 394 1000
29618576 395 1000
29633146 396 1000
29649219 397 1000
29672238 398 1000
29694541 399 1000
29710869 400 1000
29729244 401 1000
29745830 402 1000
29767047 403 1000
29787666 404 1000
29804076 405 1000
29823162 406 1000
29846863 407 1000
29864001 408 1000
29878857 409 1000
29893561 410 1000
29918822 411 1000
29932658 412 1000
29953873 413 1000
29968097 414 1000
29982195 415 1000
29998291 416 1000
30017897 417 1000
30033287 418 1000
30051723 419 1000
30070290 420 1000
30088384 421 1000
30104850 422 1000
30124152 423 1000
30142532 424 1000
30154923 425 1000
30177514 426 1000
30199712 427 1000
30213327 428 1000
30228189 429 1000
30246960 430 1000
30263708 431 1000
30280370 432 1000
30298291 433 1000
30314858 434 1000
30327005 435 1000
30340527 436 1000
30350447 437 1000
30374042 438 1000
30392465 439 1000
30406213 440 1000
30418997 441 1000
30435560 442 1000
30451665 443 1000
30474029 444 1000
30490069 445 1000
30504971 446 1000
30525030 447 1000
30537870 448 1000
30562814 449 1000
30577677 450 1000
30588733 451 1000
30604168 452 1000
30615182 453 1000
30634052 454 1000
30650995 455 1000
30666704 456 1000
30691301 457 1000
30714584 458 1000
30736310 459 1000
30756792 460 1000
30774304 461 1000
30794825 462 1000
30815738 463 1000
30828911 464 1000
30845337 465 1000
30859908 466 1000
30878005 467 1000
30895525 468 1000
30912685 469 1000
30934796 470 1000
30951893 471 1000
30970662 472 1000
30989677 473 1000
31011402 474 1000
31031050 475 1000
31050705 476 1000
31066135 477 1000
31083567 478 1000
31097659 479 1000
31110955 480 1000
31127953 481 1000
31142216 482 1000
31164344 483 1000
31180987 484 1000
31197288 485 1000
31216889 486 1000
31236180 487 1000
31257574 488 1000
31285260 489 1000
31305481 490 1000
31326080 491 1000
31343714 492 1000
31362062 493 1000
31378696 494 1000
31396005 495 1000
31411788 496 1000
31434286 497 1000
31458225 498 1000
31485627 499 1000
31506953 500 1000
31519996 501 1000
31538783 502 1000
31559488 503 1000
31576046 504 1000
31592708 505 1000
31612220 506 1000
31634776 507 1000
31651938 508 1000
31673015 509 1000
31692426 510 1000
31708447 511 1000
31719761 512 1000
31737190 513 1000
31756758 514 1000
31772779 515 1000
31792644 516 1000
31814041 517 1000
31836139 518 1000
31847624 519 1000
31860840 520 1000
31882940 521 1000
31902247 522 1000
31919545 523 1000
31936566 524 1000
31958315 525 1000
31973092 526 1000
31988580 527 1000
32006127 528 1000
32025021 529 1000
32040342 530 1000
32059162 531 1000
32076201 532 1000
32092562 533 1000
32111787 534 1000
32127674 535 1000
32144032 536 1000
32167525 537 1000
32189058 538 1000
32209293 539 1000
32229189 540 1000
32246399 541 1000
32270333 542 1000
32292769 543 1000
32312897 544 1000
32330874 545 1000
32350365 546 1000
32364608 547 1000
32387985 548 1000
32407196 549 1000
32430036 550 1000
32448313 551 1000
32469740 552 1000
32492306 553 1000
32514828 554 1000
32531881 555 1000
32549281 556 1000
32570889 557 1000
32586650 558 1000
32603193 559 1000
32618037 560 1000
32635144 561 1000
32656456 562 1000
32678510 563 1000
32696148 564 1000
32721080 565 1000
32740062 566 1000
32754514 567 1000
32778815 568 1000
32799581 569 1000
32815280 570 1000
32846332 571 1000
32873160 572 1000
32896027 573 1000
32914522 574 1000
32935306 575 1000
32957225 576 1000
32986528 577 1000
33008377 578 1000
33032864 579 1000
33066888 580 1000
33094303 581 1000
33112041 582 1000
33127792 583 1000
33159969 584 1000
33191026 585 1000
33215445 586 1000
33234520 587 1000
33257510 588 1000
33278939 589 1000
33315477 590 1000
33343018 591 1000
33359694 592 1000
33385679 593 1000
33404726 594 1000
33426883 595 1000
33462226 596 1000
33483639 597 1000
33517612 598 1000
33540496 599 1000
33563103 600 1000
33585842 601 1000
33610085 602 1000
33635438 603 1000
33659090 604 1000
33681935 605 1000
33709293 606 1000
33733173 607 1000
33757339 608 1000
33780385 609 1000
33796309 610 1000
33817135 611 1000
33844868 612 1000
33866509 613 1000
33886115 614 1000
33907512 615 1000
33935374 616 1000
33957708 617 1000
33976942 618 1000
33997088 619 1000
34020768 620 1000
34031627 621 1000
34052992 622 1000
34076101 623 1000
34098054 624 1000
34125814 625 1000
34146672 626 1000
34174635 627 1000
34198242 628 1000
34219614 629 1000
34245123 630 1000
34268454 631 1000
34301815 632 1000
34332508 633 1000
34357508 634 1000
34380528 635 1000
34407486 636 1000
34429933 637 1000
34467962 638 1000
34495292 639 1000
34523693 640 1000
34552329 641 1000
34578335 642 1000
34607452 643 1000
34633263 644 1000
34656060 645 1000
34676217 646 1000
34708789 647 1000
34738299 648 1000
34765449 649 1000
34781796 650 1000
34806691 651 1000
34833108 652 1000
34860550 653 1000
34890755 654 1000
34910008 655 1000
34944599 656 1000
34972531 657 1000
34993691 658 1000
35024124 659 1000
35043861 660 1000
35065058 661 1000
35092919 662 1000
35118509 663 1000
35145386 664 1000
35169356 665 1000
35196869 666 1000
35220593 667 1000
35249204 668 1000
35273549 669 1000
35292935 670 1000
35322044 671 1000
35343299 672 1000
35365535 673 1000
35404572 674 1000
35432498 675 1000
35450641 676 1000
35478066 677 1000
35509372 678 1000
35544308 679 1000
35577546 680 1000
35602003 681 1000
35624752 682 1000
35656460 683 1000
35676283 684 1000
35691544 685 1000
35710186 686 1000
35729683 687 1000
35757305 688 1000
35788190 689 1000
35816837 690 1000
35849907 691 1000
35876234 692 1000
35904902 693 1000
35930028 694 1000
35955500 695 1000
35982678 696 1000
36004105 697 1000
36029528 698 1000
36056371 699 1000
36102083 700 1000
36134275 701 1000
36164752 702 1000
36201743 703 1000
36230619 704 1000
36261893 705 1000
36295247 706 1000
36321336 707 1000
36347817 708 1000
36373825 709 1000
36398244 710 1000
36426878 711 1000
36451596 712 1000
36474287 713 1000
36501915 714 1000
36526264 715 1000
36558950 716 1000
36579749 717 1000
36599720 718 1000
36625258 719 1000
36656913 720 1000
36677305 721 1000
36715905 722 1000
36749192 723 1000
36802447 724 1000
36838698 725 1000
36879375 726 1000
36915562 727 1000
36946566 728 1000
36976833 729 1000
37014487 730 1000
37049720 731 1000
37075557 732 1000
37110676 733 1000
37144832 734 1000
37181737 735 1000
37210607 736 1000
37240668 737 1000
37282333 738 1000
37325412 739 1000
37346980 740 1000
37380468 741 1000
37431536 742 1000
37469723 743 1000
37504795 744 1000
37541828 745 1000
37596378 746 1000
37636596 747 1000
37697364 748 1000
37753318 749 1000
37776989 750 1000
37836936 751 1000
37869377 752 1000
37923116 753 1000
37986097 754 1000
38021892 755 1000
38069658 756 1000
38118988 757 1000
38165689 758 1000
38198082 759 1000
38227871 760 1000
38263228 761 1000
38298509 762 1000
38354824 763 1000
38399823 764 1000
38436689 765 1000
38468557 766 1000
38511047 767 1000
38541561 768 1000
38575230 769 1000
38611157 770 1000
38636295 771 1000
38678270 772 1000
38693887 773 1000
38720374 774 1000
38747603 775 1000
38777760 776 1000
38820885 777 1000
38876906 778 1000
38921911 779 1000
38944151 780 1000
38991825 781 1000
39037464 782 1000
39083499 783 1000
39138842 784 1000
39186715 785 1000
39231858 786 1000
39270505 787 1000
39326529 788 1000
39377546 789 1000
39414585 790 1000
39442458 791 1000
39478561 792 1000
39523394 793 1000
39564724 794 1000
39605148 795 1000
39649779 796 1000
39690201 797 1000
39746737 798 1000
39775245 799 1000
39789680 800 1000
39858862 801 1000
39921331 802 1000
39980651 803 1000
40038416 804 1000
40116043 805 1000
40164509 806 1000
40208844 807 1000
40282139 808 1000
40340355 809 1000
40386007 810 1000
40425388 811 1000
40461605 812 1000
40506230 813 1000
40549044 814 1000
40625631 815 1000
40681565 816 1000
40734444 817 1000
40780839 818 1000
40846385 819 1000
40888155 820 1000
40922373 821 1000
40965974 822 1000
41007219 823 1000
41063560 824 1000
41135024 825 1000
41188769 826 1000
41234611 827 1000
41294452 828 1000
41373745 829 1000
41470680 830 1000
41530861 831 1000
41594835 832 1000
41696494 833 1000
41815226 834 1000
41877532 835 1000
41944585 836 1000
42002317 837 1000
42069813 838 1000
42146048 839 1000
42236580 840 1000
42321820 841 1000
42397513 842 1000
42453183 843 1000
42522038 844 1000
42584272 845 1000
42657666 846 1000
42726327 847 1000
42792398 848 1000
42842429 849 1000
42905957 850 1000
42970047 851 1000
43034120 852 1000
43086754 853 1000
43147472 854 1000
43212177 855 1000
43319686 856 1000
43379324 857 1000
43442872 858 1000
43523826 859 1000
43595710 860 1000
43656142 861 1000
43746494 862 1000
43869215 863 1000
43971004 864 1000
44095216 865 1000
44208566 866 1000
44302119 867 1000
44374476 868 1000
44468228 869 1000
44540367 870 1000
44621572 871 1000
44706317 872 1000
44809882 873 1000
44893420 874 1000
45006083 875 1000
45088323 876 1000
45164951 877 1000
45249974 878 1000
45330830 879 1000
45419564 880 1000
45526653 881 1000
45619972 882 1000
45745268 883 1000
45846956 884 1000
45930518 885 1000
46047139 886 1000
46153893 887 1000
46239076 888 1000
46311511 889 1000
46381409 890 1000
46466512 891 1000
46554658 892 1000
46649617 893 1000
46740614 894 1000
46831916 895 1000
46937272 896 1000
47003755 897 1000
47155040 898 1000
47288353 899 1000
47412085 900 1000
47489099 901 1000
47558555 902 1000
47627084 903 1000
47774986 904 1000
47890216 905 1000
47978251 906 1000
48064926 907 1000
48170168 908 1000
48332223 909 1000
48438403 910 1000
48590249 911 1000
48699830 912 1000
48844948 913 1000
49005037 914 1000
49156104 915 1000
49336263 916 1000
49579264 917 1000
49905720 918 1000
50037009 919 1000
50151180 920 1000
50246943 921 1000
50375333 922 1000
50608948 923 1000
50783507 924 1000
50920413 925 1000
51054741 926 1000
51246203 927 1000
51504667 928 1000
51715759 929 1000
51929679 930 1000
52039298 931 1000
52188749 932 1000
52345105 933 1000
52493792 934 1000
52758886 935 1000
53057564 936 1000
53420600 937 1000
53777271 938 1000
54139464 939 1000
54453950 940 1000
54633721 941 1000
54935221 942 1000
55292673 943 1000
55708243 944 1000
56196896 945 1000
56562654 946 1000
57037146 947 1000
57717992 948 1000
58462407 949 1000
59504380 950 1000
60020869 951 1000
60655835 952 1000
61165802 953 1000
61387131 954 1000
62308918 955 1000
62983147 956 1000
63855759 957 1000
64284254 958 1000
65416541 959 1000
67425269 960 1000
68108898 961 1000
68850085 962 1000
70279191 963 1000
71926238 964 1000
73929186 965 1000
77560754 966 1000
80550237 967 1000
84286528 968 1000
87718028 969 1000
90402490 970 1000
94386552 971 1000
96691928 972 1000
98738228 973 1000
99818299 974 1000
102258718 975 1000
104343591 976 1000
105255398 977 1000
106512942 978 1000
112668664 979 1000
119259497 980 1000
120180594 981 1000
120948902 982 1000
122154711 983 1000
123137435 984 1000
131777192 985 1000
132422610 986 1000
151787258 987 1000
152263595 988 1000
172238845 989 1000
173439424 990 1000
197137529 991 1000
198949811 992 1000
204607694 993 1000
214802653 994 1000
220674136 995 1000
226479823 996 1000
230093558 997 1000
246888649 998 1000
247783607 999 1000
