# load avg(tp, lat, bwr, bww, cpu, tps, brps, bwps), sd(...), ci(...)
10 10 21015.2700641 12.9842189654 6395645.26473 6029537.28547 27.1580188679 1937.47641509 0.0 15372.0369811 10 0.0 0.0 0.0 0.0 0.0 0.0 0.0 0.0 10 0.0 0.0 0.0 0.0 0.0 0.0 0.0 0.0 
20 20 33214.1960436 16.0757285635 10002060.5486 9440097.46768 36.1868867925 2248.1899492 0.0 17918.7445573 20 0.0 0.0 0.0 0.0 0.0 0.0 0.0 0.0 20 0.0 0.0 0.0 0.0 0.0 0.0 0.0 0.0 
30 30 41365.2496925 19.1721464835 12240527.362 11567471.8833 42.0270754717 2448.78301887 0.0 19546.4150943 30 0.0 0.0 0.0 0.0 0.0 0.0 0.0 0.0 30 0.0 0.0 0.0 0.0 0.0 0.0 0.0 0.0 
40 40 46461.8990302 22.9224912056 13660489.2999 12877659.9633 45.6209433962 2536.11320755 0.0 20319.6981132 40 0.0 0.0 0.0 0.0 0.0 0.0 0.0 0.0 40 0.0 0.0 0.0 0.0 0.0 0.0 0.0 0.0 
50 50 50377.927855 25.9736200532 14882399.4306 13967212.7088 48.2706778477 2611.13924528 0.0 21117.6840566 50 0.0 0.0 0.0 0.0 0.0 0.0 0.0 0.0 50 0.0 0.0 0.0 0.0 0.0 0.0 0.0 0.0 
60 60 52154.8588395 30.0571319042 15477793.7597 14467796.9142 49.6762264151 2593.74528302 0.0 21139.4716981 60 0.0 0.0 0.0 0.0 0.0 0.0 0.0 0.0 60 0.0 0.0 0.0 0.0 0.0 0.0 0.0 0.0 
70 70 53413.3404076 34.0641990598 15836087.8115 14848896.5583 51.3369811321 2599.12820755 0.0 21263.035283 70 0.0 0.0 0.0 0.0 0.0 0.0 0.0 0.0 70 0.0 0.0 0.0 0.0 0.0 0.0 0.0 0.0 
80 80 54165.3587069 38.3783652131 16360650.7313 15339964.4136 52.2850961538 2619.86336538 0.0 21622.8125962 80 0.0 0.0 0.0 0.0 0.0 0.0 0.0 0.0 80 0.0 0.0 0.0 0.0 0.0 0.0 0.0 0.0 
90 90 55593.8544201 54.1992772239 17065905.5492 15823729.6234 51.0313265306 2654.59918367 0.0 22069.1663265 90 0.0 0.0 0.0 0.0 0.0 0.0 0.0 0.0 90 0.0 0.0 0.0 0.0 0.0 0.0 0.0 0.0 
100 100 54335.8876481 68.4627030022 16575117.8559 15364242.6589 50.8285849057 2583.93801705 0.0 21471.6463208 100 0.0 0.0 0.0 0.0 0.0 0.0 0.0 0.0 100 0.0 0.0 0.0 0.0 0.0 0.0 0.0 0.0 
110 110 54258.0142904 79.3635698375 16565361.0739 15299369.9515 50.9963461538 2586.98367199 0.0 21485.777939 110 0.0 0.0 0.0 0.0 0.0 0.0 0.0 0.0 110 0.0 0.0 0.0 0.0 0.0 0.0 0.0 0.0 
120 120 55057.9915254 86.6407584087 16947512.0267 15657876.4802 50.8298979592 2632.14285714 0.0 21829.3877551 120 0.0 0.0 0.0 0.0 0.0 0.0 0.0 0.0 120 0.0 0.0 0.0 0.0 0.0 0.0 0.0 0.0 
130 130 54634.0605037 98.5627128617 16636274.4041 15391094.6855 50.7440384615 2608.72115385 0.0 21725.4615385 130 0.0 0.0 0.0 0.0 0.0 0.0 0.0 0.0 130 0.0 0.0 0.0 0.0 0.0 0.0 0.0 0.0 
140 140 54247.7346644 110.5331239 16693005.5013 15404493.2361 50.7369230769 2609.36692308 0.0 21672.4158654 140 0.0 0.0 0.0 0.0 0.0 0.0 0.0 0.0 140 0.0 0.0 0.0 0.0 0.0 0.0 0.0 0.0 
