9864453 0 1000
10890022 1 1000
11073531 2 1000
11208614 3 1000
11323448 4 1000
11445696 5 1000
11520726 6 1000
11626208 7 1000
11697045 8 1000
11748929 9 1000
11798605 10 1000
11844184 11 1000
11878023 12 1000
11915975 13 1000
11974827 14 1000
12023956 15 1000
12061774 16 1000
12084063 17 1000
12122735 18 1000
12143366 19 1000
12181573 20 1000
12208625 21 1000
12243781 22 1000
12268897 23 1000
12316071 24 1000
12338457 25 1000
12369886 26 1000
12385351 27 1000
12408616 28 1000
12432703 29 1000
12459250 30 1000
12488476 31 1000
12521029 32 1000
12546476 33 1000
12574413 34 1000
12594227 35 1000
12618937 36 1000
12652259 37 1000
12668945 38 1000
12694609 39 1000
12714887 40 1000
12736616 41 1000
12753238 42 1000
12773888 43 1000
12792828 44 1000
12810275 45 1000
12832450 46 1000
12857945 47 1000
12877134 48 1000
12897211 49 1000
12916335 50 1000
12930635 51 1000
12954074 52 1000
12982642 53 1000
12997423 54 1000
13016996 55 1000
13033652 56 1000
13049249 57 1000
13082496 58 1000
13094918 59 1000
13109076 60 1000
13126240 61 1000
13144460 62 1000
13160271 63 1000
13169135 64 1000
13179475 65 1000
13194909 66 1000
13208825 67 1000
13224469 68 1000
13236400 69 1000
13252363 70 1000
13271422 71 1000
13288574 72 1000
13310838 73 1000
13328343 74 1000
13352509 75 1000
13367060 76 1000
13384927 77 1000
13401455 78 1000
13414656 79 1000
13429629 80 1000
13450140 81 1000
13466362 82 1000
13479497 83 1000
13499451 84 1000
13520981 85 1000
13546660 86 1000
13561173 87 1000
13586118 88 1000
13602099 89 1000
13624596 90 1000
13651338 91 1000
13677826 92 1000
13696359 93 1000
13712731 94 1000
13726831 95 1000
13738406 96 1000
13751378 97 1000
13771389 98 1000
13792110 99 1000
13810975 100 1000
13829193 101 1000
13845575 102 1000
13852385 103 1000
13870446 104 1000
13881192 105 1000
13897939 106 1000
13916633 107 1000
13925173 108 1000
13946321 109 1000
13968474 110 1000
13981702 111 1000
14003502 112 1000
14021361 113 1000
14037838 114 1000
14052302 115 1000
14066613 116 1000
14086141 117 1000
14099337 118 1000
14119280 119 1000
14139392 120 1000
14155870 121 1000
14166612 122 1000
14185539 123 1000
14199514 124 1000
14212341 125 1000
14229159 126 1000
14241436 127 1000
14265833 128 1000
14279866 129 1000
14291394 130 1000
14303300 131 1000
14317159 132 1000
14333939 133 1000
14353734 134 1000
14370293 135 1000
14384600 136 1000
14399235 137 1000
14412905 138 1000
14427998 139 1000
14438146 140 1000
14457233 141 1000
14472188 142 1000
14488034 143 1000
14496892 144 1000
14510559 145 1000
14525581 146 1000
14539680 147 1000
14548983 148 1000
14572975 149 1000
14586098 150 1000
14601385 151 1000
14616560 152 1000
14628954 153 1000
14641007 154 1000
14652861 155 1000
14664179 156 1000
14672749 157 1000
14688645 158 1000
14702584 159 1000
14710894 160 1000
14723217 161 1000
14732962 162 1000
14744051 163 1000
14759760 164 1000
14773907 165 1000
14786050 166 1000
14801546 167 1000
14812498 168 1000
14823753 169 1000
14833858 170 1000
14846929 171 1000
14859641 172 1000
14878378 173 1000
14890075 174 1000
14903386 175 1000
14916165 176 1000
14930835 177 1000
14942678 178 1000
14955508 179 1000
14973346 180 1000
14986077 181 1000
14995777 182 1000
15010873 183 1000
15018792 184 1000
15038812 185 1000
15050000 186 1000
15055507 187 1000
15070117 188 1000
15087124 189 1000
15094084 190 1000
15104258 191 1000
15120930 192 1000
15139400 193 1000
15151248 194 1000
15162435 195 1000
15180255 196 1000
15189734 197 1000
15209920 198 1000
15218390 199 1000
15229338 200 1000
15245626 201 1000
15263701 202 1000
15276801 203 1000
15284381 204 1000
15294671 205 1000
15311209 206 1000
15327994 207 1000
15336478 208 1000
15344638 209 1000
15352681 210 1000
15363713 211 1000
15373592 212 1000
15383587 213 1000
15395618 214 1000
15411156 215 1000
15422408 216 1000
15436905 217 1000
15446806 218 1000
15457965 219 1000
15470050 220 1000
15484060 221 1000
15494345 222 1000
15502723 223 1000
15510809 224 1000
15523107 225 1000
15536709 226 1000
15546376 227 1000
15555305 228 1000
15569300 229 1000
15583579 230 1000
15596646 231 1000
15609594 232 1000
15620841 233 1000
15637121 234 1000
15646401 235 1000
15658337 236 1000
15671788 237 1000
15685712 238 1000
15698309 239 1000
15705941 240 1000
15714951 241 1000
15724767 242 1000
15735812 243 1000
15748242 244 1000
15762067 245 1000
15770836 246 1000
15781996 247 1000
15793979 248 1000
15803649 249 1000
15812927 250 1000
15824093 251 1000
15830766 252 1000
15842750 253 1000
15855317 254 1000
15862569 255 1000
15870266 256 1000
15883029 257 1000
15893130 258 1000
15903135 259 1000
15911576 260 1000
15922528 261 1000
15930259 262 1000
15938995 263 1000
15949812 264 1000
15965475 265 1000
15974611 266 1000
15984639 267 1000
15997792 268 1000
16012185 269 1000
16020838 270 1000
16027341 271 1000
16036920 272 1000
16044055 273 1000
16056175 274 1000
16063875 275 1000
16075393 276 1000
16083379 277 1000
16091357 278 1000
16098246 279 1000
16104607 280 1000
16116389 281 1000
16125933 282 1000
16136383 283 1000
16148322 284 1000
16160731 285 1000
16169780 286 1000
16180196 287 1000
16188467 288 1000
16195845 289 1000
16207225 290 1000
16215863 291 1000
16227744 292 1000
16234427 293 1000
16244737 294 1000
16253584 295 1000
16261831 296 1000
16269640 297 1000
16279042 298 1000
16286636 299 1000
16297389 300 1000
16302901 301 1000
16312619 302 1000
16322173 303 1000
16329507 304 1000
16341250 305 1000
16352562 306 1000
16363664 307 1000
16374153 308 1000
16387185 309 1000
16396289 310 1000
16407950 311 1000
16417755 312 1000
16426478 313 1000
16439400 314 1000
16447550 315 1000
16456841 316 1000
16464527 317 1000
16473546 318 1000
16481029 319 1000
16487268 320 1000
16495906 321 1000
16505604 322 1000
16522394 323 1000
16528055 324 1000
16536140 325 1000
16547202 326 1000
16554370 327 1000
16565185 328 1000
16570634 329 1000
16577353 330 1000
16585465 331 1000
16593420 332 1000
16606881 333 1000
16612513 334 1000
16618845 335 1000
16625386 336 1000
16631957 337 1000
16639033 338 1000
16647406 339 1000
16654239 340 1000
16665171 341 1000
16671536 342 1000
16680025 343 1000
16687877 344 1000
16693321 345 1000
16705905 346 1000
16717483 347 1000
16726526 348 1000
16736614 349 1000
16749720 350 1000
16756980 351 1000
16767676 352 1000
16774529 353 1000
16784879 354 1000
16794901 355 1000
16805019 356 1000
16810316 357 1000
16816531 358 1000
16824035 359 1000
16831504 360 1000
16840845 361 1000
16852048 362 1000
16858850 363 1000
16868552 364 1000
16875493 365 1000
16883771 366 1000
16888507 367 1000
16899966 368 1000
16908870 369 1000
16912922 370 1000
16920953 371 1000
16928569 372 1000
16936258 373 1000
16945167 374 1000
16954552 375 1000
16963259 376 1000
16971521 377 1000
16981653 378 1000
16987496 379 1000
16993352 380 1000
17003438 381 1000
17013547 382 1000
17024651 383 1000
17031553 384 1000
17039171 385 1000
17054101 386 1000
17063038 387 1000
17071803 388 1000
17075229 389 1000
17087308 390 1000
17095095 391 1000
17108728 392 1000
17118902 393 1000
17128676 394 1000
17136841 395 1000
17151749 396 1000
17165693 397 1000
17177106 398 1000
17182359 399 1000
17189687 400 1000
17201038 401 1000
17209614 402 1000
17217924 403 1000
17228110 404 1000
17236399 405 1000
17241573 406 1000
17250723 407 1000
17262471 408 1000
17274653 409 1000
17283835 410 1000
17293954 411 1000
17302741 412 1000
17309759 413 1000
17317390 414 1000
17325454 415 1000
17332791 416 1000
17339153 417 1000
17347776 418 1000
17357800 419 1000
17364436 420 1000
17370515 421 1000
17375927 422 1000
17385840 423 1000
17396951 424 1000
17405475 425 1000
17413389 426 1000
17420662 427 1000
17429792 428 1000
17439470 429 1000
17451384 430 1000
17457554 431 1000
17469743 432 1000
17481352 433 1000
17494133 434 1000
17504544 435 1000
17510763 436 1000
17521312 437 1000
17529361 438 1000
17538694 439 1000
17550579 440 1000
17561226 441 1000
17571491 442 1000
17579669 443 1000
17585246 444 1000
17592251 445 1000
17601598 446 1000
17608630 447 1000
17619222 448 1000
17629115 449 1000
17636767 450 1000
17643632 451 1000
17653671 452 1000
17662260 453 1000
17669017 454 1000
17678000 455 1000
17681817 456 1000
17689740 457 1000
17699334 458 1000
17707610 459 1000
17716823 460 1000
17722757 461 1000
17732716 462 1000
17743927 463 1000
17754025 464 1000
17764842 465 1000
17773460 466 1000
17781877 467 1000
17789063 468 1000
17797816 469 1000
17806789 470 1000
17819681 471 1000
17831750 472 1000
17841822 473 1000
17848826 474 1000
17855253 475 1000
17861595 476 1000
17873940 477 1000
17884074 478 1000
17890263 479 1000
17901242 480 1000
17911333 481 1000
17918909 482 1000
17930336 483 1000
17936104 484 1000
17947097 485 1000
17954446 486 1000
17961913 487 1000
17970258 488 1000
17978957 489 1000
17989381 490 1000
17999306 491 1000
18008154 492 1000
18016656 493 1000
18033676 494 1000
18041787 495 1000
18050932 496 1000
18058694 497 1000
18068146 498 1000
18078901 499 1000
18090661 500 1000
18098901 501 1000
18110129 502 1000
18126560 503 1000
18133612 504 1000
18140951 505 1000
18149124 506 1000
18157288 507 1000
18164927 508 1000
18177521 509 1000
18188549 510 1000
18198097 511 1000
18213197 512 1000
18220424 513 1000
18237616 514 1000
18249040 515 1000
18256568 516 1000
18263657 517 1000
18278488 518 1000
18293672 519 1000
18303194 520 1000
18314908 521 1000
18327295 522 1000
18336734 523 1000
18351111 524 1000
18363143 525 1000
18370416 526 1000
18381373 527 1000
18400247 528 1000
18406823 529 1000
18414343 530 1000
18422703 531 1000
18432510 532 1000
18440367 533 1000
18447015 534 1000
18456117 535 1000
18460480 536 1000
18469473 537 1000
18479546 538 1000
18487926 539 1000
18499135 540 1000
18507827 541 1000
18515526 542 1000
18525789 543 1000
18533116 544 1000
18546014 545 1000
18557824 546 1000
18574418 547 1000
18588050 548 1000
18596921 549 1000
18615430 550 1000
18623780 551 1000
18636841 552 1000
18645628 553 1000
18656069 554 1000
18664036 555 1000
18670301 556 1000
18679389 557 1000
18687763 558 1000
18695235 559 1000
18705697 560 1000
18713596 561 1000
18725833 562 1000
18738875 563 1000
18748692 564 1000
18754912 565 1000
18764183 566 1000
18771941 567 1000
18784492 568 1000
18792328 569 1000
18801537 570 1000
18813095 571 1000
18822228 572 1000
18833369 573 1000
18841170 574 1000
18850394 575 1000
18861095 576 1000
18869604 577 1000
18877707 578 1000
18888829 579 1000
18896332 580 1000
18908708 581 1000
18918076 582 1000
18926532 583 1000
18935785 584 1000
18944087 585 1000
18952648 586 1000
18964379 587 1000
18976194 588 1000
18988239 589 1000
18998500 590 1000
19008615 591 1000
19017810 592 1000
19027607 593 1000
19034348 594 1000
19049017 595 1000
19057913 596 1000
19064633 597 1000
19079749 598 1000
19088627 599 1000
19098367 600 1000
19111311 601 1000
19119456 602 1000
19129027 603 1000
19136252 604 1000
19145516 605 1000
19156417 606 1000
19166686 607 1000
19173755 608 1000
19179791 609 1000
19192622 610 1000
19201639 611 1000
19207230 612 1000
19216511 613 1000
19226496 614 1000
19239032 615 1000
19246880 616 1000
19257047 617 1000
19269120 618 1000
19281517 619 1000
19290716 620 1000
19303386 621 1000
19312900 622 1000
19322568 623 1000
19331380 624 1000
19341636 625 1000
19348999 626 1000
19355883 627 1000
19366734 628 1000
19379448 629 1000
19385792 630 1000
19395595 631 1000
19404430 632 1000
19421082 633 1000
19437225 634 1000
19452421 635 1000
19465381 636 1000
19477182 637 1000
19489382 638 1000
19498425 639 1000
19520664 640 1000
19532301 641 1000
19550911 642 1000
19560143 643 1000
19575675 644 1000
19592262 645 1000
19602216 646 1000
19609754 647 1000
19623285 648 1000
19636471 649 1000
19643162 650 1000
19652714 651 1000
19660286 652 1000
19668454 653 1000
19673666 654 1000
19685124 655 1000
19696458 656 1000
19710439 657 1000
19726548 658 1000
19740698 659 1000
19749822 660 1000
19764593 661 1000
19776469 662 1000
19787317 663 1000
19795427 664 1000
19812127 665 1000
19819792 666 1000
19833708 667 1000
19844519 668 1000
19857800 669 1000
19868978 670 1000
19880236 671 1000
19889044 672 1000
19900278 673 1000
19910467 674 1000
19921097 675 1000
19933850 676 1000
19950848 677 1000
19960841 678 1000
19970598 679 1000
19978717 680 1000
19989682 681 1000
19997871 682 1000
20006289 683 1000
20015267 684 1000
20026981 685 1000
20039232 686 1000
20049044 687 1000
20056685 688 1000
20069089 689 1000
20077511 690 1000
20091274 691 1000
20101898 692 1000
20110593 693 1000
20118861 694 1000
20127291 695 1000
20136610 696 1000
20147916 697 1000
20158289 698 1000
20168713 699 1000
20176885 700 1000
20187924 701 1000
20200980 702 1000
20209985 703 1000
20221310 704 1000
20234870 705 1000
20246332 706 1000
20257561 707 1000
20265170 708 1000
20278794 709 1000
20290020 710 1000
20308665 711 1000
20320653 712 1000
20335225 713 1000
20341675 714 1000
20351648 715 1000
20361479 716 1000
20378282 717 1000
20387346 718 1000
20401566 719 1000
20417037 720 1000
20425866 721 1000
20435573 722 1000
20448599 723 1000
20456752 724 1000
20465812 725 1000
20479360 726 1000
20488873 727 1000
20497368 728 1000
20510183 729 1000
20523894 730 1000
20538291 731 1000
20546632 732 1000
20557550 733 1000
20572996 734 1000
20581874 735 1000
20588571 736 1000
20600357 737 1000
20614122 738 1000
20624051 739 1000
20639544 740 1000
20651007 741 1000
20657712 742 1000
20667236 743 1000
20683672 744 1000
20692489 745 1000
20701718 746 1000
20708220 747 1000
20720543 748 1000
20731867 749 1000
20745869 750 1000
20757735 751 1000
20766667 752 1000
20778428 753 1000
20790460 754 1000
20804662 755 1000
20819481 756 1000
20832490 757 1000
20851142 758 1000
20867135 759 1000
20887803 760 1000
20901045 761 1000
20918042 762 1000
20938941 763 1000
20957089 764 1000
20971626 765 1000
20986833 766 1000
21006624 767 1000
21020569 768 1000
21036106 769 1000
21050315 770 1000
21062751 771 1000
21087370 772 1000
21094835 773 1000
21109101 774 1000
21119543 775 1000
21130222 776 1000
21141519 777 1000
21155047 778 1000
21170019 779 1000
21197492 780 1000
21208132 781 1000
21223302 782 1000
21236029 783 1000
21248217 784 1000
21265989 785 1000
21282802 786 1000
21293864 787 1000
21311585 788 1000
21321956 789 1000
21339417 790 1000
21349095 791 1000
21360895 792 1000
21378049 793 1000
21387548 794 1000
21402734 795 1000
21416290 796 1000
21424802 797 1000
21436766 798 1000
21446971 799 1000
21458426 800 1000
21472152 801 1000
21479655 802 1000
21491585 803 1000
21503779 804 1000
21515570 805 1000
21523979 806 1000
21540907 807 1000
21548983 808 1000
21558713 809 1000
21570890 810 1000
21587761 811 1000
21602970 812 1000
21615728 813 1000
21629586 814 1000
21646452 815 1000
21654483 816 1000
21667358 817 1000
21690380 818 1000
21702543 819 1000
21715289 820 1000
21729201 821 1000
21741603 822 1000
21754577 823 1000
21765982 824 1000
21775364 825 1000
21788905 826 1000
21804478 827 1000
21822978 828 1000
21836300 829 1000
21852227 830 1000
21862277 831 1000
21871850 832 1000
21885239 833 1000
21899715 834 1000
21907725 835 1000
21925401 836 1000
21934308 837 1000
21949831 838 1000
21969100 839 1000
21990542 840 1000
22002181 841 1000
22018665 842 1000
22035155 843 1000
22050857 844 1000
22069845 845 1000
22092540 846 1000
22106690 847 1000
22120086 848 1000
22137581 849 1000
22158736 850 1000
22181901 851 1000
22190335 852 1000
22204280 853 1000
22216159 854 1000
22231929 855 1000
22247906 856 1000
22258992 857 1000
22279844 858 1000
22299205 859 1000
22316439 860 1000
22338269 861 1000
22362370 862 1000
22375874 863 1000
22388355 864 1000
22412812 865 1000
22426748 866 1000
22444013 867 1000
22456667 868 1000
22473807 869 1000
22497126 870 1000
22517458 871 1000
22540597 872 1000
22563582 873 1000
22582658 874 1000
22604932 875 1000
22622776 876 1000
22641024 877 1000
22654972 878 1000
22687694 879 1000
22708631 880 1000
22738272 881 1000
22759839 882 1000
22782102 883 1000
22798899 884 1000
22812274 885 1000
22827129 886 1000
22838685 887 1000
22861744 888 1000
22882179 889 1000
22903097 890 1000
22922191 891 1000
22943066 892 1000
22976279 893 1000
23007941 894 1000
23028040 895 1000
23043471 896 1000
23061545 897 1000
23083850 898 1000
23105424 899 1000
23131395 900 1000
23151823 901 1000
23178818 902 1000
23218913 903 1000
23241778 904 1000
23262868 905 1000
23286471 906 1000
23312330 907 1000
23341761 908 1000
23376484 909 1000
23404852 910 1000
23426748 911 1000
23452052 912 1000
23471614 913 1000
23488156 914 1000
23504055 915 1000
23523624 916 1000
23547190 917 1000
23575726 918 1000
23605820 919 1000
23632991 920 1000
23653144 921 1000
23673352 922 1000
23703379 923 1000
23727733 924 1000
23772811 925 1000
23823825 926 1000
23852158 927 1000
23876574 928 1000
23904382 929 1000
23936727 930 1000
23955176 931 1000
23977298 932 1000
24001145 933 1000
24022952 934 1000
24044920 935 1000
24079874 936 1000
24124097 937 1000
24154809 938 1000
24175393 939 1000
24215447 940 1000
24239406 941 1000
24266281 942 1000
24286716 943 1000
24326981 944 1000
24360272 945 1000
24401702 946 1000
24442709 947 1000
24474656 948 1000
24508510 949 1000
24532380 950 1000
24557571 951 1000
24611399 952 1000
24647787 953 1000
24690620 954 1000
24740027 955 1000
24767749 956 1000
24802802 957 1000
24849446 958 1000
24907686 959 1000
24942809 960 1000
24993830 961 1000
25025306 962 1000
25074036 963 1000
25112878 964 1000
25155650 965 1000
25203954 966 1000
25259313 967 1000
25304917 968 1000
25349947 969 1000
25397550 970 1000
25427770 971 1000
25466297 972 1000
25497434 973 1000
25550201 974 1000
25599742 975 1000
25670401 976 1000
25757650 977 1000
25803155 978 1000
25875219 979 1000
25929253 980 1000
26045120 981 1000
26147668 982 1000
26203350 983 1000
26246389 984 1000
26293725 985 1000
26373816 986 1000
26498303 987 1000
26626604 988 1000
26673001 989 1000
26753228 990 1000
26832806 991 1000
26918568 992 1000
26991181 993 1000
27048433 994 1000
27120025 995 1000
27206578 996 1000
27318095 997 1000
27407154 998 1000
27501021 999 1000
